              -3390.1582129154
         -0.000152338      -0.000007486      -0.000016823
         -0.000007486      -0.000185924      -0.000021421
         -0.000016824      -0.000021421      -0.000113808
          64
  1     6      -0.006619725      -0.005973754       0.012357964  C
  1     6       0.013735377      -0.015456712      -0.001911819  C
  2    40       0.005400294      -0.002646433      -0.010851255  Zr
  1     6      -0.021007561       0.142552725      -0.018774144  C
  2    40      -0.026354850      -0.190795221      -0.062771292  Zr
  2    40      -0.020106925       0.040389573       0.001106085  Zr
  1     6       0.009215768       0.000606550       0.015983209  C
  2    40       0.061474169      -0.008748153       0.008718893  Zr
  1     6      -0.078607687       0.000760606       0.007217772  C
  1     6       0.018287374       0.016286181       0.005648436  C
  2    40      -0.031270420      -0.006441151      -0.018148236  Zr
  1     6      -0.001431863       0.017565353       0.003044428  C
  2    40       0.005375479      -0.000932781      -0.006586847  Zr
  2    40       0.012169871       0.005352768       0.016700379  Zr
  1     6       0.000598014      -0.008559292       0.007255824  C
  2    40      -0.017376127       0.036151237       0.019096030  Zr
  2    40      -0.003854280      -0.006014025       0.000010835  Zr
  1     6      -0.008300608       0.034641153       0.013676660  C
  2    40      -0.036803255      -0.031155423      -0.030292474  Zr
  1     6      -0.041822837       0.016039716      -0.048936281  C
  1     6       0.006015193       0.008892445      -0.002527780  C
  2    40       0.021278788       0.009065030       0.026864645  Zr
  1     6      -0.016989277      -0.004277323      -0.014075978  C
  2    40       0.085474105      -0.014873065      -0.041331347  Zr
  2    40      -0.009587485      -0.007801597       0.005926358  Zr
  1     6       0.000847898       0.001324385      -0.012352684  C
  2    40       0.002760420       0.000481358       0.001011708  Zr
  1     6      -0.009610679      -0.009233938       0.007281332  C
  1     6      -0.004858550      -0.005484840       0.013470767  C
  2    40       0.010267367      -0.005280117       0.008102953  Zr
  1     6       0.006530949      -0.001127861       0.026821067  C
  2    40       0.028281939      -0.004298674       0.008097263  Zr
  1     6       0.017992914       0.008376446      -0.003939010  C
  2    40      -0.006924940      -0.015826548      -0.017070574  Zr
  1     6       0.026376656      -0.003569649       0.017024159  C
  2    40       0.024880839       0.020561639       0.017116102  Zr
  2    40      -0.006972314       0.003257189       0.008389566  Zr
  1     6       0.001367208       0.003980090       0.011585548  C
  2    40       0.018188460       0.038670381       0.053848813  Zr
  1     6       0.020337055      -0.027302392       0.002737763  C
  1     6      -0.013763732       0.027979053      -0.003428450  C
  2    40       0.039701664      -0.013178509      -0.017204934  Zr
  1     6      -0.003203389       0.013300211      -0.010264447  C
  2    40      -0.017523357      -0.027119000       0.005658091  Zr
  2    40       0.018059689      -0.007295312       0.005034089  Zr
  1     6      -0.016332086       0.000155891       0.019586436  C
  2    40       0.006569967       0.001999472      -0.004889578  Zr
  1     6      -0.004144837      -0.012112132       0.003163601  C
  2    40       0.002555474      -0.003190879      -0.013252994  Zr
  1     6      -0.002352712      -0.006033086       0.005963793  C
  2    40      -0.014957712       0.026000179      -0.009690356  Zr
  1     6       0.013696156      -0.011465463      -0.008733554  C
  1     6       0.005579515      -0.002684856       0.005471051  C
  2    40      -0.024508303      -0.009557305       0.001576570  Zr
  1     6      -0.015413544      -0.009122964       0.007847775  C
  2    40      -0.015508946      -0.010456713       0.021317688  Zr
  2    40       0.013810407      -0.007986550      -0.012585497  Zr
  1     6      -0.004000554      -0.009477501      -0.007667771  C
  2    40      -0.008223637      -0.007698361       0.016564704  Zr
  1     6      -0.002225978       0.001342464       0.000648962  C
  1     6      -0.020299834       0.018883547      -0.011551819  C
  2    40       0.025473035      -0.014379517      -0.013350643  Zr
  1     6      -0.010469206       0.027201486      -0.014420151  C
  2    40      -0.000064662       0.005838373       0.005660169  Zr
