              -3390.1327011906
         -0.000178254      -0.000012866       0.000006046
         -0.000012866      -0.000287889       0.000005530
          0.000006046       0.000005530      -0.000183615
          64
  1     6      -0.042230146      -0.003034332       0.004941731  C
  1     6       0.017365372      -0.015569345      -0.004052178  C
  2    40      -0.013664490       0.037909009       0.046310767  Zr
  1     6      -0.014900557      -0.008495607       0.016895660  C
  2    40       0.018626594       0.047206255       0.027516602  Zr
  2    40      -0.019103788      -0.058450182      -0.017707796  Zr
  1     6       0.025083851      -0.000453670      -0.026752951  C
  2    40      -0.014218757      -0.042779598      -0.043554773  Zr
  1     6       0.012801640       0.088267760       0.007118860  C
  1     6      -0.003649990       0.010031818      -0.013105971  C
  2    40      -0.029107829      -0.016238744       0.004639146  Zr
  1     6      -0.015594742       0.004942428      -0.010872695  C
  2    40       0.020249739      -0.015133397       0.039072919  Zr
  2    40       0.054347891      -0.014013786       0.003632658  Zr
  1     6      -0.017935590       0.007730387       0.004132788  C
  2    40       0.020566807       0.008586507       0.007987715  Zr
  2    40      -0.030853208      -0.011667173       0.030839033  Zr
  1     6       0.012303578       0.006398817       0.019380643  C
  2    40      -0.006748172      -0.017552109      -0.021725302  Zr
  1     6      -0.000204151       0.039247587       0.026758187  C
  1     6       0.004310430       0.049541893      -0.027378647  C
  2    40      -0.002953929      -0.045126326       0.005484587  Zr
  1     6       0.000640121       0.090047612      -0.018982631  C
  2    40       0.007571723      -0.104604524      -0.034783244  Zr
  2    40       0.027601105      -0.041046108       0.007627999  Zr
  1     6       0.028242439       0.007522206       0.002643218  C
  2    40      -0.029287213       0.012505360       0.001166252  Zr
  1     6      -0.040720194       0.036598819      -0.011247373  C
  1     6       0.011616954      -0.021947294       0.017243061  C
  2    40       0.005849568       0.010172363      -0.037035081  Zr
  1     6       0.011488854      -0.031783147      -0.010283301  C
  2    40       0.020396422      -0.009858566      -0.000980903  Zr
  1     6      -0.021044765      -0.012178656      -0.019225691  C
  2    40      -0.016226940      -0.023058507      -0.017052763  Zr
  1     6      -0.025088969      -0.007430112       0.032310695  C
  2    40       0.002062878       0.038321603       0.034715097  Zr
  2    40       0.013421456      -0.056416264      -0.026033650  Zr
  1     6       0.005360509       0.010654160      -0.022828462  C
  2    40      -0.009180291      -0.009257590      -0.003201140  Zr
  1     6       0.008081152       0.036592651       0.002958055  C
  1     6       0.004741102       0.006467804       0.003385160  C
  2    40      -0.032828730       0.024283356       0.036202224  Zr
  1     6       0.021081193       0.000363161       0.070601670  C
  2    40      -0.022056649      -0.007226686      -0.008403233  Zr
  2    40      -0.028157631       0.001634519       0.021529629  Zr
  1     6      -0.011420231      -0.001115006      -0.017492003  C
  2    40      -0.007200399      -0.001736568      -0.070551709  Zr
  1     6      -0.024590265      -0.020169555      -0.020632853  C
  2    40       0.012292884       0.014145720       0.008682785  Zr
  1     6      -0.014338719      -0.006179727       0.006290785  C
  2    40       0.036308334      -0.002961086       0.013317321  Zr
  1     6      -0.000773293       0.007250903       0.003104925  C
  1     6       0.003612654       0.009018429       0.002839159  C
  2    40      -0.007514806       0.010467330      -0.027442129  Zr
  1     6       0.001499126       0.000383408       0.014351907  C
  2    40       0.015123128      -0.010734395       0.004461581  Zr
  2    40      -0.010770867      -0.024749067       0.019749342  Zr
  1     6       0.035738895      -0.019935040       0.012511128  C
  2    40       0.013336390       0.024870097       0.001151837  Zr
  1     6      -0.017269680      -0.009433018       0.028993256  C
  1     6      -0.003773439      -0.007409335       0.013686999  C
  2    40      -0.003512805       0.000979472       0.003079273  Zr
  1     6       0.004136173       0.009951019      -0.029433465  C
  2    40       0.060558240       0.024364109      -0.065787858  Zr
