              -3389.9889883337
         -0.000160596      -0.000017903       0.000013176
         -0.000017903      -0.000218330       0.000011279
          0.000013176       0.000011279      -0.000225450
          64
  1     6       0.008914237      -0.016172973      -0.027005787  C
  1     6       0.007940508      -0.025054786      -0.004899552  C
  2    40      -0.018734209       0.026462114       0.008146370  Zr
  1     6       0.021005442       0.168830638       0.096018805  C
  2    40       0.049515031      -0.160320655       0.024561006  Zr
  2    40      -0.003167853      -0.034693414       0.030903764  Zr
  1     6       0.010431176      -0.028860732      -0.007920762  C
  2    40      -0.027358446       0.067867819      -0.141541744  Zr
  1     6      -0.032161884       0.061881809       0.094100740  C
  1     6       0.002846996      -0.012889235      -0.011897839  C
  2    40       0.024400286      -0.000508840       0.012945382  Zr
  1     6       0.006295350      -0.013449025      -0.026533762  C
  2    40      -0.022380169       0.012082304      -0.055438234  Zr
  2    40       0.011959952       0.022354143      -0.005928602  Zr
  1     6      -0.008205865      -0.009892949      -0.004378005  C
  2    40       0.005522635      -0.005664782       0.011463245  Zr
  2    40      -0.012703132       0.021325776      -0.015179409  Zr
  1     6      -0.004600348       0.043740192       0.004515701  C
  2    40       0.014091510      -0.078447885       0.043354836  Zr
  1     6      -0.012925876      -0.092101979       0.008470010  C
  1     6       0.009590246      -0.073827429       0.004652360  C
  2    40      -0.007769329       0.010346823      -0.024396008  Zr
  1     6      -0.169402174       0.055395022      -0.048293072  C
  2    40       0.012829072       0.151445234       0.176407656  Zr
  2    40       0.002679364      -0.052469784      -0.049468719  Zr
  1     6      -0.012187210       0.000319860       0.010242476  C
  2    40      -0.000616271      -0.006091653       0.002883520  Zr
  1     6       0.004783621      -0.003287855      -0.054724441  C
  1     6      -0.006835441       0.004973006      -0.003492223  C
  2    40       0.012557273       0.007985245      -0.003304940  Zr
  1     6       0.008586465      -0.010452216       0.012646817  C
  2    40      -0.003210283       0.004303812      -0.006719033  Zr
  1     6      -0.002920223       0.009324089       0.007940439  C
  2    40       0.012871776      -0.007600723       0.000049937  Zr
  1     6       0.011888167       0.002721196      -0.000502369  C
  2    40      -0.015481266       0.014651169      -0.019381121  Zr
  2    40      -0.000345725      -0.005441227      -0.023436477  Zr
  1     6       0.008846024      -0.001002266      -0.000071848  C
  2    40       0.100900693      -0.007699186      -0.007955663  Zr
  1     6       0.022936430      -0.019289951      -0.008717142  C
  1     6       0.010521007       0.030910011       0.021579170  C
  2    40       0.001887867      -0.013128286      -0.007301209  Zr
  1     6       0.009659427       0.016706907      -0.003918543  C
  2    40       0.020688866      -0.026882018      -0.016547277  Zr
  2    40       0.006415578      -0.011718568      -0.009527656  Zr
  1     6      -0.008527658      -0.000843689       0.011126294  C
  2    40      -0.006863142       0.005284365      -0.008733719  Zr
  1     6      -0.003344600       0.002387198      -0.000502722  C
  2    40      -0.000888169      -0.005159367       0.004414397  Zr
  1     6      -0.009850636      -0.009683372      -0.017158194  C
  2    40      -0.031437260       0.014388946       0.003913119  Zr
  1     6      -0.006216729      -0.001978115      -0.002805226  C
  1     6      -0.001618280       0.002354817      -0.002135489  C
  2    40       0.001443192       0.010055503       0.022897290  Zr
  1     6       0.037761462      -0.006237555       0.002057574  C
  2    40      -0.019884869      -0.016961364      -0.018933690  Zr
  2    40      -0.004392251      -0.007264756       0.009102974  Zr
  1     6      -0.010676264      -0.019103188      -0.006265496  C
  2    40       0.001943140       0.001414930       0.004259012  Zr
  1     6       0.001907753       0.000979664       0.005015588  C
  1     6      -0.020853502       0.016659973      -0.019000347  C
  2    40       0.011647553       0.008847866       0.019647671  Zr
  1     6       0.004043266      -0.006474174      -0.001979114  C
  2    40       0.007004210      -0.004833600       0.013252295  Zr
