909257386
1.3362065979893464895411625548149459064006805419921875
0.5077383626199469812689812897588126361370086669921875
2.738134781867767930663148945313878357410430908203125
3.038887501770714205662216045311652123928070068359375
0.28312286007474007920592384834890253841876983642578125
2.086228039936600442416647638310678303241729736328125
5.09097745011902613754273261292837560176849365234375
3.0147483762498712422939206589944660663604736328125
0.65628901543891127179364275434636510908603668212890625
1.46517041620843269100760153378359973430633544921875
5.857240407528166770134703256189823150634765625
0.88076688372547773386855851640575565397739410400390625
4.00755342031573302818969750660471618175506591796875
1.018366345396501504438901974936015903949737548828125
5.1833702240263672678111106506548821926116943359375
4.62261934121234130401489892392419278621673583984375
3.533571678765982770897835507639683783054351806640625
6.22110268772060504005594339105300605297088623046875
4.17603754324738662973004466039128601551055908203125
0.52673968473984789095965197702753357589244842529296875
0.6531815872613011553227124750264920294284820556640625
6.18001367839768445122672346769832074642181396484375
3.090082439879291431594765526824630796909332275390625
5.8505232699541149798960759653709828853607177734375
3.589559233051588638119255847414024174213409423828125
4.91952721689612371136490764911286532878875732421875
2.530386028416086841019705389044247567653656005859375
5.93847946683464744666025580954737961292266845703125
3.84438125533056762606065603904426097869873046875
4.4839599749127518890645660576410591602325439453125
4.774042816962538182679054443724453449249267578125
2.980957698446812020875995585811324417591094970703125
1.67056641995738086592382387607358396053314208984375
2.012950350510598784836702179745770990848541259765625
5.89567997273289901016823932877741754055023193359375
4.02257906360105810250615832046605646610260009765625
5.1526577628527316932149915373884141445159912109375
6.00983530030036394720127645996399223804473876953125
0.547798890794624515621080718119628727436065673828125
5.70592635805022485584458991070277988910675048828125
0.32649635056535319943549211529898457229137420654296875
1.017787158574294803514703744440339505672454833984375
3.859377075567949066936535018612630665302276611328125
3.111636530639095621353362730587832629680633544921875
1.3467418376400905888345960192964412271976470947265625
4.16513920732961562265472821309231221675872802734375
4.13580521875110473928316423553042113780975341796875
1.862028547405313094742496105027385056018829345703125
3.78178668609217094598307085107080638408660888671875
5.36979029898741710979948038584552705287933349609375
0.13148363316635858222269916950608603656291961669921875
3.65995761881926995329195051454007625579833984375
0.74540619873554458951758761031669564545154571533203125
0.9605109928994395307455533838947303593158721923828125
2.6805955805966021898711915127933025360107421875
5.4305632163022181657652254216372966766357421875
4.72552032589601278544932938530109822750091552734375
5.86397431599506813171274188789539039134979248046875
0.83824639735961847808454194819205440580844879150390625
3.72228512651080478690346353687345981597900390625
4.0048367463343392813612808822654187679290771484375
2.02258758960233731016842284589074552059173583984375
2.467150633765173406430903924047015607357025146484375
1.38064300086809321754799384507350623607635498046875
1.4764097319977260713841360484366305172443389892578125
3.360033378682413474081158710760064423084259033203125
3.5764320595181491313496735529042780399322509765625
0.60884945825733793878242749997298233211040496826171875
4.1234133107696440134759541251696646213531494140625
5.6150433507096995100482672569341957569122314453125
1.95261250503227756780688650906085968017578125
3.527915522528201730523278456530533730983734130859375
4.92758633603675644252462006988935172557830810546875
2.6966596265405780030732785235159099102020263671875
5.801130079305760745000952738337218761444091796875
1.6676356683960842364200516385608352720737457275390625
1.73999848396596501487465502577833831310272216796875
5.38023819072554321252255249419249594211578369140625
1.2916540920802355163488073230837471783161163330078125
4.1729011375884823564774706028401851654052734375
0.94494388852331023809227872334304265677928924560546875
4.37595719216788214822599911713041365146636962890625
1.9865549079209070537643810894223861396312713623046875
2.56002890629515267306715031736530363559722900390625
0.27098180450783326822516983156674541532993316650390625
0.347606507130960140639075461876927874982357025146484375
0.3711229152392589991649174407939426600933074951171875
2.6185418375425637549369639600627124309539794921875
0.701041265256594048338456559577025473117828369140625
4.7813566875982278503443012596108019351959228515625
5.45096091420868678056876888149417936801910400390625
3.74176756727661707913057398400269448757171630859375
3.856030313992733216110764260520227253437042236328125
5.11492321590579113177454928518272936344146728515625
3.316516346669959869331023583072237670421600341796875
1.63256293015092968090584690799005329608917236328125
4.25438826683933246641799996723420917987823486328125
2.499650883234729281667796385590918362140655517578125
4.710141475669868071918244822882115840911865234375
6.06772609345078972609144329908303916454315185546875
0.66838144360889606421238795519457198679447174072265625
0.9215322867919752969356750327278859913349151611328125
4.00766932731507541376458902959711849689483642578125
0.055028313050006945339465147526425425894558429718017578125
2.57209028549184370859848058898933231830596923828125
4.927696637134022950021972064860165119171142578125
5.00219205371670927462446343270130455493927001953125
2.64763999494934676448565369355492293834686279296875
5.22509935948696391250223314273171126842498779296875
1.439536170856574148757545117405243217945098876953125
4.48401695849773762603263094206340610980987548828125
0.2367053354985209079330843451316468417644500732421875
2.797433923326315241553174928412772715091705322265625
2.412977797171472982284967656596563756465911865234375
1.5128507111889673009130774516961537301540374755859375
6.2055133762480476633527359808795154094696044921875
2.329665885352339760316908723325468599796295166015625
3.220736516571854668455898718093521893024444580078125
4.38393448444872557701046389411203563213348388671875
4.76286050523908333076406051986850798130035400390625
1.8289645273442596273838489651097916066646575927734375
2.412705366715263810561964419321157038211822509765625
5.79365074093207343963740640901960432529449462890625
3.12300834584457476239549578167498111724853515625
0.256537966668074879361682860690052621066570281982421875
0.71080989779845094034271824057213962078094482421875
1.351458317708652767663579652435146272182464599609375
0.91258954757704568994114424640429206192493438720703125
3.6838714578818940736937292967922985553741455078125
5.37328234003115046135690135997720062732696533203125
5.5230859324449443903404244338162243366241455078125
1.0947690209428884156039885056088678538799285888671875
6.139470776393384454650004045106470584869384765625
1.6237164246130253442146340603358112275600433349609375
1.3080850671366042181631428320542909204959869384765625
4.9130594278568420207875533378683030605316162109375
3.5107634663735414193297401652671396732330322265625
3.685020878467668126177159138023853302001953125
6.1029248533108795271573399077169597148895263671875
1.473608401872978479474340929300524294376373291015625
5.087388441013391826572842546738684177398681640625
4.8168324422189296996066332212649285793304443359375
3.131933538820073525954512660973705351352691650390625
4.3045536968311761683025906677357852458953857421875
2.771804031618657848667908183415420353412628173828125
5.72934186284699276114906751899980008602142333984375
2.4070758472898514668258940218947827816009521484375
3.581271176009213075275283699738793075084686279296875
4.8564311213046238435708801262080669403076171875
0.2203959757478355374615830442053265869617462158203125
5.30837923047434667722654921817593276500701904296875
3.018380485847927285902869698475115001201629638671875
6.176034895250946732403463101945817470550537109375
5.5571863041535021210393097135238349437713623046875
0.9450599827761660964853263067197985947132110595703125
6.0720519626891071851559900096617639064788818359375
2.93202770569790960308864669059403240680694580078125
6.18810987958576586009940001531504094600677490234375
4.05193579177817664316307855187915265560150146484375
0.313395635368277691856775390988332219421863555908203125
1.3209437074275951484736424390575848519802093505859375
2.552259184534599878446670118137262761592864990234375
0.30047777907931438878819108140305615961551666259765625
5.991380875474845879580243490636348724365234375
5.05533266409188630774451667093671858310699462890625
5.038239788825165987873333506286144256591796875
5.06204695482735811395968994474969804286956787109375
0.333298685562447627450666232107323594391345977783203125
2.1936510331370158155550598166882991790771484375
4.66748569278845781838072070968337357044219970703125
0.35490909281659355212212858532438986003398895263671875
2.887974139702739417856491854763589799404144287109375
2.778866157459764618664621593779884278774261474609375
3.067712743032485978034173967898823320865631103515625
0.71919169277960992570086773412185721099376678466796875
1.088171169708939345355247496627271175384521484375
3.140660576616033150543216834194026887416839599609375
5.76815495785048693022645238670520484447479248046875
3.49077541771318777819033130072057247161865234375
2.314861953153449558584497935953550040721893310546875
5.40494208162217670832205840270034968852996826171875
0.06026406759379789035424579424216062761843204498291015625
2.843351413725871079662965712486766278743743896484375
2.855514983602002399010189037653617560863494873046875
0.000862442872194965821398826566479556277045048773288726806640625
1.8925281657019044079248715206631459295749664306640625
5.69616772894218659217813183204270899295806884765625
3.64270833712912800450567374355159699916839599609375
1.2902157217673122513446060111164115369319915771484375
2.739465232714056508456224037217907607555389404296875
3.808344155636540495635244951699860394001007080078125
4.049542817679963491173111833631992340087890625
0.90978928697751337839605412227683700621128082275390625
0.95249636655323965950259434976032935082912445068359375
0.84811522897710800439341483070165850222110748291015625
0.08566013913865207218822916956924018450081348419189453125
0.63018386560966443976639084212365560233592987060546875
0.273882305377108170585387370010721497237682342529296875
0.07593516543318291900366290292367921210825443267822265625
0.016928392935976567523770341949784778989851474761962890625
0.1079042628909946677229214628823683597147464752197265625
0.1867135382195531934090837467010715045034885406494140625
0.238394631183889982306567389969131909310817718505859375
0.44163350222708352976752621543710120022296905517578125
0.6887068020592941319790725174243561923503875732421875
0.6730990133588663493213744004606269299983978271484375
0.6525961131102386847402385683380998671054840087890625
0.037622878811146544253407597580007859505712985992431640625
0.81652178979316814011468750322819687426090240478515625
0.99817308597181597651371021129307337105274200439453125
0.47377321332403143916423005066462792456150054931640625
0.70969742103931376941972075655939988791942596435546875
0.415866729997036388422060326774953864514827728271484375
0.9142113062153622848882150719873607158660888671875
0.4633918332231192760417570752906613051891326904296875
0.59625353691924998233986343620927073061466217041015625
0.16432881362937801217327660197042860090732574462890625
0.503504860449351721030097905895672738552093505859375
0.92314547902119603595139096796629019081592559814453125
0.040545382090166857957935775402802391909062862396240234375
0.10721640060991811937984863334349938668310642242431640625
0.436811274120961934297469042576267383992671966552734375
0.449357114475852414958723102245130576193332672119140625
0.322197913342247677093155289185233414173126220703125
0.4645533982964946684290907796821556985378265380859375
0.93051592210797406945488319252035580575466156005859375
0.404204223493209224837841020416817627847194671630859375
0.04228369008856065758283904187919688411056995391845703125
0.6237930686323871487530823287670500576496124267578125
0.311872848920464906807836769075947813689708709716796875
0.8876346949896005700253454051562584936618804931640625
0.65848099750395905349620306878932751715183258056640625
0.691093460978517981629920541308820247650146484375
0.454686953432246576678465999066247604787349700927734375
0.107124220164084904549639531978755258023738861083984375
0.2260912196832202403218303743415162898600101470947265625
0.208876730505785312974609269076609052717685699462890625
0.9741531344941598558051509826327674090862274169921875
0.1373366472019519057834457953504170291125774383544921875
0.9241127487849969401878524877247400581836700439453125
0.616722046684810010219734976999461650848388671875
0.54021665711897270956143302100826986134052276611328125
0.4948420126432748755718193933716975152492523193359375
0.8409972241339260801140653711627237498760223388671875
0.5389953430457949945520113033126108348369598388671875
0.205819982665507106300850637126131914556026458740234375
0.060996458428444554067393568175248219631612300872802734375
0.47859354618871285946823945778305642306804656982421875
0.02628683765711581354906911656144075095653533935546875
0.366328858475353957846465391412493772804737091064453125
0.42851283467771150714753503052634187042713165283203125
0.347751678595203783661560237305820919573307037353515625
0.255322571962756372787595182671793736517429351806640625
0.295623410165134548055476670924690552055835723876953125
0.61825586092577122787616872301441617310047149658203125
0.9945492651288161400913168108672834932804107666015625
0.0743648289117798400038594763827859424054622650146484375
0.255904177322939130334589208359830081462860107421875
0.11726626852399961442596776350910658948123455047607421875
0.6878419228307166566338537450064904987812042236328125
0.249771474045594910062817461948725394904613494873046875
0.0828916486738676405732206831089570187032222747802734375
0.75796288613135132106179980837623588740825653076171875
0.06285785141534072639757368960999883711338043212890625
0.494765694017878565613699493042076937854290008544921875
0.917660782075329084506165600032545626163482666015625
0.021606787583607615921277300685687805525958538055419921875
0.560668093879086892883378823171369731426239013671875
0.58731727329423522032669779946445487439632415771484375
0.6695885791767335337709710074705071747303009033203125
0.07602766206303036844449394493494764901697635650634765625
0.44055104136492639899103096468024887144565582275390625
0.1989037651563546338362442611469305120408535003662109375
0.7195993329955261419428325098124332726001739501953125
0.79335662014473073977427475256263278424739837646484375
0.9724316452501489127513423227355815470218658447265625
0.3011031608568053297148026103968732059001922607421875
0.353896026198703805842882275101146660745143890380859375
0.6168084887865969978548719154787249863147735595703125
0.84331577077662378538747134371078573167324066162109375
0.845940587504739216484495045733638107776641845703125
0.03485271103440444606658132897791801951825618743896484375
0.0263890121255018796075919595978120923973619937896728515625
0.1444767346347108072368570219623507000505924224853515625
0.4518123084920515619700154275051318109035491943359375
0.81927941963974360017886056084535084664821624755859375
0.478203157651332755317952205587062053382396697998046875
0.67823246199555342617060205157031305134296417236328125
0.95628567969253552849551169856567867100238800048828125
0.9932769569537029941130867882748134434223175048828125
0.80527305035166119040468402090482413768768310546875
0.79277039309626928798024891875684261322021484375
0.0210318956622071069617607719237639685161411762237548828125
0.16544225773096188358834979226230643689632415771484375
0.563420296443356338755847900756634771823883056640625
0.74941456725327981747142302992870099842548370361328125
0.76973458042821596425397956409142352640628814697265625
0.276908258105119819969530681191827170550823211669921875
0.379788083201175574732388895426993258297443389892578125
0.40982987797345493685696737884427420794963836669921875
0.2354503070169362832775306060284492559731006622314453125
0.3594403627139703960580163766280747950077056884765625
0.4889397581522072488979802074027247726917266845703125
0.39076038747595642774967927834950387477874755859375
0.43550461923494221405661619428428821265697479248046875
0.194867736285025128228909352401387877762317657470703125
0.34974594616784993039715345730655826628208160400390625
0.34715387986374734996530833086580969393253326416015625
0.1343045477449449354168109493912197649478912353515625
0.00861822581319987048031894261157503933645784854888916015625
0.5213541656366336152217400012887082993984222412109375
0.10708572720507426867531108882758417166769504547119140625
0.54230007181982509134599013123079203069210052490234375
0.08721233815290607704895364804542623460292816162109375
0.805378978981347248833344565355218946933746337890625
0.75368854671422791380308581210556440055370330810546875
0.726151513739559550941748966579325497150421142578125
0.7544827502008912833986187251866795122623443603515625
0.1508017336720608725375569747484405525028705596923828125
0.66031670927084828992548182213795371353626251220703125
0.52928048210650702198876160764484666287899017333984375
0.8270840220279451759921585107804276049137115478515625
0.8428225749371678343635494456975720822811126708984375
0.24980426963875268508985527660115621984004974365234375
0.68683403948640175951112496477435342967510223388671875
0.6748519668704140439530192452366463840007781982421875
0.0164552885184321949496588644024086534045636653900146484375
0.499276950722223611389694042372866533696651458740234375
0.165931679851343716336486977525055408477783203125
0.480843515359258066865777436760254204273223876953125
0.083531504535829415036829459495493210852146148681640625
0.01213994389965196256386814610550572979263961315155029296875
0.347660971036023003222226179786957800388336181640625
0.0247742901671558109211179754538534325547516345977783203125
0.91186583177739100047887177424854598939418792724609375
0.0847690571494256472906414501267136074602603912353515625
0.54027544499387747389818059673416428267955780029296875
0.3201727412269324002380699312197975814342498779296875
0.0860909801377407191136370556705514900386333465576171875
0.3602251426131581890643929000361822545528411865234375
0.82839950678329887789885788151877932250499725341796875
0.98111322474717777009090013962122611701488494873046875
0.81701480355906053176795467152260243892669677734375
0.403610155639988421594210876719444058835506439208984375
0.0668794634132084675481877411584719084203243255615234375
0.95425714177743403698883639663108624517917633056640625
0.11898573214140988063558523890606011264026165008544921875
0.9600939866900881636269105001701973378658294677734375
0.733019779777629221229062750353477895259857177734375
0.9651094078855166902286555341561324894428253173828125
0.66995927629524809621130998493754304945468902587890625
0.086031924507595558537786928354762494564056396484375
0.9617315437466518179832064561196602880954742431640625
0.5933327407545097020857838288065977394580841064453125
0.97618167706587433141152132520801387727260589599609375
0.82074754350853507123275676349294371902942657470703125
0.988634992851240124167588874115608632564544677734375
0.649435978219581766524015620234422385692596435546875
0.282250942328130360881033311670762486755847930908203125
0.78859627935504372775454839938902296125888824462890625
0.93749980439315538927047555262106470763683319091796875
0.499541374156037998321977511295699514448642730712890625
0.709250506343902298311832055333070456981658935546875
0.523132239711998181519447825849056243896484375
0.444503637237708859597518085138290189206600189208984375
0.08715589627956780993667251777878846041858196258544921875
0.53812011216679589420408547084662131965160369873046875
0.324697633890759951302840136122540570795536041259765625
0.579392486987352572924692140077240765094757080078125
0.54767417979784038806201351690106093883514404296875
0.8715882580129374890276494625140912830829620361328125
0.36015534650541625172337489857454784214496612548828125
0.170282490630765670491797436625347472727298736572265625
0.6658730463431556945153033666429109871387481689453125
0.062637458118906919057877757950336672365665435791015625
0.8016638391658961193542154433089308440685272216796875
0.197322745433693158556565094841062091290950775146484375
0.0566227985809663325600382677293964661657810211181640625
0.76084057323673770500960245044552721083164215087890625
0.348843536967804457304964671493507921695709228515625
0.0679966858904793303164382223258144222199916839599609375
0.319807123076080890289318858776823617517948150634765625
0.60918725450019695077941150884726084768772125244140625
0.10596845350506177430016663265632814727723598480224609375
