              -3390.0775396414
         -0.000194652       0.000001294      -0.000000589
          0.000001294      -0.000144856       0.000008652
         -0.000000589       0.000008652      -0.000179013
          64
  1     6      -0.006689345       0.000315759       0.012677717  C
  1     6       0.009806208      -0.024172198      -0.000750559  C
  2    40      -0.015260150       0.009007201      -0.005045822  Zr
  1     6      -0.045047642       0.098964298       0.083744222  C
  2    40       0.056300642       0.003467314       0.180922741  Zr
  2    40      -0.006363491       0.008684088      -0.021565675  Zr
  1     6      -0.001682606       0.012970613       0.000929771  C
  2    40       0.165877052      -0.087290753       0.017375654  Zr
  1     6       0.017623038      -0.018012965      -0.137109783  C
  1     6      -0.015678234       0.005932749       0.001928023  C
  2    40       0.000473405       0.025818140      -0.011009571  Zr
  1     6       0.002902411      -0.008323730      -0.023016160  C
  2    40       0.007051764       0.004603602      -0.002480451  Zr
  2    40       0.019797366       0.004396191      -0.004747405  Zr
  1     6       0.001516147      -0.006331311      -0.002825088  C
  2    40      -0.028556059       0.002015275      -0.017887434  Zr
  2    40      -0.003392716       0.007791207      -0.011297439  Zr
  1     6       0.005800144       0.023369368       0.003768164  C
  2    40       0.066524290       0.001108802       0.060000476  Zr
  1     6       0.002711125      -0.095985630      -0.029333206  C
  1     6       0.010245453       0.010885283       0.006310508  C
  2    40      -0.004087347       0.014107142      -0.016882319  Zr
  1     6      -0.057260540      -0.033806792      -0.042278245  C
  2    40      -0.077231316      -0.012714423       0.017561161  Zr
  2    40       0.028147340      -0.006230955      -0.002058343  Zr
  1     6      -0.004243353       0.004405288       0.009392684  C
  2    40      -0.009080757       0.005569123      -0.003804964  Zr
  1     6      -0.007653403       0.006217510       0.017473156  C
  1     6      -0.032301710       0.015703857      -0.004014873  C
  2    40       0.007723438      -0.021103128      -0.003393698  Zr
  1     6       0.002284031       0.016909381       0.005650385  C
  2    40       0.003102940      -0.002384971      -0.007949796  Zr
  1     6       0.003658022      -0.000594826       0.011634843  C
  2    40      -0.012880674      -0.003029271       0.020795505  Zr
  1     6       0.021072905      -0.000038602      -0.012997252  C
  2    40      -0.007354653      -0.000877348      -0.013976856  Zr
  2    40       0.009219216      -0.008719898      -0.000941115  Zr
  1     6       0.006266148       0.003056049      -0.021876445  C
  2    40       0.031692083       0.016416111       0.008073898  Zr
  1     6       0.016077218      -0.000330980       0.001812319  C
  1     6      -0.020821162       0.016483365       0.012414211  C
  2    40      -0.005443203      -0.005042154       0.027429032  Zr
  1     6       0.004230074       0.004205421      -0.009493607  C
  2    40       0.026856902      -0.009548128      -0.015495806  Zr
  2    40       0.029345739      -0.011348233      -0.003583107  Zr
  1     6      -0.003443140       0.008845433      -0.029342257  C
  2    40      -0.019942342      -0.012231963       0.000704375  Zr
  1     6      -0.007931043       0.006891501      -0.004549687  C
  2    40       0.001932854      -0.001255288       0.017981163  Zr
  1     6      -0.000047561      -0.006495689      -0.019167570  C
  2    40      -0.014221597       0.005465753       0.009550058  Zr
  1     6      -0.011513858       0.005476750       0.007354943  C
  1     6       0.002430532      -0.003766205      -0.012824155  C
  2    40      -0.036344869       0.038334835       0.021699884  Zr
  1     6      -0.051935731       0.000209995      -0.006224462  C
  2    40      -0.054379793      -0.002435944      -0.045080956  Zr
  2    40       0.024957555       0.010758577       0.019613474  Zr
  1     6      -0.004590753      -0.008341248      -0.020820958  C
  2    40      -0.025379664       0.003143640      -0.016890230  Zr
  1     6      -0.000989541      -0.010168420       0.007590705  C
  1     6      -0.023674108       0.001256523      -0.020944407  C
  2    40       0.002003062       0.004223254       0.030677772  Zr
  1     6       0.010874341      -0.006652212      -0.007955429  C
  2    40       0.013181992       0.001422924      -0.004685881  Zr
