              -3390.0566731271
         -0.000273292      -0.000013579      -0.000010863
         -0.000013579      -0.000165051       0.000012772
         -0.000010863       0.000012772      -0.000159631
          64
  1     6      -0.008188442      -0.013757948      -0.009613936  C
  1     6      -0.023678905       0.018528046      -0.017212800  C
  2    40       0.024961638      -0.004502012      -0.026632548  Zr
  1     6      -0.025061393       0.029827653       0.044719721  C
  2    40       0.051368366      -0.086313342       0.075411868  Zr
  2    40       0.064680915      -0.029015448       0.001461193  Zr
  1     6       0.010196442       0.006435451       0.005188578  C
  2    40      -0.106033006       0.003709622      -0.002085958  Zr
  1     6      -0.014261947       0.033814102       0.075508054  C
  1     6      -0.020061052       0.006763371      -0.009609190  C
  2    40      -0.035814927       0.031615587       0.005418140  Zr
  1     6      -0.005657017      -0.019266163      -0.006803455  C
  2    40       0.028166943       0.026012168      -0.064571326  Zr
  2    40       0.020736199       0.026578658       0.015946144  Zr
  1     6      -0.015482320       0.036313500       0.024171928  C
  2    40      -0.002784155      -0.047633149      -0.004930510  Zr
  2    40       0.016830550      -0.003997990      -0.002556498  Zr
  1     6      -0.012220474      -0.003279266       0.009197600  C
  2    40       0.046513657       0.084005961       0.060502493  Zr
  1     6       0.015956653      -0.086229110       0.003739323  C
  1     6       0.014207989      -0.014900850       0.003758084  C
  2    40       0.019680380       0.024160692      -0.019226784  Zr
  1     6      -0.059515646      -0.001129142      -0.046727946  C
  2    40      -0.077241906       0.027864690      -0.039469009  Zr
  2    40      -0.017908313      -0.025273377      -0.045721062  Zr
  1     6       0.000619643       0.002129237      -0.001233349  C
  2    40       0.020541294      -0.007147255      -0.025623339  Zr
  1     6      -0.017785362      -0.009430407      -0.003915920  C
  1     6       0.012815743       0.003802010      -0.011509298  C
  2    40       0.005519914       0.008020973       0.016701727  Zr
  1     6      -0.028445177       0.018662068       0.012279883  C
  2    40      -0.011583473      -0.000236150      -0.000363476  Zr
  1     6       0.013256399      -0.020674752      -0.001272634  C
  2    40       0.035471544       0.026036143      -0.021515580  Zr
  1     6      -0.003660987       0.014162565      -0.020899702  C
  2    40       0.037634263      -0.021627954       0.040390009  Zr
  2    40      -0.033292159      -0.058413570       0.036806275  Zr
  1     6       0.012038882      -0.013105950      -0.011840024  C
  2    40       0.036026668       0.019845648      -0.004311678  Zr
  1     6       0.017105078       0.045935925       0.009408788  C
  1     6       0.003522752       0.015295574       0.018422558  C
  2    40       0.006450537      -0.048134150       0.031826553  Zr
  1     6      -0.013368239       0.013055552      -0.028735424  C
  2    40      -0.047827483      -0.011648335      -0.038723110  Zr
  2    40      -0.005938684      -0.009028556      -0.009015842  Zr
  1     6      -0.003196299      -0.001289505       0.038700737  C
  2    40       0.044357331      -0.000950736      -0.012188799  Zr
  1     6      -0.006788047       0.016031222       0.007802367  C
  2    40      -0.011878118       0.001657306       0.008163289  Zr
  1     6      -0.024707260      -0.008646624      -0.002381950  C
  2    40       0.008989720       0.007555001      -0.019885351  Zr
  1     6      -0.014423804       0.007805864       0.009906268  C
  1     6       0.027753776      -0.009835171      -0.008758558  C
  2    40      -0.057283597      -0.003096142       0.006167696  Zr
  1     6       0.019979408      -0.009023588      -0.015995418  C
  2    40      -0.027341008       0.016905884      -0.041427583  Zr
  2    40       0.009775594       0.003791723      -0.005988205  Zr
  1     6       0.028384861      -0.014943509       0.000394800  C
  2    40       0.024234304      -0.023412892       0.030561685  Zr
  1     6       0.031709678      -0.012153698       0.024920221  C
  1     6      -0.021522311       0.000285296      -0.023308625  C
  2    40       0.020610192       0.045852450      -0.048852283  Zr
  1     6       0.006383762      -0.005118731       0.004496034  C
  2    40       0.015733546       0.001256116       0.032222489  Zr
