              -3390.2001545024
         -0.000105734      -0.000006105      -0.000004655
         -0.000006105      -0.000115276      -0.000002191
         -0.000004655      -0.000002191      -0.000098844
          64
  1     6      -0.001600396       0.012615281       0.018937215  C
  1     6      -0.000375511      -0.001239663       0.004072051  C
  2    40      -0.023063397       0.047862680      -0.033953487  Zr
  1     6      -0.007510716      -0.045906114      -0.017382406  C
  2    40       0.029283303       0.006377379       0.023164951  Zr
  2    40       0.008938029      -0.019674384       0.047527448  Zr
  1     6      -0.013299559       0.018771203       0.001132013  C
  2    40      -0.020561582      -0.034338066      -0.045103256  Zr
  1     6      -0.008260915       0.004374325       0.001789282  C
  1     6      -0.018004922      -0.000491000      -0.006455770  C
  2    40      -0.035156291       0.008600328       0.027225695  Zr
  1     6      -0.030735233      -0.004641223       0.030726619  C
  2    40       0.005425902       0.044255275      -0.056458135  Zr
  2    40      -0.025995905       0.005397925      -0.014014714  Zr
  1     6       0.006561589      -0.006349831       0.022537790  C
  2    40       0.010212857      -0.022704882      -0.009361423  Zr
  2    40      -0.000223399      -0.047533797       0.031752465  Zr
  1     6       0.033994476       0.021405190       0.007578360  C
  2    40      -0.012760460      -0.043263799       0.002103173  Zr
  1     6      -0.022466970       0.049870734      -0.003307006  C
  1     6       0.001311545      -0.005120821      -0.013678395  C
  2    40       0.004447510       0.025648296      -0.032515538  Zr
  1     6       0.030151095      -0.054803560      -0.019412803  C
  2    40       0.008949027       0.007919508       0.029494425  Zr
  2    40       0.019064409      -0.011021755       0.019907014  Zr
  1     6       0.017427435       0.000196365      -0.001763645  C
  2    40       0.043678176       0.003829976       0.003028069  Zr
  1     6       0.014684202       0.012062314      -0.009071269  C
  1     6      -0.001114811      -0.006732585       0.015381697  C
  2    40      -0.013231074      -0.013496274       0.004930632  Zr
  1     6      -0.004226140      -0.003955926       0.005619718  C
  2    40       0.004046127       0.029334464       0.000654296  Zr
  1     6      -0.016644088       0.004021344       0.024704596  C
  2    40      -0.023696455       0.019335015       0.008327960  Zr
  1     6      -0.020590619       0.004950551      -0.002641174  C
  2    40       0.011553304       0.000797144      -0.025360260  Zr
  2    40       0.016101896       0.027128397      -0.036058371  Zr
  1     6      -0.016463932      -0.012372620       0.004985652  C
  2    40      -0.007010991      -0.013898972       0.001808652  Zr
  1     6      -0.000117445      -0.022176840       0.003638105  C
  1     6      -0.001944046       0.006176666      -0.009466833  C
  2    40      -0.022215638      -0.005553682      -0.003762242  Zr
  1     6      -0.012651476       0.011005250       0.000489420  C
  2    40      -0.010599421       0.000294585       0.004939092  Zr
  2    40       0.021638099       0.020690577      -0.024514239  Zr
  1     6      -0.005953547      -0.022037890      -0.004212780  C
  2    40      -0.022476636      -0.009000091       0.010584836  Zr
  1     6      -0.002101803      -0.004680088      -0.013003449  C
  2    40       0.015156277       0.006628755      -0.013644625  Zr
  1     6       0.016845576       0.012078042       0.000859775  C
  2    40       0.019691838      -0.003678623      -0.013873796  Zr
  1     6       0.001781032       0.009811915      -0.007496215  C
  1     6      -0.000992292       0.002030478       0.005588589  C
  2    40       0.035727922      -0.016891372       0.019269772  Zr
  1     6       0.006695089       0.001346198      -0.006178981  C
  2    40      -0.019878060      -0.002373815       0.013625913  Zr
  2    40       0.006678078      -0.021394538      -0.005684342  Zr
  1     6      -0.013258486       0.012486763       0.000337707  C
  2    40       0.002152926      -0.000562820       0.006530811  Zr
  1     6       0.009641164       0.018279104      -0.007672536  C
  1     6       0.016250812      -0.020493350       0.009949146  C
  2    40       0.013757288       0.012795032       0.005553660  Zr
  1     6       0.009231477       0.003807879      -0.017449099  C
  2    40      -0.005381551       0.005548277       0.034041988  Zr
