1348763095
2.709499997910607138607019805931486189365386962890625
3.85261020755674454818517915555275976657867431640625
3.94825063911700713248364991159178316593170166015625
4.0028842656470029481852179742418229579925537109375
4.99329812915221538105470244772732257843017578125
1.2543749983444409945576580867054872214794158935546875
5.30096762520768383097902187728323042392730712890625
3.864349633594441169037736472091637551784515380859375
3.44195500630585637935610066051594913005828857421875
1.969117594444327767888580638100393116474151611328125
0.61375996807645794017815887855249457061290740966796875
0.053333469791272507254387136299556004814803600311279296875
5.928455432203012520631091319955885410308837890625
3.7310711637928619666126905940473079681396484375
0.404856904966784780786070996327907778322696685791015625
4.8232236562743224794758134521543979644775390625
6.26766809283368520056001216289587318897247314453125
3.851802220347094962704659337759949266910552978515625
5.35580421406602358302961874869652092456817626953125
5.5284237079696776362425225670449435710906982421875
2.09821520529918092989873912301845848560333251953125
4.06074117761473729615318006835877895355224609375
1.7797394464639515465620434042648412287235260009765625
1.78831887289997748524683629511855542659759521484375
5.05006789695676783225053441128693521022796630859375
2.209916160096686343905503235873766243457794189453125
4.1293830376458320330357310012914240360260009765625
1.9831701251048363676687813494936563074588775634765625
1.5169420454009754362090234280913136899471282958984375
4.97099714556754701533236584509722888469696044921875
5.16238902076352434988848472130484879016876220703125
5.03615585909682383913832381949760019779205322265625
5.903684062747100114165732520632445812225341796875
2.796419939696228151859713761950843036174774169921875
4.17627396251218119260784078505821526050567626953125
2.7590347171055267239125896594487130641937255859375
2.541271753980024694641315363696776330471038818359375
1.10730139539238958690248182392679154872894287109375
2.178496100077768726777094343560747802257537841796875
3.259520350287947731970916720456443727016448974609375
0.3698714356366716859980670051299966871738433837890625
0.32602125621608823990982273244298994541168212890625
1.4495008402725926277554435728234238922595977783203125
1.990722337279674736265633328002877533435821533203125
1.7402473702186223025734079783433116972446441650390625
4.88824184189300137148848079959861934185028076171875
4.1895696817632543940135292359627783298492431640625
5.76632290165351957256234527449123561382293701171875
6.245985174582070698079405701719224452972412109375
2.50318611547180580600979737937450408935546875
4.32121588608981621604243628098629415035247802734375
4.1303777019797767167119673104025423526763916015625
5.79881142437175878256994110415689647197723388671875
4.900313537587980050602709525264799594879150390625
1.850114065664533402610913981334306299686431884765625
2.639500915632390753984282127930782735347747802734375
1.062899798260561023965919957845471799373626708984375
0.436054671657872205958739186826278455555438995361328125
5.27471355902107585933435984770767390727996826171875
5.47884352713255839972816829686053097248077392578125
3.105311191784768443113762259599752724170684814453125
1.351226717296008406066221141372807323932647705078125
1.44192716123787345594564612838439643383026123046875
4.8217640122067049190945908776484429836273193359375
3.113921854447601500481823677546344697475433349609375
5.543800869988359636408858932554721832275390625
0.02080035733000638875633825364275253377854824066162109375
1.7312547776814211086815475937328301370143890380859375
2.345487066414467580699465543148107826709747314453125
1.2305487032254569523814780040993355214595794677734375
2.225031603145328773507571895606815814971923828125
0.1324013304543700808579842487233690917491912841796875
0.55238649363216263399323224803083576261997222900390625
5.80033203993904322715025045908987522125244140625
2.995233011049788895974188562831841409206390380859375
0.275690376041264062489943853506701998412609100341796875
2.79670503024548633419499310548417270183563232421875
0.82905447053090741693637255593785084784030914306640625
2.46128140936096340141148175462149083614349365234375
5.643359230229140877099780482240021228790283203125
0.40939801041612289278504022149718366563320159912109375
0.44397040434598145086653175894753076136112213134765625
2.011782766333964911353859861264936625957489013671875
6.24981015237373060955405890126712620258331298828125
2.523608197296803634657180737121962010860443115234375
2.26968566190159748430232866667211055755615234375
5.0672231773828713130569667555391788482666015625
1.75338589892218532639844852383248507976531982421875
2.970542994468209574421280194655992090702056884765625
5.16352442074243622727180991205386817455291748046875
6.2665229059328293459429914946667850017547607421875
5.78313490835255539224135645781643688678741455078125
0.78294659012097256312046056336839683353900909423828125
0.73548952473583850686367213711491785943508148193359375
5.9798225616210753941004441003315150737762451171875
2.536245963290500338160882165539078414440155029296875
4.99963825225664226792332556215114891529083251953125
0.53623363978332749812949487022706307470798492431640625
5.15544155258972036648401626734994351863861083984375
5.0855055484132041243583444156683981418609619140625
1.7000320448304100384717685301438905298709869384765625
6.14450425032865599206388651509769260883331298828125
3.474092899744931628447375260293483734130859375
6.10367959030247941853986048954539000988006591796875
2.8852374851862325755291749374009668827056884765625
6.12722659680530323811353810015134513378143310546875
4.14004820490278024891495078918524086475372314453125
5.64861772437153941694987224764190614223480224609375
5.95618028111548625247451127506792545318603515625
1.8840374915798516752829527831636369228363037109375
0.1965854011465206496733770791252027265727519989013671875
5.75885281184792230391167322522960603237152099609375
1.1173145225068326080730685134767554700374603271484375
5.9244593690679341335680874180980026721954345703125
0.51475963793663626066887673005112446844577789306640625
1.385435222057239901261027625878341495990753173828125
5.7987855219442661081075129914097487926483154296875
2.698861604980327566494224811322055757045745849609375
2.861459015785063453307657255209051072597503662109375
3.15114371005066562503316163201816380023956298828125
1.220189300476049343302520355791784822940826416015625
2.332086289164520653827139540226198732852935791015625
2.33917590616215509413677864358760416507720947265625
4.00004699747674496990157422260381281375885009765625
1.798440659717602585487838950939476490020751953125
1.3818031212366921334222524819779209792613983154296875
4.0211826468527842592948218225501477718353271484375
0.9080644113414499951630887153442017734050750732421875
0.86937177886419281236385359079577028751373291015625
5.12806794445616898059370214468799531459808349609375
5.27611809203884885022262096754275262355804443359375
3.598923105419547407990421561407856643199920654296875
1.4770720330476319048784716869704425334930419921875
1.4982261268948018351210293985786847770214080810546875
2.53395530275684510712608243920840322971343994140625
3.8020422498039909697808980126865208148956298828125
1.3613695379497630089105086881318129599094390869140625
2.831196808611723181314800967811606824398040771484375
1.5484619495787355081262148814857937395572662353515625
5.7127163284637223483741763629950582981109619140625
0.1489576951450639896723515676058013923466205596923828125
5.3419286701604615785754504031501710414886474609375
1.6688047798591920667377053177915513515472412109375
3.02545220843162798729508722317405045032501220703125
0.5161462560596223880793331773020327091217041015625
3.92230798137588632101824259734712541103363037109375
2.10065271354953342353155676391907036304473876953125
4.30079735622991154997407647897489368915557861328125
1.2526451913436356111475333818816579878330230712890625
1.6330704954298600473094893459347076714038848876953125
4.16520801714434529827713049598969519138336181640625
1.257559800259210991413283409201540052890777587890625
5.28605598420236244550096671446226537227630615234375
2.94393769920602466072523384355008602142333984375
4.6368151149594023507916062953881919384002685546875
3.898235243077435629999172306270338594913482666015625
3.184802877370159546188688182155601680278778076171875
2.672727849176477210590974209480918943881988525390625
2.9237863918139712637866978184320032596588134765625
1.1085989159527362968304942114627920091152191162109375
1.285329607570065757471411416190676391124725341796875
2.949011695972064472925922018475830554962158203125
6.2689526811982201337514197803102433681488037109375
0.6805217677167636480817236588336527347564697265625
0.4824619324008541099146896158345043659210205078125
5.02501306956817206383902885136194527149200439453125
1.4655197083804745172841421663179062306880950927734375
3.8910622075651417617336846888065338134765625
4.088144175772480792829810525290668010711669921875
1.01972302343809761993043139227665960788726806640625
2.925283331515076579165679504512809216976165771484375
0.94436149791051204882563752107671461999416351318359375
1.5917515797534296240201001637615263462066650390625
4.68050856611458687694948821444995701313018798828125
3.03208410762093105716985519393347203731536865234375
1.672285319440994566519975705887190997600555419921875
4.53682907939594581847586596268229186534881591796875
1.4202107363105949122683568930369801819324493408203125
5.58792077054087155119077579001896083354949951171875
5.7610090302101841785997748957015573978424072265625
4.4143247700998191618282362469471991062164306640625
4.43486735248692465205522239557467401027679443359375
4.50222436375406598330073393299244344234466552734375
0.06504956813729297071535739860337343998253345489501953125
2.59455886389739642794438623241148889064788818359375
4.74895723025842908526783503475598990917205810546875
6.00273086101676067727339614066295325756072998046875
5.34674310429770827113316045142710208892822265625
3.027222775255930198312626089318655431270599365234375
5.826835112337590771858231164515018463134765625
3.249988546627947005873693342437036335468292236328125
4.09353529806785676470326507114805281162261962890625
0.08536037620406615455959098426319542340934276580810546875
0.11736806720372665313600890613088267855346202850341796875
0.471600869424455282352681706470320932567119598388671875
0.2539619953622864745312881495920009911060333251953125
0.08382914032965392558960360247510834597051143646240234375
0.99917623586914328104313653966528363525867462158203125
0.2037383873033050407652666535796015523374080657958984375
0.1070032651103116905222378818507422693073749542236328125
0.54242589163706911303819424574612639844417572021484375
0.52066059714213974718433064481359906494617462158203125
0.0591971348315463996581087258164188824594020843505859375
0.4142051266572461809545302457991056144237518310546875
0.88122145919186134488398920439067296683788299560546875
0.190404057591410380556595782763906754553318023681640625
0.9121699835696117641958835520199500024318695068359375
0.49566529667734415820490312398760579526424407958984375
0.380801846450568082236287636987981386482715606689453125
0.62591396627291751020294441332225687801837921142578125
0.250112181645870290669364521818351931869983673095703125
0.64711079636919810464945612693554721772670745849609375
0.0795159433407317539632686020922847092151641845703125
0.1776165236614721532060201525382581166923046112060546875
0.261317378031703351215497832527034915983676910400390625
0.8310584844234671919593893107958137989044189453125
0.59801458781492644600774610808002762496471405029296875
0.90142620257168371011857743724249303340911865234375
0.36020736645916817675328047698712907731533050537109375
0.600754710659736179678702683304436504840850830078125
0.90944974818706969532655648436048068106174468994140625
0.3058638033950067391941729511017911136150360107421875
0.55879865566212616467822726917802356183528900146484375
0.81915009106469816035911435392335988581180572509765625
0.41456246348776037979888542395201511681079864501953125
0.7920032179877176670146354808821342885494232177734375
0.32494001850715836798855207234737463295459747314453125
0.99861596757481618791274513569078408181667327880859375
0.0854010451982734064557689634966664016246795654296875
0.6877102924919269444359315457404591143131256103515625
0.460852279542410869783708449176629073917865753173828125
0.1504616924330879346172196164843626320362091064453125
0.87048785801533978823130155433318577706813812255859375
0.71607859046947142100947303333668969571590423583984375
0.367519223768040192990014247698127292096614837646484375
0.47212404965987619931411245488561689853668212890625
0.10799206891469288749352273271142621524631977081298828125
0.09858870278046871771238102155621163547039031982421875
0.5795169526615724375773197607486508786678314208984375
0.60639122668951339623077956275665201246738433837890625
0.362802850717121205814663653654861263930797576904296875
0.65875406128296354335560636172886006534099578857421875
0.83750845810282437131633059834712184965610504150390625
0.09219883060650845008066056607276550494134426116943359375
0.8336025196284067018126506809494458138942718505859375
0.269627926065413248135627100054989568889141082763671875
0.2986778995481682574819615183514542877674102783203125
0.353321666528154942898964918640558607876300811767578125
0.47197751350327277197749253900838084518909454345703125
0.399860981106693380571215357122127898037433624267578125
0.38623355719551144549228638425120152533054351806640625
0.11646570829510023703523557969674584455788135528564453125
0.64997288335579117557472272892482578754425048828125
0.161016351152684700220873992293491028249263763427734375
0.13279320538639705073791219547274522483348846435546875
0.223569251701035198731659647819469682872295379638671875
0.1658020220537679279004805721342563629150390625
0.1833389253277978581113671907587558962404727935791015625
0.5396933413761171305367270178976468741893768310546875
0.9262199834576900769889107323251664638519287109375
0.055446879032741709647513772551974398083984851837158203125
0.66775066017534145945688806023099459707736968994140625
0.61593752802160450787738454891950823366641998291015625
0.52329053567875671859610520186834037303924560546875
0.090472582769800247159963646481628529727458953857421875
0.92741177833052901302579584807972423732280731201171875
0.795136547552019568030345908482559025287628173828125
0.97093176654117729906801059769350104033946990966796875
0.25893189770119817705307241340051405131816864013671875
0.6745992664595130694493718692683614790439605712890625
0.89935569553606009574053814503713510930538177490234375
0.88732115965677482716245094707119278609752655029296875
0.780491830678885722960558268823660910129547119140625
0.06846819681509778987571479547113995067775249481201171875
0.34619784045321766452474321340559981763362884521484375
0.6934810330595266858466629855684004724025726318359375
0.1905360893302299463147875258073327131569385528564453125
0.75576949806686932742394446904654614627361297607421875
0.382304019007042084066227971561602316796779632568359375
0.8943886584110505300060367517289705574512481689453125
0.2022115500654147746129041252061142586171627044677734375
0.94948274174215396836729041751823388040065765380859375
0.865677922435886149088446472887881100177764892578125
0.442457527593922594899567002357798628509044647216796875
0.0523626250458707198642827052026404999196529388427734375
0.5163349232246796649548059576773084700107574462890625
0.01522531128266142209926048423085376271046698093414306640625
0.0168760372404363166720653310903799138031899929046630859375
0.4743161669347044639977184488088823854923248291015625
0.115902314016549989883486659891786985099315643310546875
0.0800324143283220046374282219403539784252643585205078125
0.2221587268738815235114003598937415517866611480712890625
0.1706150393796223296849490225213230587542057037353515625
0.07704212054472515947001198810539790429174900054931640625
0.25698825822071558189207962641376070678234100341796875
0.0256956596978454195057128828239001450128853321075439453125
0.79323121476603264401461501620360650122165679931640625
0.456547905437903411840494527496048249304294586181640625
0.89559290925766943392005714486003853380680084228515625
0.78351895733900323026688283789553679525852203369140625
0.01606222661960042541462456711087725125253200531005859375
0.8996738548854710249003119315602816641330718994140625
0.70350996297947598900890397999319247901439666748046875
0.82700468079513156371973536806763149797916412353515625
0.0018941266471027055039166864247590638115070760250091552734375
0.9983401373021025815290840910165570676326751708984375
0.7522903414220969420256324156071059405803680419921875
0.352495045099637971386385970617993734776973724365234375
0.198427089116734955975829279850586317479610443115234375
0.475824438722722453665170405656681396067142486572265625
0.400967944600138792576871082928846590220928192138671875
0.9146151560892421539250563000678084790706634521484375
0.476698499394905994552829042731900699436664581298828125
0.853108296102428997897959561669267714023590087890625
0.27016849409331034070902433086303062736988067626953125
0.32024694295611555450165042202570475637912750244140625
0.93648113353945372505648947480949573218822479248046875
0.31751825954649515182381946942768990993499755859375
0.136470689501832553869320463491021655499935150146484375
0.8178172255017874814342349054641090333461761474609375
0.0874299342219857222868739654586534015834331512451171875
0.22029135759002127503691781384986825287342071533203125
0.03665622651421289457385199739292147569358348846435546875
0.762625655980140759737651023897342383861541748046875
0.0023235678683610483385990619353833608329296112060546875
0.69049866296839834678422676006448455154895782470703125
0.739970192657769754163155084825120866298675537109375
0.5974906718346713052625318596255965530872344970703125
0.9762768801191248346782458611414767801761627197265625
0.5889601002395898898811310573364607989788055419921875
0.0872262204472097624208259958322742022573947906494140625
0.53267609492534584436640443527721799910068511962890625
0.129127840571630680965853343877824954688549041748046875
0.66369844957427048814935233167489059269428253173828125
0.99471729434780653544834194690338335931301116943359375
0.40396334668805977674566065616090781986713409423828125
0.29767303694862545793142771799466572701930999755859375
0.92186750374821369025113426687312312424182891845703125
0.1970411065020789831425673810372245498001575469970703125
0.56941257909378617529938537700218148529529571533203125
0.92294325349989503326497697344166226685047149658203125
0.60265618730460113194880023002042435109615325927734375
0.8650250606541638465074584019021131098270416259765625
0.87958213774467919332522569675347767770290374755859375
0.6507458261450500547340425328002311289310455322265625
0.08774731405440126807970813160864054225385189056396484375
0.377749280714313184770247744381777010858058929443359375
0.76167940011326196181329351020394824445247650146484375
0.4706177634515882335364267419208772480487823486328125
0.7724756513594071005712748956284485757350921630859375
0.90689352429792913223849382120533846318721771240234375
0.54748228590352565614551849648705683648586273193359375
0.80069370185988664179177476398763246834278106689453125
0.53889582470939301206414029365987516939640045166015625
0.1538429484487711107476570759899914264678955078125
0.1970994827324056564155085879974649287760257720947265625
0.36821964539970253316170101243187673389911651611328125
0.73969964764066953311072438737028278410434722900390625
0.99990252871061791051232603422249667346477508544921875
0.0745466458958325139949607773814932443201541900634765625
0.08782402197263390608572564133282867260277271270751953125
0.38862040098226646733792222221381962299346923828125
0.78271736939564229285082319620414637029170989990234375
0.97245042397289094271428666615975089371204376220703125
0.57567765031739959180612231648410670459270477294921875
0.71867018971530260973423764880863018333911895751953125
0.92136507291410352227245539324940182268619537353515625
0.68713773493056085062136162378010340034961700439453125
0.73550226480490632496866965084336698055267333984375
0.71979358267029447393525742882047779858112335205078125
0.334341962977471762741288330289535224437713623046875
0.96613141473668229242122151845251210033893585205078125
0.71664873497404568691848680828115902841091156005859375
0.93580631443104067557214875705540180206298828125
0.3251128463657166900446782165090553462505340576171875
0.36719961760900898806170289390138350427150726318359375
0.1726469202771070132751418668703990988433361053466796875
0.87851017149095900204969211699790321290493011474609375
0.9061198192211425972431015907204709947109222412109375
0.2086994215886571468754340230589150451123714447021484375
0.5958866703304865897194986246176995337009429931640625
0.96436864322254833847836152926902286708354949951171875
0.193522086457126818448415406237472780048847198486328125
0.23931051708725770144070565947913564741611480712890625
