              -3389.9975254840
         -0.000160047      -0.000005238      -0.000001446
         -0.000005238      -0.000254611      -0.000010458
         -0.000001446      -0.000010458      -0.000191401
          64
  1     6       0.006882478      -0.013328194       0.007726076  C
  1     6       0.003890779      -0.025587009      -0.003938424  C
  2    40       0.016022069      -0.004218120       0.007337629  Zr
  1     6      -0.044376834       0.064151470      -0.007341097  C
  2    40       0.008158254      -0.043713043      -0.060615136  Zr
  2    40      -0.005314305      -0.037497677       0.027072264  Zr
  1     6       0.004088289      -0.033922517      -0.003552131  C
  2    40      -0.143694745       0.121117691      -0.045876649  Zr
  1     6      -0.080303011       0.078964727       0.092286565  C
  1     6       0.003056472      -0.007789262      -0.018686818  C
  2    40       0.006271185      -0.018098004       0.019328471  Zr
  1     6      -0.006598470      -0.003724311      -0.000441167  C
  2    40      -0.008822285      -0.003550322      -0.046258072  Zr
  2    40      -0.019459133      -0.005825045       0.027872451  Zr
  1     6      -0.009042511      -0.006592859      -0.014363488  C
  2    40       0.011312876       0.007919021       0.027460875  Zr
  2    40      -0.007759826      -0.110739575      -0.009777486  Zr
  1     6       0.006555478      -0.035191531       0.004369552  C
  2    40      -0.092100561       0.061645026       0.048852849  Zr
  1     6      -0.030180684       0.186365748      -0.036930090  C
  1     6       0.006767897      -0.034995039      -0.000982555  C
  2    40       0.006819440       0.019221130      -0.003364426  Zr
  1     6      -0.016769976       0.137950999      -0.082584361  C
  2    40       0.164747700      -0.209770158      -0.036524974  Zr
  2    40       0.001828135       0.011596102       0.005800402  Zr
  1     6      -0.004498951       0.004406196       0.007930048  C
  2    40       0.019000841       0.004920440      -0.014633488  Zr
  1     6       0.005453453      -0.010475747       0.009781653  C
  1     6       0.011128622      -0.009925341       0.005321921  C
  2    40       0.014912148       0.006568361      -0.009812900  Zr
  1     6       0.002254038      -0.006028611       0.026418980  C
  2    40      -0.001844008      -0.007594309       0.033749892  Zr
  1     6       0.008148046      -0.012516394       0.006625208  C
  2    40       0.013511058       0.026137847      -0.024312441  Zr
  1     6       0.050342009      -0.012130824       0.010923911  C
  2    40       0.029724617      -0.011565742      -0.003992545  Zr
  2    40      -0.022880245       0.012791646      -0.005514802  Zr
  1     6      -0.000911356      -0.005882168       0.017992805  C
  2    40       0.011553077      -0.009361273      -0.008044357  Zr
  1     6       0.024189191      -0.014449018      -0.011759986  C
  1     6       0.000559143       0.013822198       0.008007455  C
  2    40       0.021429520      -0.025680795      -0.029590043  Zr
  1     6      -0.004032489       0.014641702       0.010478703  C
  2    40      -0.004709458      -0.007589380      -0.002015327  Zr
  2    40      -0.017538777      -0.014004771       0.003141628  Zr
  1     6      -0.014158144       0.003380010       0.016973744  C
  2    40       0.012308032      -0.002308408       0.006371839  Zr
  1     6       0.007064904       0.005897955       0.003207935  C
  2    40      -0.017222507       0.003388328       0.009444625  Zr
  1     6       0.007238334      -0.017871760       0.000072327  C
  2    40       0.006524240       0.006398940      -0.003590647  Zr
  1     6       0.003902535      -0.004104991      -0.001838316  C
  1     6       0.001527602      -0.006360298      -0.006543917  C
  2    40       0.008917088      -0.001939671      -0.006277414  Zr
  1     6       0.024689496      -0.019144413       0.003404855  C
  2    40       0.003000996       0.006638312       0.022398935  Zr
  2    40      -0.011184934      -0.015352480       0.020000986  Zr
  1     6      -0.000764491       0.018626536       0.005131524  C
  2    40       0.011401636      -0.015066536       0.008729701  Zr
  1     6      -0.005771113       0.014164219      -0.007287045  C
  1     6       0.005541229       0.025458789      -0.007526775  C
  2    40       0.019751279      -0.038101718      -0.005254513  Zr
  1     6      -0.004526605       0.018412818      -0.002653490  C
  2    40       0.000489948      -0.008592903       0.016009958  Zr
