1413987224
6.0854320279449023445295097189955413341522216796875
0.5600940764844224428742336385766975581645965576171875
2.859359745897753324328505186713300645351409912109375
3.883740750236298833186765477876178920269012451171875
3.723377993609509051253780853585340082645416259765625
4.7120587643999130023075849749147891998291015625
0.3620837024287393290933323442004621028900146484375
3.195029932846861431272600384545512497425079345703125
4.3451038080957662401715424493886530399322509765625
4.30157533898977550990139206987805664539337158203125
4.903018326822905947892650146968662738800048828125
5.39752757392604731734309098101221024990081787109375
0.55669710463492372287674925246392376720905303955078125
0.57129690709684333160822689023916609585285186767578125
1.2218975645452341272090279744588769972324371337890625
2.995820416545759368176504722214303910732269287109375
1.9873575993671128703255135405925102531909942626953125
3.558430331766117671321580928633920848369598388671875
1.263629321555026496781692912918515503406524658203125
0.01711606251826182367725692756721400655806064605712890625
5.452642067480045540150968008674681186676025390625
2.96907888264878128126156298094429075717926025390625
3.73668437460753732892726475256495177745819091796875
1.1995420989654939081248130605672486126422882080078125
3.550366262110707271659748585079796612262725830078125
5.85914532874877824752957167220301926136016845703125
5.97647148151169194107978910324163734912872314453125
2.52324120674185081725227064453065395355224609375
6.11254661180351366311924721230752766132354736328125
0.393463172322657206425589038190082646906375885009765625
3.33611059533865894621840197942219674587249755859375
2.075403162987210947676430805586278438568115234375
0.66201277897276222805800216519855894148349761962890625
3.887000239970637149866661275154910981655120849609375
0.50963397382990793804680151879438199102878570556640625
0.62946411861816020660853610024787485599517822265625
2.350105829407073354531121367472223937511444091796875
5.49381650829290091309076160541735589504241943359375
3.4794665167625833390729894745163619518280029296875
1.6022077837920765119861243874765932559967041015625
5.911290742287828692269613384269177913665771484375
2.916846761955230959983964567072689533233642578125
6.1516554122898430279064996284432709217071533203125
5.85456020994613712815635153674520552158355712890625
2.251440779609939379923844171571545302867889404296875
0.74909029166459439874614645304973237216472625732421875
3.354121671137210380919668750721029937267303466796875
4.6278342696543699474887034739367663860321044921875
2.175141649405132771022408633143641054630279541015625
5.9417765535635975737704939092509448528289794921875
6.13576551211390519569022217183373868465423583984375
2.363866361619157974160998492152430117130279541015625
3.886598373448698406917856118525378406047821044921875
2.0062909396839163633785574347712099552154541015625
1.9846708742446173001638953792280517518520355224609375
1.8295270661587352822863294932176358997821807861328125
4.7866665360168472176383147598244249820709228515625
0.9341679344802942264180956044583581387996673583984375
3.9032764968110473802198612247593700885772705078125
4.35296806362253629885117334197275340557098388671875
0.470380923769388281652226169171626679599285125732421875
5.45908335136958466904388842522166669368743896484375
1.6433665099389356267778339315555058419704437255859375
1.5574517420907347808878284922684542834758758544921875
6.03538152479728839949757457361556589603424072265625
0.22009847965327333785268137944513000547885894775390625
1.5040983649102532826447031766292639076709747314453125
1.8074624696546630620019868729286827147006988525390625
4.158462408258653653092551394365727901458740234375
0.1903910256443964998940288069206872023642063140869140625
1.139066835740407679367081072996370494365692138671875
1.4727242961098803153419112277333624660968780517578125
0.483106616991261450522188169998116791248321533203125
4.29768471713810829015756098669953644275665283203125
2.91243507501660570113699577632360160350799560546875
4.25791509022329517364369166898541152477264404296875
1.18634053312193810114649750175885856151580810546875
0.9241332907667558771436233655549585819244384765625
0.9543601538393249317238087314763106405735015869140625
0.3650298994791063567078026608214713633060455322265625
3.697628028511822595447711137239821255207061767578125
0.31133280969613352784364224135060794651508331298828125
3.169093220404810562484954061801545321941375732421875
4.3092378317810275945021203369833528995513916015625
5.9325486916152119221123939496465027332305908203125
0.90431830824089820541900053285644389688968658447265625
0.2363616463027190250922870973226963542401790618896484375
0.430978296187037146491860539754270575940608978271484375
4.78393483494095317354322105529718101024627685546875
5.10585138002212612917674050549976527690887451171875
0.81294518823411576757820284910849295556545257568359375
4.79600060581771625578539897105656564235687255859375
0.2312090030607911461668635411115246824920177459716796875
4.82899276441692837380514902179129421710968017578125
1.9185336294419619296292012222693301737308502197265625
1.89212553553672879758096314617432653903961181640625
5.77915104302841431405113326036371290683746337890625
4.53470275137585954183805370121262967586517333984375
4.32225362458365935935944435186684131622314453125
3.709429289170852239720943543943576514720916748046875
0.7771988376564740175211909445351921021938323974609375
4.7600472406286531423802443896420300006866455078125
0.70760489883669219768336233755690045654773712158203125
1.7330287531048458316007554458337835967540740966796875
3.636503247214998513214823105954565107822418212890625
0.62153904080936694942494114002329297363758087158203125
3.6362760004465553009822542662732303142547607421875
0.1655488568051678155423900307141593657433986663818359375
4.8544882432115539216965771629475057125091552734375
5.0530541633332983764148593763820827007293701171875
3.905378985118129975262490916065871715545654296875
6.10599822768146349716289478237740695476531982421875
2.865452741177052953247539335279725492000579833984375
6.06640368865393231345706226420588791370391845703125
0.63508565928837346081792247787234373390674591064453125
4.8761380790337458535077530541457235813140869140625
1.8232099693848606847268456476740539073944091796875
2.42584498382987678866129499510861933231353759765625
2.260840253552251599700184669927693903446197509765625
1.7391693019991978363947282559820450842380523681640625
4.71456857006169371970827342011034488677978515625
4.06360663914219966130758621147833764553070068359375
1.49506268650981066770100369467400014400482177734375
5.935144271089757950221610371954739093780517578125
2.940511817169463082421998478821478784084320068359375
0.55620219652320657122146485562552697956562042236328125
5.3670075274414106303311200463213026523590087890625
3.964050230434136068424777477048337459564208984375
4.73653080326199216187887941487133502960205078125
2.853796031453338155614574134233407676219940185546875
0.95673099106117798218207326499396003782749176025390625
0.50071565656937710997453905292786657810211181640625
4.79974882722364526443925569765269756317138671875
5.31075583159342823336146466317586600780487060546875
0.8022490773339761016558213668758980929851531982421875
0.39156198154314569848111204919405281543731689453125
3.127448173475353865313763890299014747142791748046875
1.301291612052244861530425623641349375247955322265625
2.401138813706876984355176318786107003688812255859375
4.6888764897065282610810754704289138317108154296875
5.65826371463922317417427620966918766498565673828125
5.9043561360897687251281240605749189853668212890625
5.6240938104344042614002319169230759143829345703125
0.40817560484742332338470305330702103674411773681640625
1.04930437683446342589377309195697307586669921875
3.165870470395090396920068087638355791568756103515625
4.70872044678784451576802894123829901218414306640625
4.785976331267516314937893184833228588104248046875
0.309961470289556839663447362909209914505481719970703125
4.00268775186154801559723637183196842670440673828125
4.58028669060189574935293421731330454349517822265625
0.345842895019202012374393007121398113667964935302734375
2.56623305116420308280567041947506368160247802734375
6.0470604211365781566200894303619861602783203125
2.600385090213449768015152585576288402080535888671875
4.02583719867325573460448140394873917102813720703125
3.414644994147004286588753529940731823444366455078125
0.434364144007468644392844225876615382730960845947265625
0.949043792509420836012168365414254367351531982421875
0.54980751242613246088097866959287784993648529052734375
4.1045113880814891871295913006179034709930419921875
4.00438354016536113277879849192686378955841064453125
1.0990788097856893923420784631161950528621673583984375
5.75533050302915061280373265617527067661285400390625
0.037536125516311698302462929177636397071182727813720703125
2.52125083062461552430022493354044854640960693359375
1.5858973853695557121312731396756134927272796630859375
6.04237237726962117534412755048833787441253662109375
4.514228232715264965690948884002864360809326171875
2.836317004330675128898064940585754811763763427734375
3.975813803397632906211356385028921067714691162109375
2.80689152778138595323298432049341499805450439453125
4.225976931915283785201609134674072265625
3.8628269962743733145771329873241484165191650390625
4.08379542064374678744798075058497488498687744140625
0.89018359084275211490222545762662775814533233642578125
1.845127191521727549883280516951344907283782958984375
4.43516803774289680717402006848715245723724365234375
1.1185563965893179361188458642573095858097076416015625
4.35324628430849980276207134011201560497283935546875
1.0989608927369081126101946210837922990322113037109375
5.77391533822383795637733783223666250705718994140625
3.458405537651095595919059633160941302776336669921875
0.55380341464022231345865066032274626195430755615234375
5.05616460804798517614244701690040528774261474609375
2.520876490369237554745041052228771150112152099609375
3.9690893190489919817309782956726849079132080078125
3.856066603138582848941950942389667034149169921875
2.28583838701364161494211657554842531681060791015625
0.8037163695373068517113779307692311704158782958984375
5.84834280811346030048980537685565650463104248046875
1.991570013456787524575020142947323620319366455078125
0.27785033140231407688958142898627556860446929931640625
0.403344150820441615934441870194859802722930908203125
0.6351714840322599808786208086530677974224090576171875
0.231345081809603170253097914610407315194606781005859375
0.68335662255219953298279733644449152052402496337890625
0.6788367147924549982462849584408104419708251953125
0.84204023882841705361812500996165908873081207275390625
0.26547070465305389053156659429077990353107452392578125
0.58400995218381746010294364168657921254634857177734375
0.64625540266104763986731995828449726104736328125
0.07565494583717312371273777671376592479646205902099609375
0.056188366867689583383782547798546147532761096954345703125
0.1812868719833376218719678263369132764637470245361328125
0.0228355331452728856078682184715944458730518817901611328125
0.038447454589627429177856043907013372518122196197509765625
0.162997626309747623007950778628583066165447235107421875
0.5659413694245467585375308772199787199497222900390625
0.7713790246152221197206699798698537051677703857421875
0.1844583159240234249143242095669847913086414337158203125
0.79370686681648106031161660212092101573944091796875
0.75267155130983864896876411876291967928409576416015625
0.92544235006228203754830019533983431756496429443359375
0.98104838932913185356454732755082659423351287841796875
0.28625653976865883532099132935400120913982391357421875
0.87553003378004301548998000725987367331981658935546875
0.345397944257314293281524442136287689208984375
0.79155513681078104593069610928068868815898895263671875
0.03978607572605184772296382789136259816586971282958984375
0.49251103796647444088563361219712533056735992431640625
0.1673130463656564426155881619706633500754833221435546875
0.53942123732502633703944638909888453781604766845703125
0.8472562785480433067419880899251438677310943603515625
0.89665245027125461962924646286410279572010040283203125
0.30647545974071854768538969437940977513790130615234375
0.6213594086567681973320986799080856144428253173828125
0.94892570513716234525958270751289092004299163818359375
0.57272590723481309193942934143706224858760833740234375
0.9687427496392013726023151320987381041049957275390625
0.06528110898345761137218090652822866104543209075927734375
0.1188326366799104250038254804167081601917743682861328125
0.18751123090624399747383677095058374106884002685546875
0.89199612238071679382045431339065544307231903076171875
0.86581689206222856025618739295168779790401458740234375
0.95190837697680497075936045803246088325977325439453125
0.9944038069780933852825910435058176517486572265625
0.8892864221191436602254043464199639856815338134765625
0.449532095552204247201899534047697670757770538330078125
0.63918765058703141956897297859541140496730804443359375
0.355178002899129874325723221772932447493076324462890625
0.427295312018736883619141053713974542915821075439453125
0.045845435953627076963723396829664125107228755950927734375
0.350568371522505028980987162867677398025989532470703125
0.250589070958359638741086428126436658203601837158203125
0.1723456392867237507715572064626030623912811279296875
0.5743104101039051556654158048331737518310546875
0.256681322705317904731003864071681164205074310302734375
0.7554088573695201258573206359869800508022308349609375
0.7408880087271743075660879185306839644908905029296875
0.0804596422614807516016099953048978932201862335205078125
0.9795536789947905109698922387906350195407867431640625
0.8120178081151181448404940965701825916767120361328125
0.60868849354269383145066285578650422394275665283203125
0.60538280131545985085494976374320685863494873046875
0.60773444949078114785123716501402668654918670654296875
0.193539253991813986477410480802063830196857452392578125
0.93709821577048779683849488719715736806392669677734375
0.41125077773409468573362346432986669242382049560546875
0.85795603359954242250751121900975704193115234375
0.60697770798903782907274262470309622585773468017578125
0.97771002909993287577350429273792542517185211181640625
0.321479949318561664117765985793084837496280670166015625
0.94310975863743096159197421002318151295185089111328125
0.38306879642562419174822707645944319665431976318359375
0.69811455565416935531430908667971380054950714111328125
0.37679415213726186184572952697635628283023834228515625
0.53839188839234031203062613712972961366176605224609375
0.5465083352972326391494561903527937829494476318359375
0.450361863919702287706314791648765094578266143798828125
0.394956525133436764374295080415322445333003997802734375
0.11245193989595954342508576928594266064465045928955078125
0.09312607398867890629023946758024976588785648345947265625
0.8278804695363530807838969849399290978908538818359375
0.337216742493778809386384409663151018321514129638671875
0.1662166999495665875574701431105495430529117584228515625
0.71613817555650050028503983412520028650760650634765625
0.12548256764443710409295817953534424304962158203125
0.37831808085475027159105820828699506819248199462890625
0.11450693109748276421466783858704729937016963958740234375
0.7525900936464733348429945181123912334442138671875
0.2249153159674794066891223565107793547213077545166015625
0.49028972093495060136092433822341263294219970703125
0.318196205570453860556057179564959369599819183349609375
0.9103875858291925471377226131153292953968048095703125
0.1886891919135531281437323514182935468852519989013671875
0.82665438243497835202333590132184326648712158203125
0.893839890087880117874874486005865037441253662109375
0.3506912879416212991401380349998362362384796142578125
0.424157307680769479762972196112968958914279937744140625
0.407556861828806293868154853043961338698863983154296875
0.6321024809182167469856494790292344987392425537109375
0.73430073714549692898145849540014751255512237548828125
0.161313161794707726759412480532773770391941070556640625
0.82617737484452191676354004812310449779033660888671875
0.8740056948149603766040627306210808455944061279296875
0.08844157917818128156195456313071190379559993743896484375
0.708151713809069160987519353511743247509002685546875
0.86222821514225944650178234951454214751720428466796875
0.61552935634531513731104723774478770792484283447265625
0.79490598886967911429479727303260006010532379150390625
0.07795991146842014274387366867813398130238056182861328125
0.105359680534042265964700391123187728226184844970703125
0.541340827262653423446181477629579603672027587890625
0.6935201607148722136031437912606634199619293212890625
0.1439589984454023585680459973445977084338665008544921875
0.55587214257375905379632285985280759632587432861328125
0.2247720589976627547645904314776998944580554962158203125
0.533646527926272984387878750567324459552764892578125
0.40279169678818049771251708079944364726543426513671875
0.66190531368456095862029542331583797931671142578125
0.9385913707961288654502141071134246885776519775390625
0.37571840238558051883188682040781714022159576416015625
0.3290781934415354381684437612420879304409027099609375
0.673091003053398306832377784303389489650726318359375
0.01056241756796949364527460346607767860405147075653076171875
0.748826098045718868689846203778870403766632080078125
0.0895573622964123960965565629521734081208705902099609375
0.06032213059268991262040771061947452835738658905029296875
0.31023674658976341245164576321258209645748138427734375
0.59639632403682740768857684088288806378841400146484375
0.85491931338557936026489869618671946227550506591796875
0.2302572243987849043289628525599255226552486419677734375
0.442441345864181101443790566918323747813701629638671875
0.465776593175612652064643270932720042765140533447265625
0.12372765463019146092715772056180867366492748260498046875
0.1220304342555023902061606122515513561666011810302734375
0.878028799722915920256127719767391681671142578125
0.7090621091001956255439608867163769900798797607421875
0.7356954537032616148195529603981412947177886962890625
0.15171454248564064659632322218385525047779083251953125
0.850150103611010177218076933058910071849822998046875
0.8347802007732820772645254692179150879383087158203125
0.7547264191111207054518672521226108074188232421875
0.5706056550008271610607835100381635129451751708984375
0.64894462220787285655632103953394107520580291748046875
0.5191589107360499166787803915212862193584442138671875
0.319270445182579798437672025102074258029460906982421875
0.58355530751103312780969645245932042598724365234375
0.513319887459892765235736078466288745403289794921875
0.60694483416478373083435826629283837974071502685546875
0.1770138066154968992105267489023390226066112518310546875
0.699366567050743181965799522004090249538421630859375
0.2267241045957077705264026690201717428863048553466796875
0.26214959903720280731675984497996978461742401123046875
0.790581787838871452578359821927733719348907470703125
0.70867742957020063432338474740390665829181671142578125
0.31440478205420296919925249312655068933963775634765625
0.58043935642598165625116735100164078176021575927734375
0.4385599612437933725317407152033410966396331787109375
0.134094365934885273450305476217181421816349029541015625
0.3180469895331408114458326963358558714389801025390625
0.59136851857945715860154223264544270932674407958984375
0.4026694122714313817112952165189199149608612060546875
0.3990292262281427415615553400130011141300201416015625
0.2242557258458136304479779710163711570203304290771484375
0.55303684182140833147656167056993581354618072509765625
0.73494932834755133388426884266664274036884307861328125
0.45631213926538460867732283077202737331390380859375
0.66083208455742903364438234348199330270290374755859375
0.92409299077656725796003911455045454204082489013671875
0.13232587982543086990716574291582219302654266357421875
0.09214576244919829572932457040224107913672924041748046875
0.1762280502245892055412923582480289041996002197265625
0.51586186257929622644979872347903437912464141845703125
0.82363012983632744035134010118781588971614837646484375
0.70229259492004880716109482818865217268466949462890625
0.30320950518511680105149252995033748447895050048828125
0.778994554085188806169526287703774869441986083984375
0.468584939124335020377287719384185038506984710693359375
0.6218682171878722186875165789388120174407958984375
0.18399783977493544551151671839761547744274139404296875
0.0941101978971204677915096681317663751542568206787109375
0.427308466950109433479809695199946872889995574951171875
0.88062060060008462425429343056748621165752410888671875
0.268884074999431177399600301214377395808696746826171875
0.53955442297251632322030445720884017646312713623046875
0.43748401125775837616771468674414791166782379150390625
0.84794061670449594192433551143039949238300323486328125
0.30428530383123331137795730683137662708759307861328125
0.2285000724850688447187252450021333061158657073974609375
0.01375870733231245902905559574946892098523676395416259765625
0.26959255257136771621873094773036427795886993408203125
0.224453780904623589886881518395966850221157073974609375
