              -3390.1128507459
         -0.000142804      -0.000017694       0.000005475
         -0.000017694      -0.000337260       0.000004917
          0.000005475       0.000004917      -0.000148963
          64
  1     6      -0.027231015      -0.007543946       0.002026771  C
  1     6       0.013988270      -0.022632570       0.002589370  C
  2    40      -0.017371183       0.041088999       0.035737872  Zr
  1     6      -0.023415136      -0.009395386       0.025118308  C
  2    40       0.057715849       0.070078872       0.055652976  Zr
  2    40      -0.008820423      -0.085565916      -0.024007095  Zr
  1     6       0.013112734      -0.003343778      -0.016043158  C
  2    40      -0.018669060      -0.054123111      -0.063755039  Zr
  1     6       0.015525291       0.135071787       0.008308748  C
  1     6      -0.007772521       0.005027734      -0.009017912  C
  2    40      -0.011480537      -0.008368047       0.000641050  Zr
  1     6      -0.012850169       0.000200562      -0.006941457  C
  2    40       0.012176385      -0.011195012       0.030393939  Zr
  2    40       0.037343470      -0.009250830      -0.003454974  Zr
  1     6      -0.014183504       0.004641009       0.006087475  C
  2    40       0.010449090       0.004567711       0.004883629  Zr
  2    40      -0.027195515      -0.014907861       0.020313625  Zr
  1     6       0.012468762      -0.000829031       0.014301692  C
  2    40      -0.008037351      -0.029422124      -0.044887943  Zr
  1     6      -0.000107188       0.059289416       0.043203407  C
  1     6       0.007951792       0.007100127      -0.022240584  C
  2    40       0.004158783      -0.010799119       0.008373884  Zr
  1     6       0.007187825       0.198474376      -0.023283155  C
  2    40       0.016101151      -0.226598744      -0.046310057  Zr
  2    40       0.026807497      -0.017426080       0.005685711  Zr
  1     6       0.012041996       0.001393874       0.002110483  C
  2    40      -0.019021801       0.017337699       0.002963019  Zr
  1     6      -0.032624545       0.021675290      -0.013216852  C
  1     6       0.008861130      -0.018849312       0.015656204  C
  2    40       0.006814164       0.015304238      -0.020956578  Zr
  1     6       0.008918835      -0.028212088       0.001868812  C
  2    40       0.001705635      -0.007454789      -0.001475816  Zr
  1     6      -0.010926593      -0.006237951      -0.012138109  C
  2    40      -0.009658993      -0.016172444      -0.011019256  Zr
  1     6      -0.009593800      -0.005309432       0.017960860  C
  2    40      -0.005149488       0.026024328       0.024893095  Zr
  2    40       0.005706792      -0.032310214      -0.020947732  Zr
  1     6      -0.001413285       0.006215855      -0.018340866  C
  2    40      -0.006471452      -0.004601476       0.009372568  Zr
  1     6       0.008249568       0.026333734      -0.000038917  C
  1     6      -0.001946505       0.007459846       0.005480538  C
  2    40      -0.013004214       0.015661183       0.030202776  Zr
  1     6       0.011734991      -0.000692640       0.040431617  C
  2    40      -0.017018487      -0.006788878       0.000223001  Zr
  2    40      -0.022526950      -0.008119005       0.012457396  Zr
  1     6      -0.010620193       0.006447926      -0.014570832  C
  2    40      -0.003953887      -0.009506795      -0.038813233  Zr
  1     6      -0.009424027      -0.009775012      -0.016276109  C
  2    40      -0.004154510      -0.001474279       0.004079492  Zr
  1     6      -0.009692921      -0.004124347       0.007973963  C
  2    40       0.018451643       0.000303770       0.015979357  Zr
  1     6      -0.010331577       0.003350468       0.002755970  C
  1     6      -0.002142654       0.001412890       0.003982031  C
  2    40      -0.000743831       0.011434505      -0.023460578  Zr
  1     6       0.001827210      -0.001811700       0.011580867  C
  2    40      -0.003415944      -0.005739684      -0.004941552  Zr
  2    40      -0.001929648      -0.023567127       0.005719282  Zr
  1     6       0.016702223      -0.010035769       0.012620291  C
  2    40       0.015020734       0.015750905       0.003645166  Zr
  1     6      -0.012165473      -0.002763165       0.019240072  C
  1     6      -0.000598353       0.005881812       0.014622645  C
  2    40       0.001328386      -0.012388834      -0.001994204  Zr
  1     6       0.004809247       0.014281580      -0.023346305  C
  2    40       0.037989318       0.005891509      -0.047114368  Zr
