              -3390.1113845780
         -0.000197938       0.000001393       0.000017698
          0.000001393      -0.000217937      -0.000000725
          0.000017698      -0.000000725      -0.000178402
          64
  1     6      -0.000143170      -0.016724780       0.005470642  C
  1     6      -0.004363248      -0.001221601       0.006915378  C
  2    40      -0.015109105       0.073254128       0.013411119  Zr
  1     6       0.031967986      -0.087838263       0.001201916  C
  2    40       0.053831476       0.032341933      -0.031207503  Zr
  2    40       0.009626723       0.020817308      -0.006728631  Zr
  1     6       0.006814908       0.004432766       0.001505224  C
  2    40      -0.127672046      -0.052625101       0.027666362  Zr
  1     6       0.060518947      -0.025872104       0.014259670  C
  1     6      -0.016722435       0.012362838       0.013216293  C
  2    40       0.025270314       0.020677054      -0.032203773  Zr
  1     6       0.002089848       0.021639988      -0.009504368  C
  2    40      -0.043335760       0.032568957      -0.002079641  Zr
  2    40       0.040231888       0.008675060      -0.010453553  Zr
  1     6      -0.000038441      -0.030312486       0.017723756  C
  2    40       0.058130791       0.011343418       0.029877429  Zr
  2    40      -0.008002713       0.011090686      -0.010231009  Zr
  1     6       0.010145694      -0.002913651       0.007404353  C
  2    40       0.041888314      -0.073315878       0.033401551  Zr
  1     6      -0.010455848      -0.034859646       0.017735339  C
  1     6       0.000569706       0.035200152       0.004662549  C
  2    40      -0.041929452      -0.021290797      -0.026566049  Zr
  1     6       0.089153408       0.069273300       0.002677885  C
  2    40      -0.031778812      -0.110670337      -0.004621045  Zr
  2    40       0.011396210      -0.023624448      -0.021191385  Zr
  1     6      -0.016116683      -0.015861114      -0.014956028  C
  2    40       0.005298165      -0.015855873      -0.013793385  Zr
  1     6       0.022378477       0.002284189       0.002037380  C
  1     6      -0.015480687       0.003202487       0.000718717  C
  2    40      -0.036181764       0.015499532       0.013187737  Zr
  1     6      -0.018469816       0.003312525      -0.018046959  C
  2    40       0.005220289       0.039581195      -0.015938393  Zr
  1     6      -0.021835544       0.039958035       0.004439736  C
  2    40       0.031105518      -0.032397450      -0.017572355  Zr
  1     6      -0.019674911       0.016266042       0.007211484  C
  2    40       0.014088996       0.026660844       0.014292785  Zr
  2    40       0.006717160      -0.022830044       0.024820839  Zr
  1     6       0.021783379       0.017481897       0.003680127  C
  2    40       0.001251230       0.040611526       0.000407200  Zr
  1     6       0.005338827       0.029434146       0.009029510  C
  1     6       0.002870498      -0.001797800       0.000884107  C
  2    40      -0.008289557       0.000910600       0.013788921  Zr
  1     6       0.006487870      -0.004236032      -0.001902856  C
  2    40      -0.038023379      -0.024952900      -0.059849555  Zr
  2    40      -0.000920105       0.028268850       0.038906889  Zr
  1     6      -0.004880296      -0.018945293       0.007146908  C
  2    40       0.039093983       0.027133006      -0.038846398  Zr
  1     6      -0.008249738      -0.014420621      -0.006153112  C
  2    40       0.013378199      -0.006258410      -0.028606392  Zr
  1     6       0.008236238       0.011156008       0.001627890  C
  2    40      -0.013074647      -0.000857952       0.029294843  Zr
  1     6      -0.032070542      -0.004322993      -0.011878670  C
  1     6       0.004834395       0.014346400      -0.010394835  C
  2    40      -0.035639763      -0.029853492      -0.021886427  Zr
  1     6      -0.011726258       0.004912391      -0.023335740  C
  2    40      -0.005600572       0.007098943       0.030209261  Zr
  2    40      -0.006681825      -0.011020943       0.030078020  Zr
  1     6      -0.015019494      -0.000891917       0.008253608  C
  2    40       0.010761449      -0.038894003      -0.002598044  Zr
  1     6       0.007560995      -0.011406813      -0.002244874  C
  1     6      -0.016946706       0.006076550       0.001144246  C
  2    40       0.009159276       0.022753346      -0.001240484  Zr
  1     6      -0.024862723      -0.000007980      -0.021169156  C
  2    40      -0.007054423       0.025682238       0.027309969  Zr
