1907778592
3.149038512419302104916596363182179629802703857421875
2.006161462656480320987384402542375028133392333984375
0.95076919905264667409738876813207753002643585205078125
5.84542935994719403680619507213123142719268798828125
3.586556456181625662793521769344806671142578125
0.81767651692117226946976416002144105732440948486328125
2.70792738145731259891135778161697089672088623046875
5.33202036697799908182560102432034909725189208984375
1.698909936925157015963350204401649534702301025390625
3.9272777042671425107300819945521652698516845703125
2.22637359056358263842412270605564117431640625
3.10693988188800318539506406523287296295166015625
4.90112553611899937067164501058869063854217529296875
2.494966900428357892138819806859828531742095947265625
6.06343310475919938795641428441740572452545166015625
0.93227816616513792258302828486193902790546417236328125
5.462376058121808597434210241772234439849853515625
3.17983410537565447384622530080378055572509765625
6.04082061617645127427067563985474407672882080078125
4.86559035191428534972146735526621341705322265625
1.69608578820422462030137467081658542156219482421875
0.322344577355859140954663644151878543198108673095703125
5.64436369026253803582449108944274485111236572265625
4.9524491320208898770260930177755653858184814453125
5.19395585242739965536884483299218118190765380859375
1.5581754242573691016104930895380675792694091796875
3.689829923214715368118277183384634554386138916015625
2.481527066191557384655652640503831207752227783203125
5.5226594771959458540777632151730358600616455078125
4.70378113503759909264090310898609459400177001953125
2.57462836058256971938362767104990780353546142578125
1.9490082932819741134977675756090320646762847900390625
2.291313630024354619507676034118048846721649169921875
1.8837790729529964028898803007905371487140655517578125
1.58773525812880311747221639961935579776763916015625
5.39314071563304597844989984878338873386383056640625
6.1494509937027377333151889615692198276519775390625
1.4046489130687280777465275605209171772003173828125
5.0866649343969267960119395866058766841888427734375
0.287532405301298810140764317111461423337459564208984375
2.67045427552597658404920366592705249786376953125
5.134579623963634986694160033948719501495361328125
0.2276378327782035693171991397321107797324657440185546875
2.3848690551485702826539636589586734771728515625
0.0262300538492706396265230495146170142106711864471435546875
4.77001928607762248901735802064649760723114013671875
0.1583388884630700654820856243532034568488597869873046875
4.3546775360620539885303514893166720867156982421875
5.5646846750913869783516929601319134235382080078125
4.498601461762394393417707760818302631378173828125
0.421455430956494569993964205423253588378429412841796875
4.15305567662738184253612416796386241912841796875
3.040856864532673231593662421801127493381500244140625
5.7983505056986732739687795401550829410552978515625
5.6316173318598909958154763444326817989349365234375
5.84177198282808962659373719361610710620880126953125
1.6484054376328030055987028390518389642238616943359375
2.095985206126560029815664165653288364410400390625
6.026087696946916594242793507874011993408203125
1.3431552774593196186714294526609592139720916748046875
5.28631915146130015870085117057897150516510009765625
2.3699908652280274878876298316754400730133056640625
0.265831539970700692077087978759664110839366912841796875
1.6111252554859583074886586473439820110797882080078125
0.396754407379294182778295407842961139976978302001953125
0.41656554535644219061651938318391330540180206298828125
3.435098291717956886515139558468945324420928955078125
1.105930962995021360484315664507448673248291015625
3.844140511679933869260139545076526701450347900390625
2.037106352254392849232544904225505888462066650390625
0.42379377676782914452502382118836976587772369384765625
5.2114588509256929427237992058508098125457763671875
0.00567403894837034857012714184065771405585110187530517578125
3.94824248773747488172602970735169947147369384765625
5.50511301540154729394771493389271199703216552734375
5.80089418376563781265531360986642539501190185546875
5.12138703165957220875270650140009820461273193359375
3.66971960093554283588446196517907083034515380859375
2.329182847357909480479065678082406520843505859375
4.93454948669236070912802460952661931514739990234375
5.10738627366985298294821404851973056793212890625
3.5441470959988290445608072332106530666351318359375
3.63755095695846275560825233696959912776947021484375
2.452069115786766673181773512624204158782958984375
5.2711742276875437340777352801524102687835693359375
4.3910787092523850816405683872289955615997314453125
6.084868506049478042996270232833921909332275390625
1.4839819217818412955267604047548957169055938720703125
4.34361101137865812660265874001197516918182373046875
5.83911897796729828513662141631357371807098388671875
4.44043687471611026040818615001626312732696533203125
1.7906002877913775872542601064196787774562835693359375
0.9613423048749287769254578961408697068691253662109375
2.382671875080117462886164503288455307483673095703125
4.457979445148421149269779562018811702728271484375
6.0164624098958778830592564190737903118133544921875
0.1019657908954433589432397866403334774076938629150390625
5.5414796783544115754693848430179059505462646484375
1.64431696196272003618332746555097401142120361328125
4.93802291649230173931073295534588396549224853515625
6.1995389651081733717319366405718028545379638671875
0.044088591179800261377064174439510679803788661956787109375
0.082083280071092445950853289104998111724853515625
5.80857941030382551872435215045697987079620361328125
0.6771096224809571850755673949606716632843017578125
1.7080477153041186966220266185700893402099609375
4.43815564122655192846877980628050863742828369140625
2.112999800646912174073577261879108846187591552734375
2.675782594748252307681468664668500423431396484375
2.406837801260154119376011294662021100521087646484375
5.52970773457367048564492506557144224643707275390625
4.132757155789111180865802452899515628814697265625
5.41753911412490207766268213163129985332489013671875
3.088004973323019708431047547492198646068572998046875
5.101415025358864596682906267233192920684814453125
1.4109766598862127917612951932824216783046722412109375
4.78875891263417230447885231114923954010009765625
4.735805552847178745423661894164979457855224609375
2.98313576695349080836194843868725001811981201171875
3.013351181229178887832631517085246741771697998046875
3.342527442644618762557229274534620344638824462890625
2.494606586631514577589996406459249556064605712890625
1.93686160255462969104200965375639498233795166015625
0.61381042997265000682460822645225562155246734619140625
2.820092760079619953472729321219958364963531494140625
5.4632209342737194646133502828888595104217529296875
5.16076313946299958246299866004846990108489990234375
1.41510341719656818071371162659488618373870849609375
0.4206590183546807804049194601248018443584442138671875
5.07378772382385090367051816429011523723602294921875
6.24595098033490980782289625494740903377532958984375
4.25665743125474538288699477561749517917633056640625
1.656644337701912217397648419137112796306610107421875
3.339181479822673992430281941778957843780517578125
0.687292041401254660826225517666898667812347412109375
2.016840194089849713776629869244061410427093505859375
4.79074626051098650947324131266213953495025634765625
5.5273172679170432530781909008510410785675048828125
2.835867865073954607879613831755705177783966064453125
5.05706675744266131999893332249484956264495849609375
2.878590626196661172997437461162917315959930419921875
1.439390513955192574258035165257751941680908203125
1.266709875927538586637410844559781253337860107421875
6.05128541632172556319346767850220203399658203125
1.074417024597184688872175684082321822643280029296875
0.92625763506992775386805760717834345996379852294921875
5.04346692385563954985627788119018077850341796875
5.7887072949753388684257515706121921539306640625
1.6090074475007600796061524306423962116241455078125
5.05670606328711702559530749567784368991851806640625
2.914050832924028444637087886803783476352691650390625
0.042933670022051582948474646173053770326077938079833984375
5.30180773517249548376639722846448421478271484375
1.8660343506489567300121734660933725535869598388671875
5.4281933358287890456495006219483911991119384765625
1.2272656195483520047417869136552326381206512451171875
4.8770181968821617601861362345516681671142578125
3.779767127685109695534038110054098069667816162109375
5.52115007050697759183321977616287767887115478515625
1.5479116641660832787152912715100683271884918212890625
2.106569778300739326226675984798930585384368896484375
1.3495644941845832409654803996090777218341827392578125
1.3738990655606837520963381393812596797943115234375
1.28377735786225688485728824161924421787261962890625
3.699789961032097895810011323192156851291656494140625
5.27920600196345812804565866827033460140228271484375
0.84765907560050524072181588053354062139987945556640625
1.7522672844653033319417545499163679778575897216796875
4.6092053099246044212122797034680843353271484375
1.7207718080936140747638773973449133336544036865234375
4.2582174432058774726783667574636638164520263671875
5.77781200777884240693538231425918638706207275390625
5.61469356699718247227792744524776935577392578125
2.712593107046066709386877846554853022098541259765625
0.5390757706932782777897728010430000722408294677734375
5.16504012675664991860458030714653432369232177734375
0.451488767522324530023780653209541924297809600830078125
3.512496951150395840812734604696743190288543701171875
1.08650580717531841656864344258792698383331298828125
4.8082943461444518362668532063253223896026611328125
4.85357243308786312496749815181829035282135009765625
5.116951259237705329496748163364827632904052734375
2.843269417167583856809187636827118694782257080078125
5.56751301946136845089085909421555697917938232421875
4.20433487881726808410576268215663731098175048828125
4.92350276991974400431217873119749128818511962890625
3.953136958122784871960675445734523236751556396484375
5.0314173562595119193474602070637047290802001953125
1.409338004385028764176013282849453389644622802734375
1.8541182538466187690318065506289713084697723388671875
5.721329931591892403730525984428822994232177734375
4.59405932992399623771007100003771483898162841796875
0.25163293548470033744735019354266114532947540283203125
0.0398759190178829825423889587909798137843608856201171875
0.493759270056038757079619472278864122927188873291015625
0.75369898730595552560629357685684226453304290771484375
0.8335251434862265274006176696275360882282257080078125
0.51905808156312349677108386458712629973888397216796875
0.9938083668210582199975533512770198285579681396484375
0.0872862944785907368672184247770928777754306793212890625
0.92672361709490591596960484821465797722339630126953125
0.07927302367951395700718109083027229644358158111572265625
0.1740022516688342346657947246058029122650623321533203125
0.21396518834585565027595066567300818860530853271484375
0.1364823938982945017439618595744832418859004974365234375
0.381336990921449403568743719006306491792201995849609375
0.61773121618560111745210861045052297413349151611328125
0.466210397177473812035941591602750122547149658203125
0.467667192438462386849806762256775982677936553955078125
0.0206837691462988838841940975044053629972040653228759765625
0.436415294388502517097805366574903018772602081298828125
0.532244651360551213059579822584055364131927490234375
0.90452001611912624667866111849434673786163330078125
0.7009204661943579939276105505996383726596832275390625
0.89992013196457187884647055398090742528438568115234375
0.1687182971130676001347836745480890385806560516357421875
0.413252420450212654134958256690879352390766143798828125
0.1809821111061526988095238266396336257457733154296875
0.74247616191509935301695577436476014554500579833984375
0.367293028331963811172755640654941089451313018798828125
0.7920336149595834651648829094483517110347747802734375
0.84398390717989946185895178132341243326663970947265625
0.89700669837044866294917255800100974738597869873046875
0.27912898234982463918640860356390476226806640625
0.81628062101839138353653879676130600273609161376953125
0.326100352837750850909515065723098814487457275390625
0.074195507948377870111045240264502353966236114501953125
0.522636352350300370517288683913648128509521484375
0.90964773758763806110749783329083584249019622802734375
0.87704390654202735166933280197554267942905426025390625
0.0117635782862843853158185680740643874742090702056884765625
0.63621161768036504913226281132665462791919708251953125
0.293753524913337782376032691900036297738552093505859375
0.01227067085554388835288985859506283304654061794281005859375
0.21214102823852609702726113027893006801605224609375
0.9151882421761696750905912267626263201236724853515625
0.128193718440920922940762238795286975800991058349609375
0.413939473877632746479093839298002421855926513671875
0.0693664527821198362289578653872013092041015625
0.389874307620280580177762885796255432069301605224609375
0.9928812077235809052666581919766031205654144287109375
0.138342988276082545784362309859716333448886871337890625
0.57431966465633343954522160856868140399456024169921875
0.045792239273801556287413205836855922825634479522705078125
0.8845361587053799379276597392163239419460296630859375
0.29353527086485886599120931350626051425933837890625
0.968598349470923825066392964799888432025909423828125
0.3213157357281613002442099968902766704559326171875
0.746940617331741663065258762799203395843505859375
0.2985815602813761682199356073397211730480194091796875
0.71315010577121284995882888324558734893798828125
0.9632562883027160349769246749929152429103851318359375
0.9729419513479535819300281218602322041988372802734375
0.8665442414891646460972651766496710479259490966796875
0.070264217476483536994891210269997827708721160888671875
0.92795547793058463792448264939594082534313201904296875
0.97239320910181537005456675615278072655200958251953125
0.1302221404063618470647867297884658910334110260009765625
0.72727780683305010001049595302902162075042724609375
0.0306802750707977807398396663529638317413628101348876953125
0.09885052549599228355337032780880690552294254302978515625
0.50811370206443295938214532725396566092967987060546875
0.253962434480880572262861960552982054650783538818359375
0.329800748885516414876661883681663312017917633056640625
0.1630158439106381695893333017011173069477081298828125
0.959984696917228763624052589875645935535430908203125
0.8421521116244383708959730938659049570560455322265625
0.7175097738939848479589045382454060018062591552734375
0.30043674646897089441921480101882480084896087646484375
0.85740246617114290739181114986422471702098846435546875
0.84047256356127209020456803045817650854587554931640625
0.433846389145518818164504182277596555650234222412109375
0.8516564098427334972285507319611497223377227783203125
0.3595786459555749825511838935199193656444549560546875
0.74008290969770540446148743285448290407657623291015625
0.1907481808172297454984089881691033951938152313232421875
0.71447446742769071814649350926629267632961273193359375
0.90638231016061376887904543764307163655757904052734375
0.5282913202085957049547459973837248980998992919921875
0.9693399532555322384297369353589601814746856689453125
0.8645653677473614795445655545336194336414337158203125
0.56747311380108500511454394654720090329647064208984375
0.85256563399572182770924655415001325309276580810546875
0.521811540947207941343322090688161551952362060546875
0.86903690261255805982187894187518395483493804931640625
0.52370334441014720905371859771548770368099212646484375
0.1645719502887557916803729085586383007466793060302734375
0.52237523790559514669240570583497174084186553955078125
0.5216182631075467757142405389458872377872467041015625
0.59516257587595033928806742551387287676334381103515625
0.272212804887542902942954015088616870343685150146484375
0.10063460753328846986054401213550590910017490386962890625
0.484772639574842845178181960363872349262237548828125
0.95512417375814362419106373636168427765369415283203125
0.2431999758087098617576060632927692495286464691162109375
0.70437112390267253569930971934809349477291107177734375
0.8537887757894531137736748860334046185016632080078125
0.81448282246220993219054662404232658445835113525390625
0.5568271249331659955572604303597472608089447021484375
0.859356789784206487325946000055409967899322509765625
0.715508370527768722269001955282874405384063720703125
0.135373492322570398993519802388618700206279754638671875
0.340609866818697148982408862138981930911540985107421875
0.89630868094801374734714727310347370803356170654296875
0.53970261408933561941836387632065452635288238525390625
0.12392930273149595221671148692621500231325626373291015625
0.277382013051482856358376238858909346163272857666015625
0.7986026908264507451207236954360269010066986083984375
0.231580827958686674694632756654755212366580963134765625
0.77521861287542559448837664604070596396923065185546875
0.67819099020128648103167279259650968015193939208984375
0.5825461473234678777544104377739131450653076171875
0.75143397401619427267149831095593981444835662841796875
0.2383341748445919616727906031883321702480316162109375
0.73332333319509557245652331403107382357120513916015625
0.73412512556376174899241959792561829090118408203125
0.480751097891829515251771454131812788546085357666015625
0.32891202360806615079269477064372040331363677978515625
0.527247348114497693671864908537827432155609130859375
0.683589094636770422397376023582182824611663818359375
0.71669196091438269746731748455204069614410400390625
0.87886538118071177994039544500992633402347564697265625
0.032082307633050859141388144735174137167632579803466796875
0.75622862659219125536225192263373173773288726806640625
0.431194935660434375268579287876491434872150421142578125
0.7384439393591339939604267783579416573047637939453125
0.011036975314392231950488820757527719251811504364013671875
0.64136569138679921930901173254824243485927581787109375
0.7180190564682795706374918154324404895305633544921875
0.0707320473486241219074344144246424548327922821044921875
0.9773908303945282316504972186521627008914947509765625
0.900174092454916863204061883152462542057037353515625
0.67435579033305670382247853922308422625064849853515625
0.279502892531223068317558499984443187713623046875
0.45430682015340162482885943973087705671787261962890625
0.268553100651387655073421001361566595733165740966796875
0.7706103845362599624735366887762211263179779052734375
0.1650727541023272737508165164399542845785617828369140625
0.82488655337360061725604509774711914360523223876953125
0.066355827295387082020994284903281368315219879150390625
0.452748619696474008389230903048883192241191864013671875
0.365467414895755904336027697354438714683055877685546875
0.12578985287146171589967025283840484917163848876953125
0.2262565438757913882650285586350946687161922454833984375
0.88653297251394624911569053438142873346805572509765625
0.295151298071793910526849913367186672985553741455078125
0.10184576367114007988678991978304111398756504058837890625
0.322065730263509653052977910192566923797130584716796875
0.42441150612403244490877796124550513923168182373046875
0.9778046929174124546335633567650802433490753173828125
0.5646606094970649802888829071889631450176239013671875
0.049717106413895782723866290098158060573041439056396484375
0.393776274469576914594171057615312747657299041748046875
0.1379636852713132799674866646455484442412853240966796875
0.13609124121074156477106953389011323451995849609375
0.4747443168772125243748405409860424697399139404296875
0.0091192792212214691949245803925805375911295413970947265625
0.052625455918081785744444545116493827663362026214599609375
0.847044837589862265048168410430662333965301513671875
0.97871804189808575547004920736071653664112091064453125
0.5758705914839499229174180072732269763946533203125
0.59750161208096030929226571970502845942974090576171875
0.469194730030929096908920428177225403487682342529296875
0.453917909624948101576791259503806941211223602294921875
0.52113596467354150743034324477775953710079193115234375
0.772324561966734268736445301328785717487335205078125
0.67808039517983809130186045877053402364253997802734375
0.421067567738270198685057721377233974635601043701171875
0.03683152843119182062725514015255612321197986602783203125
0.29051949702693125043850841393577866256237030029296875
0.76335076604194507243761336212628521025180816650390625
0.76176263148047151929631581879220902919769287109375
0.60547554521145097172762916670762933790683746337890625
0.9073791773558497197882388718426227569580078125
0.09327008719242647905023346766029135324060916900634765625
0.186098191973799009790724312551901675760746002197265625
0.159966558292492566639708684306242503225803375244140625
0.34685703429712777534632550668902695178985595703125
0.70316714593356810514279686685767956078052520751953125
0.5227675240127218625474370128358714282512664794921875
0.232497545533113914029144098094548098742961883544921875
0.310099684312054757473475774531834758818149566650390625
0.11713375342876360118982148605937254615128040313720703125
0.98243460989670572391929681543842889368534088134765625
