              -3390.0619323965
         -0.000152261      -0.000003664      -0.000000128
         -0.000003664      -0.000176036      -0.000007576
         -0.000000128      -0.000007576      -0.000216636
          64
  1     6       0.023299098       0.017193163       0.005382729  C
  1     6       0.014788591       0.004846340      -0.030694951  C
  2    40       0.012799322      -0.020033714       0.011518445  Zr
  1     6      -0.019592092       0.022119599      -0.032210992  C
  2    40      -0.029694071       0.066767849      -0.113059863  Zr
  2    40      -0.022268173      -0.009693564       0.018290217  Zr
  1     6      -0.003388028       0.001194302      -0.013538334  C
  2    40      -0.009091038       0.077244785      -0.007546254  Zr
  1     6      -0.077661625      -0.056860380       0.056245636  C
  1     6       0.015325252      -0.010398477      -0.004653159  C
  2    40       0.022052831       0.023101774      -0.017753901  Zr
  1     6       0.003616562      -0.021333788       0.004454820  C
  2    40      -0.040037662       0.009688995      -0.023834814  Zr
  2    40      -0.016660836      -0.034569425       0.045810982  Zr
  1     6       0.003423190       0.025033395       0.002864156  C
  2    40      -0.021960750      -0.026276467       0.044592767  Zr
  2    40       0.017512770       0.004299662      -0.058232158  Zr
  1     6       0.000709403       0.068318624       0.034132718  C
  2    40      -0.025276943      -0.127012677      -0.084448784  Zr
  1     6       0.014550467      -0.085049542      -0.013609527  C
  1     6       0.026144069       0.037105318       0.008719400  C
  2    40      -0.025076612      -0.030411340      -0.046035595  Zr
  1     6      -0.012504881      -0.004576118       0.024177785  C
  2    40       0.148814879      -0.025420587       0.157379016  Zr
  2    40      -0.031364805      -0.017750431       0.012049085  Zr
  1     6      -0.002912537       0.000540837       0.012973079  C
  2    40      -0.010229626       0.027384679      -0.001237592  Zr
  1     6       0.005826119       0.003551085      -0.063406248  C
  1     6      -0.003983204      -0.007211500       0.004725124  C
  2    40       0.001989439       0.014401846       0.014201289  Zr
  1     6       0.000708728       0.009479909       0.017376215  C
  2    40       0.015946088       0.031931904       0.031057652  Zr
  1     6      -0.007929622      -0.000107990       0.016030379  C
  2    40       0.016140261       0.011815712      -0.010543633  Zr
  1     6       0.014017787       0.010354763       0.015014817  C
  2    40      -0.031246327      -0.002276225      -0.015609572  Zr
  2    40       0.003519951       0.027747902       0.000278164  Zr
  1     6      -0.027218958      -0.012024010       0.007132650  C
  2    40      -0.016361351      -0.007900507       0.042557370  Zr
  1     6      -0.008435737       0.007921592       0.013398102  C
  1     6      -0.019428317      -0.000421205      -0.008235310  C
  2    40       0.018566477       0.022484062      -0.009602717  Zr
  1     6      -0.000281372      -0.006722537      -0.008045443  C
  2    40       0.012876141       0.002105850      -0.002945935  Zr
  2    40      -0.004292493       0.030189421      -0.032216719  Zr
  1     6      -0.003972804      -0.006173369       0.019156681  C
  2    40      -0.005825059      -0.021544469      -0.010108222  Zr
  1     6       0.016417048       0.005368615      -0.008984928  C
  2    40      -0.021295892      -0.006097177       0.003838714  Zr
  1     6       0.006631437       0.006241314      -0.018155564  C
  2    40      -0.019078674      -0.022271036       0.023474977  Zr
  1     6       0.005577967       0.014032876       0.006272471  C
  1     6      -0.003412491       0.008759652       0.030011581  C
  2    40       0.026167505       0.016883102       0.017786546  Zr
  1     6       0.001112070      -0.024328439       0.001723438  C
  2    40       0.027915346       0.001359703      -0.022054161  Zr
  2    40       0.021607884       0.027052798      -0.039060061  Zr
  1     6      -0.002507173      -0.032790145      -0.008338325  C
  2    40       0.025345172      -0.004012137      -0.019133504  Zr
  1     6      -0.006990286       0.016474283       0.027685210  C
  1     6      -0.006836266       0.008337960      -0.003160516  C
  2    40      -0.002862790      -0.024791933       0.025423524  Zr
  1     6       0.023739309       0.020916017      -0.018164263  C
  2    40      -0.007571662      -0.033777651      -0.010705284  Zr
