              -3390.8498365547
         -0.000206257      -0.000000000      -0.000000000
         -0.000000000      -0.000206257      -0.000000000
         -0.000000000      -0.000000000      -0.000206257
          64
  1     6      -0.000000066      -0.000000067      -0.000000057  C
  1     6      -0.000000060       0.000000031       0.000000025  C
  2    40      -0.000000012      -0.000000011       0.000000009  Zr
  1     6      -0.000000039      -0.000000023       0.000000021  C
  2    40      -0.000000015      -0.000000014       0.000000023  Zr
  2    40      -0.000000012       0.000000015      -0.000000001  Zr
  1     6      -0.000000045       0.000000025       0.000000032  C
  2    40      -0.000000011       0.000000020      -0.000000004  Zr
  1     6      -0.000000042      -0.000000042       0.000000050  C
  1     6      -0.000000041       0.000000024      -0.000000025  C
  2    40      -0.000000011      -0.000000012       0.000000010  Zr
  1     6      -0.000000023      -0.000000018      -0.000000021  C
  2    40      -0.000000011      -0.000000010       0.000000009  Zr
  2    40      -0.000000015       0.000000029      -0.000000014  Zr
  1     6      -0.000000040       0.000000043      -0.000000036  C
  2    40      -0.000000011       0.000000022      -0.000000010  Zr
  2    40       0.000000018       0.000000008       0.000000007  Zr
  1     6      -0.000000020       0.000000034       0.000000032  C
  2    40       0.000000012       0.000000012       0.000000006  Zr
  1     6      -0.000000022      -0.000000038       0.000000021  C
  1     6      -0.000000019       0.000000032       0.000000038  C
  2    40       0.000000012      -0.000000007      -0.000000003  Zr
  1     6      -0.000000025      -0.000000026       0.000000019  C
  2    40       0.000000020      -0.000000011      -0.000000004  Zr
  2    40       0.000000014       0.000000008       0.000000007  Zr
  1     6      -0.000000025       0.000000016      -0.000000028  C
  2    40       0.000000011       0.000000012       0.000000009  Zr
  1     6      -0.000000018      -0.000000024      -0.000000021  C
  1     6      -0.000000022       0.000000023      -0.000000036  C
  2    40       0.000000014      -0.000000009      -0.000000010  Zr
  1     6      -0.000000018      -0.000000019      -0.000000022  C
  2    40       0.000000021      -0.000000011      -0.000000010  Zr
  1     6       0.000000050       0.000000027       0.000000026  C
  2    40      -0.000000009      -0.000000009       0.000000012  Zr
  1     6       0.000000035      -0.000000021       0.000000032  C
  2    40      -0.000000010      -0.000000012       0.000000009  Zr
  2    40      -0.000000012       0.000000018      -0.000000003  Zr
  1     6       0.000000036       0.000000035       0.000000038  C
  2    40      -0.000000007       0.000000012      -0.000000003  Zr
  1     6       0.000000025      -0.000000044       0.000000032  C
  1     6       0.000000033       0.000000032      -0.000000023  C
  2    40      -0.000000007      -0.000000007       0.000000009  Zr
  1     6       0.000000017      -0.000000025      -0.000000028  C
  2    40      -0.000000012      -0.000000011       0.000000011  Zr
  2    40      -0.000000011       0.000000017      -0.000000011  Zr
  1     6       0.000000026       0.000000025      -0.000000040  C
  2    40      -0.000000010       0.000000015      -0.000000010  Zr
  1     6       0.000000043      -0.000000040      -0.000000036  C
  2    40       0.000000015       0.000000015       0.000000011  Zr
  1     6       0.000000027       0.000000050       0.000000025  C
  2    40       0.000000008       0.000000017       0.000000006  Zr
  1     6       0.000000030      -0.000000060       0.000000025  C
  1     6       0.000000028       0.000000028       0.000000054  C
  2    40       0.000000017      -0.000000012      -0.000000004  Zr
  1     6       0.000000031      -0.000000020       0.000000038  C
  2    40       0.000000015      -0.000000011      -0.000000001  Zr
  2    40       0.000000011       0.000000011       0.000000009  Zr
  1     6       0.000000032       0.000000032      -0.000000023  C
  2    40       0.000000008       0.000000015       0.000000008  Zr
  1     6       0.000000024      -0.000000041      -0.000000025  C
  1     6       0.000000030       0.000000030      -0.000000054  C
  2    40       0.000000017      -0.000000011      -0.000000010  Zr
  1     6       0.000000022      -0.000000022      -0.000000036  C
  2    40       0.000000029      -0.000000015      -0.000000015  Zr
