    32
     1   -0.044138   -0.044138    0.044138       0.031250
     2    0.044138   -0.044138    0.044138       0.031250
     3    0.132413   -0.044138    0.044138       0.031250
     4   -0.132413   -0.044138    0.044138       0.031250
     5   -0.044138    0.044138    0.044138       0.031250
     6    0.044138    0.044138    0.044138       0.031250
     7    0.132413    0.044138    0.044138       0.031250
     8   -0.132413    0.044138    0.044138       0.031250
     9   -0.044138    0.132413    0.044138       0.031250
    10    0.044138    0.132413    0.044138       0.031250
    11    0.132413    0.132413    0.044138       0.031250
    12   -0.132413    0.132413    0.044138       0.031250
    13   -0.044138   -0.132413    0.044138       0.031250
    14    0.044138   -0.132413    0.044138       0.031250
    15    0.132413   -0.132413    0.044138       0.031250
    16   -0.132413   -0.132413    0.044138       0.031250
    17   -0.044138   -0.044138    0.132413       0.031250
    18    0.044138   -0.044138    0.132413       0.031250
    19    0.132413   -0.044138    0.132413       0.031250
    20   -0.132413   -0.044138    0.132413       0.031250
    21   -0.044138    0.044138    0.132413       0.031250
    22    0.044138    0.044138    0.132413       0.031250
    23    0.132413    0.044138    0.132413       0.031250
    24   -0.132413    0.044138    0.132413       0.031250
    25   -0.044138    0.132413    0.132413       0.031250
    26    0.044138    0.132413    0.132413       0.031250
    27    0.132413    0.132413    0.132413       0.031250
    28   -0.132413    0.132413    0.132413       0.031250
    29   -0.044138   -0.132413    0.132413       0.031250
    30    0.044138   -0.132413    0.132413       0.031250
    31    0.132413   -0.132413    0.132413       0.031250
    32   -0.132413   -0.132413    0.132413       0.031250
