              -3390.1805654631
         -0.000100804      -0.000004822       0.000000639
         -0.000004822      -0.000124816       0.000008197
          0.000000640       0.000008197      -0.000079657
          64
  1     6      -0.012875490       0.028602137       0.000439763  C
  1     6      -0.004680253      -0.003572387      -0.012255041  C
  2    40      -0.042816961       0.010187140       0.004441306  Zr
  1     6      -0.057227503      -0.026307479       0.038418675  C
  2    40       0.017911709       0.001065584       0.003162893  Zr
  2    40      -0.023563366      -0.026847226       0.025952078  Zr
  1     6      -0.010427573      -0.002672081      -0.006560576  C
  2    40      -0.062316318       0.002159378      -0.031169264  Zr
  1     6       0.011017201       0.066135066       0.037906918  C
  1     6       0.001838755      -0.014599168      -0.016185261  C
  2    40       0.015277447      -0.004898544      -0.016749115  Zr
  1     6       0.003836486       0.007071110      -0.025138285  C
  2    40       0.013402088       0.004821641       0.003529867  Zr
  2    40      -0.011130579      -0.013187549       0.004873788  Zr
  1     6      -0.007848809       0.009073547      -0.006746528  C
  2    40       0.013041524       0.004062508      -0.001445436  Zr
  2    40      -0.004915156      -0.002357937      -0.050946398  Zr
  1     6       0.015558600       0.011141504       0.001506383  C
  2    40       0.000929282      -0.070566358       0.102487605  Zr
  1     6      -0.028292830       0.060313900       0.002003292  C
  1     6      -0.000999089       0.003584378      -0.011005646  C
  2    40      -0.011780134      -0.007214484      -0.029610415  Zr
  1     6       0.044817052      -0.012129098      -0.034472552  C
  2    40       0.071570327      -0.015903409       0.036253082  Zr
  2    40       0.011685026      -0.036477950       0.024409363  Zr
  1     6       0.002792512       0.004015306       0.012465623  C
  2    40      -0.002711709       0.033118692      -0.005790291  Zr
  1     6       0.003358164       0.006642187      -0.015580665  C
  1     6      -0.000260798      -0.012808754      -0.003579352  C
  2    40       0.004684358      -0.013469955       0.003161946  Zr
  1     6       0.012995846       0.005374402      -0.003241819  C
  2    40      -0.003738201       0.014379239      -0.023510458  Zr
  1     6       0.011974604       0.007465183      -0.012931699  C
  2    40       0.016051723      -0.001710226       0.003275123  Zr
  1     6       0.014147804      -0.004202409      -0.002802059  C
  2    40       0.014387544       0.024075147      -0.003553181  Zr
  2    40      -0.011093133       0.010404670      -0.004767227  Zr
  1     6       0.001382992       0.001733339       0.003270085  C
  2    40       0.021257347      -0.004897670      -0.029019223  Zr
  1     6      -0.000987033      -0.017041273       0.003384938  C
  1     6      -0.006704138       0.023594254       0.022418148  C
  2    40      -0.014034549      -0.012798593       0.023117667  Zr
  1     6       0.008059911       0.012946243       0.005224865  C
  2    40      -0.001037657      -0.004268185       0.003432477  Zr
  2    40       0.013596996       0.000408394      -0.007696796  Zr
  1     6       0.005869231       0.023939859      -0.004309448  C
  2    40      -0.043902182      -0.049556940      -0.019389827  Zr
  1     6      -0.006047782      -0.004726869       0.004796601  C
  2    40       0.001290155       0.008420950       0.034859339  Zr
  1     6       0.013395248      -0.017088620      -0.015760445  C
  2    40       0.000711895      -0.002130479      -0.002226931  Zr
  1     6      -0.004726545      -0.011280064       0.000466987  C
  1     6       0.014215721       0.014109332       0.000485483  C
  2    40       0.006360124      -0.022223711      -0.009570402  Zr
  1     6      -0.010110762       0.009820758       0.006011176  C
  2    40      -0.005350361      -0.007156988       0.005456524  Zr
  2    40      -0.005802537      -0.007435259       0.000010207  Zr
  1     6       0.005356012       0.021238568       0.000081249  C
  2    40      -0.004120220       0.009783035       0.026908751  Zr
  1     6      -0.014593880       0.001081965      -0.009872317  C
  1     6       0.021082704      -0.009942192       0.000202226  C
  2    40       0.008890060       0.007948230      -0.006822479  Zr
  1     6      -0.000418323      -0.003577056      -0.004095539  C
  2    40      -0.007351864      -0.007464323      -0.018189620  Zr
