              -3390.1338482939
         -0.000183855      -0.000006418       0.000007759
         -0.000006418      -0.000075553      -0.000001978
          0.000007760      -0.000001978      -0.000099475
          64
  1     6       0.007688337       0.000112879       0.009418706  C
  1     6      -0.005035604      -0.023995024       0.011619784  C
  2    40       0.003612974      -0.014586980      -0.007975153  Zr
  1     6      -0.045008399       0.019114077      -0.023329679  C
  2    40      -0.035399112       0.059841128       0.094686336  Zr
  2    40      -0.011273749      -0.048505987      -0.025986573  Zr
  1     6       0.001727930      -0.017559548       0.004192220  C
  2    40      -0.054655490       0.070219780       0.020722022  Zr
  1     6      -0.249986779       0.054097858      -0.063510424  C
  1     6       0.001589759       0.004280887       0.014565243  C
  2    40       0.004728338      -0.006802808      -0.000803208  Zr
  1     6       0.003936313       0.001600934       0.011069209  C
  2    40      -0.006210670      -0.012358160      -0.025350348  Zr
  2    40       0.008923066       0.001710426       0.005256421  Zr
  1     6      -0.024729061       0.006726896      -0.008670816  C
  2    40       0.008018902      -0.016703863       0.006074400  Zr
  2    40       0.014673886      -0.018132173       0.000931214  Zr
  1     6      -0.004306251      -0.015778659       0.003399242  C
  2    40      -0.010975959      -0.014149204      -0.034516598  Zr
  1     6       0.076505075       0.031211925       0.021166047  C
  1     6       0.009125686      -0.008159286      -0.000527157  C
  2    40      -0.009761892      -0.004012029       0.006312128  Zr
  1     6      -0.018687503      -0.030621778       0.016043501  C
  2    40       0.289473509       0.011091487      -0.004941981  Zr
  2    40      -0.011929746       0.000220199      -0.010010066  Zr
  1     6       0.000548091       0.005389420      -0.001649131  C
  2    40       0.003932500      -0.003153279      -0.002649606  Zr
  1     6      -0.001373765      -0.005147849      -0.000150633  C
  1     6       0.002229732      -0.003965152      -0.010044541  C
  2    40       0.018162217       0.005345677       0.001394639  Zr
  1     6       0.000953462       0.003282956      -0.004598025  C
  2    40      -0.012100821      -0.004290460      -0.001328963  Zr
  1     6      -0.009434814       0.004936559      -0.007470953  C
  2    40       0.014876095       0.008374035       0.016513220  Zr
  1     6       0.008379586       0.000931397       0.000189600  C
  2    40      -0.017523172       0.002749606      -0.014630818  Zr
  2    40      -0.011365748       0.003976993       0.012430283  Zr
  1     6       0.002821383       0.003888203      -0.009057012  C
  2    40      -0.017381669      -0.007213294       0.014150141  Zr
  1     6       0.022607658      -0.001982369       0.014347652  C
  1     6      -0.011537341      -0.006049857      -0.006226099  C
  2    40       0.009360597       0.001587118       0.024969916  Zr
  1     6      -0.003382426      -0.001005471      -0.002656141  C
  2    40      -0.017013459       0.003131581      -0.001420410  Zr
  2    40       0.005982978      -0.008425241       0.009265800  Zr
  1     6      -0.037185237       0.000758356      -0.014929446  C
  2    40       0.015333062      -0.004874111       0.005229015  Zr
  1     6      -0.006014826       0.004255002       0.002293930  C
  2    40       0.000172837      -0.014412773      -0.004871342  Zr
  1     6      -0.000723690      -0.003240885       0.005586666  C
  2    40       0.007191611      -0.005457695      -0.003997465  Zr
  1     6       0.000423370       0.005524712      -0.001966842  C
  1     6       0.014308604       0.003653862       0.007391215  C
  2    40       0.006224309      -0.023625859       0.005966145  Zr
  1     6       0.034940864       0.005857974      -0.004223259  C
  2    40      -0.010239739      -0.005992787      -0.027308749  Zr
  2    40      -0.005880970       0.004683090      -0.010186525  Zr
  1     6       0.006706416       0.003904166       0.001948317  C
  2    40      -0.008528051      -0.007041653      -0.006284242  Zr
  1     6       0.011192039       0.000558222       0.001130923  C
  1     6      -0.001316095      -0.003146475       0.003520572  C
  2    40       0.033412257       0.002798366      -0.010112961  Zr
  1     6      -0.004081732       0.001035929       0.005867547  C
  2    40       0.010815089       0.007916264      -0.004952993  Zr
