245362312
3.635445384820071179632350322208367288112640380859375
1.451536868211378727977489688782952725887298583984375
2.606078120764312444634924759157001972198486328125
3.32464282148475387401731495629064738750457763671875
4.181957042294275339600062579847872257232666015625
0.21221493994039464237033598692505620419979095458984375
0.52029697011642783710527737639495171606540679931640625
2.253236763172933532217712127021513879299163818359375
0.87172839359648879309361291234381496906280517578125
0.27641885657919507135460435165441595017910003662109375
3.1505252731364183915729881846345961093902587890625
2.11880559584908478854003988089971244335174560546875
4.75540821622066278706597586278803646564483642578125
2.98987703682416139372435281984508037567138671875
3.922289890930930056356373825110495090484619140625
5.7884391303882463120089596486650407314300537109375
5.791542058629847389283895608969032764434814453125
3.96668387796291543878623997443355619907379150390625
5.96118295184770108363636609283275902271270751953125
2.49547173590215454197505096090026199817657470703125
3.710492751616182971474700025282800197601318359375
0.80768303972235655496803019559592939913272857666015625
5.9174193566964987667233799584209918975830078125
2.585308739261695354372250221786089241504669189453125
4.50370535764811830148346416535787284374237060546875
1.766712084905157187364466153667308390140533447265625
3.775533553948350995455029988079331815242767333984375
0.57228054102847891737582131099770776927471160888671875
0.966985075412293948460273895761929452419281005859375
0.532389807903474565620172143098898231983184814453125
4.85836056395806270558068717946298420429229736328125
6.1638249420942248235633087460882961750030517578125
0.99443433396550895420062943230732344090938568115234375
0.1979668961303966689957434255120460875332355499267578125
4.8554649136531367048519314266741275787353515625
4.53238667410351325770534458570182323455810546875
5.4011253078751000344936983310617506504058837890625
0.2303767840760933827137790785855031572282314300537109375
2.1178042167211597046616589068435132503509521484375
5.54132180901291260255447923555038869380950927734375
5.67741311917867985670227426453493535518646240234375
1.7093696022279771806751114127109758555889129638671875
4.91036627467231046040296860155649483203887939453125
5.41751784037020822637487071915529668331146240234375
5.84380772696076888905736268498003482818603515625
4.48344101350199242261851395596750080585479736328125
5.987551286565402364203691831789910793304443359375
2.5025150076550684019593973062001168727874755859375
1.9282188668758484251242180107510648667812347412109375
1.371232303418284725893272479879669845104217529296875
5.39392053581801622641478388686664402484893798828125
2.78327084287246773186552672996185719966888427734375
4.96050339427350284182693940238095819950103759765625
3.264034599487204868495382470428012311458587646484375
5.82933315028634968513188141514547169208526611328125
1.13344658243810325615186229697428643703460693359375
3.547019696566513946578425020561553537845611572265625
2.110137033814549312182862195186316967010498046875
5.12446633377420912580646472633816301822662353515625
1.76836671547175594554346389486454427242279052734375
0.9111919195326023679371019170503132045269012451171875
2.82088644287629985996090908884070813655853271484375
4.3327030816441283178619414684362709522247314453125
1.3143582237030797532639780911267735064029693603515625
1.7406980513909970920138903238694183528423309326171875
0.4782351261231252426142646072548814117908477783203125
2.306024207568997841377722579636611044406890869140625
5.3632938250504569310805891291238367557525634765625
6.27515359594415400579237029887735843658447265625
1.7784646069854905814366929917014203965663909912109375
4.866314227186105512146241380833089351654052734375
4.76167710691802259503901950665749609470367431640625
5.754727379941346754321784828789532184600830078125
4.3043492920656074574026206391863524913787841796875
1.8330984119914923713423604567651636898517608642578125
2.9979118656730232572726890794001519680023193359375
6.04133843943694603950689270277507603168487548828125
3.359848237622099276222797925584018230438232421875
4.85901445908069096191184144117869436740875244140625
4.06859286667521491409615919110365211963653564453125
1.0766116884465428693573585405829362571239471435546875
1.16796049475486451996175674139522016048431396484375
1.5251486617939331580373618635348975658416748046875
4.3659781949322056249229717650450766086578369140625
2.59221214141714551004724853555671870708465576171875
1.0552330981169169010769337546662427484989166259765625
2.773168694267125200525470063439570367336273193359375
3.30548968943003362852550708339549601078033447265625
0.12235374576751122110973568624103791080415248870849609375
0.55753387914651730827841902282671071588993072509765625
1.116184389033002322122456462238915264606475830078125
4.69974249220893458556247423985041677951812744140625
3.0910587504430271366118176956661045551300048828125
4.9651937436993502927862209617160260677337646484375
0.1674265853045399377041491106865578331053256988525390625
1.9834151170695693000567416675039567053318023681640625
1.0142440031729063054655171072226949036121368408203125
4.62667417269245984101644353359006345272064208984375
3.3994446287039181697764433920383453369140625
4.056509622704925988045943086035549640655517578125
2.570724569542360171681139036081731319427490234375
0.88381253579847818269143999714287929236888885498046875
4.64546762878261887408370967023074626922607421875
1.305418732166284012663481917115859687328338623046875
5.51595590672415170274689444340765476226806640625
0.4400882293832968361613211527583189308643341064453125
5.4183983561323412203591942670755088329315185546875
1.2232925183754301823313426211825571954250335693359375
0.633050845571592191163290408439934253692626953125
3.89315971317325004719123171526007354259490966796875
2.65590227244934684591726181679405272006988525390625
2.044515710478887360324051769566722214221954345703125
2.744765139141416288026675829314626753330230712890625
6.2095389405890930589748677448369562625885009765625
3.097471647870175370798051517340354621410369873046875
5.8526812379663990526523775770328938961029052734375
2.8114206841158608796149565023370087146759033203125
4.7289041782961849236244233907200396060943603515625
4.6426106960675515011871539172716438770294189453125
5.94152438452277298353010337450541555881500244140625
1.6140902188494334890123127479455433785915374755859375
4.224336295623022152767589432187378406524658203125
5.23825803549830038008394694770686328411102294921875
2.9755750786313068800836845184676349163055419921875
5.35292977899906841088295550434850156307220458984375
0.388601011946024310628189368799212388694286346435546875
0.178939016195702738087902616825886070728302001953125
5.39579302414483219507701505790464580059051513671875
2.821121305596258732606429475708864629268646240234375
2.784728620256617492856321405270136892795562744140625
3.021824622176269681261828736751340329647064208984375
5.303603870878969672730818274430930614471435546875
2.80753302613621880112759754410944879055023193359375
0.7237630133389367781404644119902513921260833740234375
3.50046035671178668025049773859791457653045654296875
5.0423397249954735599430932779796421527862548828125
0.4805294088419420628355283042765222489833831787109375
5.86385385054299401730304452939890325069427490234375
2.1479342316911100851939409039914608001708984375
5.3069110224842983569715215708129107952117919921875
3.141793115127184510271263206959702074527740478515625
2.943325456286921326665151354973204433917999267578125
1.8454434568552340323321914183907210826873779296875
6.2444362866600062744737442699261009693145751953125
1.0948945393140043780277892437879927456378936767578125
4.301972415917926895190248615108430385589599609375
5.10020416221380212817848587292246520519256591796875
3.666779167782404424968945022555999457836151123046875
0.78852842719454152575764283028547652065753936767578125
2.79151030762795482331739549408666789531707763671875
4.77264427898305054753791409893892705440521240234375
3.12035405946754718087277069571428000926971435546875
4.53415545031608768766773209790699183940887451171875
4.6887758292393986181423315429128706455230712890625
5.2572662333331692252613720484077930450439453125
1.6165830897715398606351300259120762348175048828125
3.124828283228182623787461125175468623638153076171875
5.4366061768574045487412149668671190738677978515625
0.332656423564377912160949790632002986967563629150390625
3.353651202534909003816210315562784671783447265625
1.860651461656524841004056725068949162960052490234375
5.5442701243686567380564156337641179561614990234375
4.69482929939805959662635359563864767551422119140625
2.302222209294511490185186630696989595890045166015625
1.0352208703465652916975159314461052417755126953125
3.489161210498928245016259097610600292682647705078125
0.3612119466200580664150265874923206865787506103515625
4.77785353422877090423526169615797698497772216796875
3.0273525741253433096744629438035190105438232421875
5.294271776017506425660030799917876720428466796875
0.6127603064143567479504781658761203289031982421875
4.11730755006719295607808817294426262378692626953125
5.18757811184750838862100863480009138584136962890625
2.424675032651791628524051702697761356830596923828125
2.385400281664499022582504039746709167957305908203125
0.664600195364431822753203960019163787364959716796875
0.8675792507136994569094667895114980638027191162109375
4.92372206719134997143783039064146578311920166015625
2.8535490089583124273531211656518280506134033203125
4.7625809767043580933432167512364685535430908203125
6.03649149340832735788353602401912212371826171875
3.41344972570865667904627116513438522815704345703125
2.29488685424392446776664655772037804126739501953125
5.00988553403869474323073518462479114532470703125
5.09156201755392512353637357591651380062103271484375
1.040487632901943459984295259346254169940948486328125
4.64864157291941193506090712617151439189910888671875
3.15872561361082038189351806067861616611480712890625
2.145338306967897512578247187775559723377227783203125
2.7900836143271323663839211803860962390899658203125
5.07854158144931222551576865953393280506134033203125
2.493605034879255999413771860417909920215606689453125
0.7154554350839255061345056674326770007610321044921875
0.428466418491893652475965836856630630791187286376953125
0.79647376518532342348777319784858264029026031494140625
0.060643899282740380829448412214333075098693370819091796875
0.43009257662580002712360283112502656877040863037109375
0.5142158789160735654633072044816799461841583251953125
0.5108448227452322409902762956335209310054779052734375
0.73811356757679658091575447542709298431873321533203125
0.2296264531228814631536039314596564508974552154541015625
0.2006545370447703480198953229773906059563159942626953125
0.1454367354258134792388545974972657859325408935546875
0.87287263612862331374486757340491749346256256103515625
0.5355011087541938774592154004494659602642059326171875
0.72699091710475782779354858575970865786075592041015625
0.2062971122592208439439076528287841938436031341552734375
0.202850928624556836599168718748842366039752960205078125
0.152277968894819704104293123236857354640960693359375
0.33652276282036808208175671097706072032451629638671875
0.16045068677535778700615765046677552163600921630859375
0.6143308699197744804365584059269167482852935791015625
0.430941719296826841745229330626898445188999176025390625
0.67335109816554516992681556075694970786571502685546875
0.487160517595317477113070481209433637559413909912109375
0.0805264246093697899642194215630297549068927764892578125
0.455458093181000112092959852816420607268810272216796875
0.218208641381100132417003578666481189429759979248046875
0.61839934606961877161523943868814967572689056396484375
0.35774155303730703625575415571802295744419097900390625
0.5669349877009797200599905409035272896289825439453125
0.77815227991815294483757270427304320037364959716796875
0.00599117111693656632931404004693831666372716426849365234375
0.69498464730334685857116028273594565689563751220703125
0.61232055612482161333076646769768558442592620849609375
0.10702087409189943445486647988218464888632297515869140625
0.428674072692484642299604047366301529109477996826171875
0.363314505835675871647794110685936175286769866943359375
0.84989849284752205793580515091889537870883941650390625
0.80140233356570933498375097769894637167453765869140625
0.448130269743562792417179707626928575336933135986328125
0.053845980695377097802190036190950195305049419403076171875
0.1631097193635579756243458859898964874446392059326171875
0.504483191065715264045365984202362596988677978515625
0.363135899586200683319958670836058445274829864501953125
0.93540952072265071137735503725707530975341796875
0.9469572142450870533281204188824631273746490478515625
0.70330298678171965232053253203048370778560638427734375
0.69456500871785220585508113799733109772205352783203125
0.11121752537377994907163980542463832534849643707275390625
0.42979504420878134052230734596378169953823089599609375
0.07965680681153052000720293790436699055135250091552734375
0.93959014394301465511460946800070814788341522216796875
0.7180849084249161240478542822529561817646026611328125
0.47963691711408873441513378566014580428600311279296875
0.1265476458363922473981943994658649899065494537353515625
0.401415999234382037119672759217792190611362457275390625
0.8313555493165531995458650271757505834102630615234375
0.452448249073907848849529500512289814651012420654296875
0.34603478403111675998360396988573484122753143310546875
0.198063484019629421073460662228171713650226593017578125
0.7456550354816275927305468940176069736480712890625
0.9950061049289098402681474908604286611080169677734375
0.09796908316107889869162050899831228889524936676025390625
0.8472456558827523576127305204863660037517547607421875
0.9964566780237744669790345142246223986148834228515625
0.427425008466199518597505857542273588478565216064453125
0.1355098160614770785858951285263174213469028472900390625
0.51908479748251135088565888509037904441356658935546875
0.156503787802766913817009708509431220591068267822265625
0.37308196554569617031660300199291668832302093505859375
0.92648890098859038033651813748292624950408935546875
0.463445060636589800662221705351839773356914520263671875
0.339023683378018303447021253305138088762760162353515625
0.0936831897560894411025600447828765027225017547607421875
0.73147745790494489437350011939997784793376922607421875
0.9665027721629024792804329990758560597896575927734375
0.43676737204043536433317740375059656798839569091796875
0.92609051471859704651734546132502146065235137939453125
0.65107998934159050374859134535654447972774505615234375
0.74392306420203435646243406154098920524120330810546875
0.050376869761560520710741428729306790046393871307373046875
0.72365015173500879530621432422776706516742706298828125
0.53836322414612547415657672900124453008174896240234375
0.039481410309430871319325007107181590981781482696533203125
0.2414566633484590274516534691429114900529384613037109375
0.97791844605371280874095418766955845057964324951171875
0.1870613406352053254000367132903193123638629913330078125
0.92579001417653172811839112910092808306217193603515625
0.357256815469477684299448583260527811944484710693359375
0.211143491422358664522107574157416820526123046875
0.31121987724267874408923262308235280215740203857421875
0.56586676582967243565036596919526346027851104736328125
0.13915513928008971245020575224771164357662200927734375
0.28272370495028964487715938957990147173404693603515625
0.265293450218296367193460127964499406516551971435546875
0.437771795521384010640986161888577044010162353515625
0.197994841354896700114096574907307513058185577392578125
0.50155700673421710344968005301780067384243011474609375
0.40415689554259037752359517980949021875858306884765625
0.43122507744991456224425974141922779381275177001953125
0.9536017933644362898348845192231237888336181640625
0.8135591232280987572522690243204124271869659423828125
0.85050702926260746128406253774301148951053619384765625
0.6667481580128651330596767365932464599609375
0.758822340405929107731708427309058606624603271484375
0.29649811717518514964098130803904496133327484130859375
0.05553791208916246391336102306013344787061214447021484375
0.81802946693172184922104861470870673656463623046875
0.35432216262180460386588265464524738490581512451171875
0.9849281804565936937478909385390579700469970703125
0.1273999405686743191523646601126529276371002197265625
0.9352859337512804405179167588357813656330108642578125
0.58412192230304793572059907091897912323474884033203125
0.061752846958931927046076992837697616778314113616943359375
0.977881357063484113467666247743181884288787841796875
0.63389237673668763495271605279413051903247833251953125
0.902121447446812663173432156327180564403533935546875
0.072146283961900647963005894780508242547512054443359375
0.1868006359724330989191543039851239882409572601318359375
0.96039232051018263991437606819090433418750762939453125
0.616786091409989634115618173382245004177093505859375
0.0156651930956473554867880437768690171651542186737060546875
0.11925531975890292513131640816936851479113101959228515625
0.86701705533406558945586084519163705408573150634765625
0.9344478319093807439088550381711684167385101318359375
0.09319309568646973185312987197903566993772983551025390625
0.274645210371653181180562341978657059371471405029296875
0.38724255393596485053109290674910880625247955322265625
0.4653219689919250168230746567132882773876190185546875
0.84704595005467808732646517455577850341796875
0.9419733257694045125418824682128615677356719970703125
0.37468647555200684795551069328212179243564605712890625
0.92838982582482965089099025135510601103305816650390625
0.59672324899431472555733080298523418605327606201171875
0.1857272014886733046967748350652982480823993682861328125
0.060813437244302333273271443658813950605690479278564453125
0.81400600672420397874162745210924185812473297119140625
0.474837295932153846678147601778618991374969482421875
0.91017329129864144032779904591734521090984344482421875
0.406838809329475636911155334018985740840435028076171875
0.193799585659894912925693688521278090775012969970703125
0.9064688952204160710124369870754890143871307373046875
0.528510933988034281583168194629251956939697265625
0.327211928240587923699678185585071332752704620361328125
0.7427068500512776783040180816897191107273101806640625
0.43703622810404574305920277765835635364055633544921875
0.655196204620970501508736560936085879802703857421875
0.52877494857123819027577837914577685296535491943359375
0.258555463169960031422078827745281159877777099609375
0.69877649177740164265770772544783540070056915283203125
0.6826137666043889939970767954946495592594146728515625
0.2467959570916350708902342603323631919920444488525390625
0.8360685602929762705315397397498600184917449951171875
0.429881099811699751711557837552390992641448974609375
0.0634876038243470663946510512687382288277149200439453125
0.59086297340265614419507755883387289941310882568359375
0.336751813691459511712622543200268410146236419677734375
0.72573198598145138848991564373136498034000396728515625
0.791043317313791849443305181921459734439849853515625
0.859095650193791637860840637586079537868499755859375
0.227201792517305267704585958199459128081798553466796875
0.2184303422544292827556233760333270765841007232666015625
0.10785458148822867074922982055795728228986263275146484375
0.465984027118414634305310073614236898720264434814453125
0.872703488391220361108935321681201457977294921875
0.810692709782483422742416223627515137195587158203125
0.92435044838318158877399355333182029426097869873046875
0.051937027392879607512465867102946504019200801849365234375
0.7791219203635686429976203726255334913730621337890625
0.5066608588707917082416543053113855421543121337890625
0.318538035880093495233467137950356118381023406982421875
0.09989671367215770259040397149874479509890079498291015625
0.5948557004308587803365071522421203553676605224609375
0.520552596785385457422989929909817874431610107421875
0.87857261434130962118871366328676231205463409423828125
0.91964918417839758291165708214975893497467041015625
0.67578012481135318889613472492783330380916595458984375
0.98817240353122925977658042029361240565776824951171875
0.8852848172584943942098334446200169622898101806640625
0.1500447509577706173278244250468560494482517242431640625
0.6189169495454602820672107554855756461620330810546875
0.31330555971400142478699990533641539514064788818359375
0.0182261276143724677833990455155799281783401966094970703125
0.30368640520781575720121736594592221081256866455078125
0.8470607147771216371978653114638291299343109130859375
0.63995757170019562654061928697046823799610137939453125
0.90787109588639391954956181507441215217113494873046875
0.8208886002287680838662708993069827556610107421875
0.565482985491623679763506515882909297943115234375
0.88862581313058075505040278585511259734630584716796875
0.721089443527669349265352138900198042392730712890625
0.5498300057602254486965875912574119865894317626953125
0.94635452374180528689606717307469807565212249755859375
