              -3390.1281808326
         -0.000153141      -0.000010854      -0.000015685
         -0.000010854      -0.000111471      -0.000017335
         -0.000015684      -0.000017335      -0.000161843
          64
  1     6       0.006679363       0.016313234      -0.011155464  C
  1     6       0.019790348       0.007418714       0.000278188  C
  2    40       0.002585773       0.012848037      -0.005086749  Zr
  1     6      -0.052117932      -0.052443954      -0.000643127  C
  2    40       0.012542769       0.003327473       0.202005123  Zr
  2    40       0.015644517      -0.015368187      -0.016953390  Zr
  1     6      -0.005161921      -0.001234171       0.002567190  C
  2    40      -0.138710003       0.011810799      -0.079604740  Zr
  1     6      -0.072103681      -0.017690531      -0.120660963  C
  1     6       0.001418949       0.003353340       0.029059878  C
  2    40      -0.033470025      -0.017007899       0.032355807  Zr
  1     6      -0.003171441      -0.000422081       0.011361595  C
  2    40       0.007677486       0.009464909      -0.005533907  Zr
  2    40      -0.009068633       0.012931472       0.001417883  Zr
  1     6       0.006301917      -0.004517623      -0.014010217  C
  2    40       0.007652777      -0.014206106      -0.008954404  Zr
  2    40      -0.033185041      -0.018239074      -0.000419855  Zr
  1     6       0.014715080      -0.005033653       0.003849764  C
  2    40      -0.016736386       0.028815969       0.056450755  Zr
  1     6      -0.015625266       0.028584956       0.072372577  C
  1     6       0.005764895      -0.003289886       0.011020062  C
  2    40       0.018356163       0.009971204       0.015464443  Zr
  1     6       0.055873482      -0.025107203       0.024534688  C
  2    40       0.029297799      -0.007372309      -0.079247154  Zr
  2    40       0.006362934       0.031093838      -0.010220315  Zr
  1     6       0.000880534      -0.006994718       0.005856606  C
  2    40       0.035144431       0.014555142      -0.026308660  Zr
  1     6       0.004762459       0.007253132      -0.003610120  C
  1     6       0.022541662       0.002305328      -0.014984043  C
  2    40       0.018797363      -0.019847408      -0.015097891  Zr
  1     6       0.018232930      -0.003872984      -0.017599595  C
  2    40       0.010013844      -0.009077304       0.004747638  Zr
  1     6       0.010758406       0.009707247       0.010372460  C
  2    40      -0.004516705      -0.011495133       0.023776847  Zr
  1     6       0.020039175       0.021142105       0.016383878  C
  2    40       0.023293748      -0.016433449      -0.010484310  Zr
  2    40       0.016079560       0.007881382      -0.021302371  Zr
  1     6      -0.007066641       0.008283136      -0.016222578  C
  2    40      -0.013338785      -0.008307293       0.011096819  Zr
  1     6       0.012978416       0.014670364      -0.009019452  C
  1     6      -0.017055468      -0.026068651       0.006199209  C
  2    40       0.006152978      -0.012494827       0.020183297  Zr
  1     6      -0.004835861      -0.012935185      -0.010173598  C
  2    40      -0.022036619      -0.023478455       0.002075030  Zr
  2    40      -0.036016965       0.006038390      -0.010797256  Zr
  1     6       0.001103359      -0.017099067      -0.008320957  C
  2    40       0.003215320       0.027935845      -0.001039198  Zr
  1     6       0.006088840       0.007250449      -0.001185204  C
  2    40      -0.021563393       0.039644354      -0.009246224  Zr
  1     6       0.014020029      -0.001345690       0.015247472  C
  2    40       0.005575138       0.008959671      -0.012154211  Zr
  1     6       0.020734885       0.015083170       0.005142841  C
  1     6       0.010429034      -0.007122272      -0.001390456  C
  2    40       0.020769207      -0.017057665      -0.018826538  Zr
  1     6       0.012075294      -0.006349359      -0.011945023  C
  2    40      -0.020058889      -0.008449743      -0.006948112  Zr
  2    40      -0.001936169       0.012694908      -0.002539379  Zr
  1     6      -0.005181251      -0.007168948       0.020708743  C
  2    40       0.005596669       0.016029859      -0.010219900  Zr
  1     6       0.008348893       0.010051180       0.010821574  C
  1     6       0.012546633      -0.005240220      -0.013346300  C
  2    40       0.002822714      -0.001943735       0.011006992  Zr
  1     6      -0.000676376      -0.002924097      -0.002619598  C
  2    40      -0.002375585       0.000924932      -0.018669940  Zr
