              -3390.0968010773
         -0.000205610      -0.000001250      -0.000006787
         -0.000001250      -0.000191428      -0.000007325
         -0.000006787      -0.000007325      -0.000100984
          64
  1     6      -0.002837049      -0.001509515       0.028755942  C
  1     6       0.001732011      -0.070508892       0.003816001  C
  2    40       0.007531440      -0.008429744       0.005427674  Zr
  1     6      -0.021213001      -0.005683414      -0.005024226  C
  2    40      -0.109598804       0.187608528      -0.071060093  Zr
  2    40       0.022460657      -0.018791803      -0.012064771  Zr
  1     6      -0.000910565      -0.007088134       0.005562135  C
  2    40      -0.062223368       0.041278046      -0.010437431  Zr
  1     6       0.119882633      -0.003690162      -0.040342554  C
  1     6       0.006332081       0.011211224       0.005267906  C
  2    40      -0.019755821      -0.000905662       0.006601254  Zr
  1     6       0.006224403       0.002580100       0.010400739  C
  2    40       0.021036766      -0.016418847       0.007714431  Zr
  2    40      -0.011314905      -0.036564401       0.023280620  Zr
  1     6       0.020461315       0.010945594      -0.007326502  C
  2    40      -0.005356449      -0.017717142       0.017824179  Zr
  2    40       0.040322674      -0.055287884       0.004941975  Zr
  1     6      -0.001438901      -0.013433666       0.000053399  C
  2    40       0.015600583       0.030571405       0.001856910  Zr
  1     6       0.055025544       0.025001600       0.031226029  C
  1     6      -0.007331081      -0.019816807       0.000419317  C
  2    40       0.010540026       0.010017390       0.001296115  Zr
  1     6      -0.007271866       0.155496960      -0.057083284  C
  2    40      -0.093004972      -0.162923815      -0.062236210  Zr
  2    40      -0.010188978       0.016431454       0.018429520  Zr
  1     6       0.006345479      -0.011733707       0.006719223  C
  2    40       0.002755046       0.010106962      -0.008131596  Zr
  1     6      -0.005263719      -0.006785652       0.006205557  C
  1     6       0.009189847      -0.006924643      -0.012994910  C
  2    40      -0.019546571      -0.006333627       0.000021207  Zr
  1     6      -0.001367039      -0.010749227       0.020230069  C
  2    40       0.028833315       0.012670200       0.027745490  Zr
  1     6       0.004982080       0.011988044       0.003617224  C
  2    40      -0.017474678       0.008270873      -0.000921051  Zr
  1     6       0.007739229       0.010925918       0.009355571  C
  2    40       0.042313990      -0.022430664       0.029421049  Zr
  2    40       0.016603759       0.007041282      -0.003330555  Zr
  1     6      -0.008395606      -0.015789857       0.002719057  C
  2    40       0.027971579       0.019576393      -0.006384700  Zr
  1     6       0.018785880      -0.009049070      -0.004828795  C
  1     6      -0.003662325      -0.016595922       0.008975536  C
  2    40      -0.015779860       0.026514693      -0.019959535  Zr
  1     6      -0.004212331      -0.029902179       0.008941861  C
  2    40       0.013628850       0.022774335      -0.006776385  Zr
  2    40      -0.007485595       0.000451859       0.012234397  Zr
  1     6       0.017897646      -0.014329514      -0.001932745  C
  2    40      -0.003799298       0.017694151      -0.006673642  Zr
  1     6      -0.000067838      -0.009270413      -0.004259789  C
  2    40      -0.002199428      -0.022942198       0.007719637  Zr
  1     6       0.000611656       0.004593586       0.011942648  C
  2    40       0.025798471      -0.017622986       0.003208054  Zr
  1     6      -0.030796850       0.004176061       0.026108178  C
  1     6      -0.012903222       0.002964500       0.000842242  C
  2    40       0.008121114      -0.025100164      -0.010942623  Zr
  1     6      -0.005810172       0.007194205      -0.000302952  C
  2    40      -0.055593971       0.006155895      -0.000814190  Zr
  2    40       0.000780663      -0.001592118      -0.006735712  Zr
  1     6       0.022274917       0.000010395       0.012871487  C
  2    40       0.006340471       0.005473515       0.005083240  Zr
  1     6      -0.012611433      -0.002473922       0.001871284  C
  1     6      -0.001631288       0.015272145      -0.007192463  C
  2    40      -0.034217848      -0.011418312      -0.001023439  Zr
  1     6      -0.000298791       0.015180277       0.001360104  C
  2    40       0.006210647      -0.017215518      -0.014080871  Zr
