              -3390.1035381431
         -0.000157971      -0.000002113       0.000001571
         -0.000002113      -0.000144469      -0.000004340
          0.000001571      -0.000004339      -0.000097296
          64
  1     6       0.000242783       0.003143967       0.014428785  C
  1     6       0.006882003      -0.030033900      -0.006728575  C
  2    40      -0.000832561      -0.000275032      -0.017084619  Zr
  1     6      -0.119545319       0.013718228       0.020087193  C
  2    40       0.056977475       0.120834084       0.103147330  Zr
  2    40       0.007970061      -0.026857243      -0.028028596  Zr
  1     6       0.004853851      -0.015978525       0.002744690  C
  2    40      -0.041228868       0.061779499      -0.018574312  Zr
  1     6      -0.143188157       0.010449489      -0.019277701  C
  1     6       0.002689885      -0.000862220      -0.015961912  C
  2    40       0.007249657       0.013304937       0.012379523  Zr
  1     6       0.013273702      -0.001551387       0.000832934  C
  2    40       0.000159155      -0.005490361      -0.011834312  Zr
  2    40      -0.006393151      -0.018652847       0.015935434  Zr
  1     6      -0.007128974       0.006755527       0.006341193  C
  2    40       0.004291686      -0.020489238      -0.013005845  Zr
  2    40      -0.001946451      -0.006376217      -0.001279976  Zr
  1     6       0.013224174      -0.008387961       0.003368705  C
  2    40      -0.020142672       0.054795968       0.046196581  Zr
  1     6       0.030953790       0.017569612      -0.015806421  C
  1     6       0.022184057      -0.010516885       0.003358552  C
  2    40       0.001040149      -0.012688685      -0.011753240  Zr
  1     6       0.054167084       0.041881536      -0.041854924  C
  2    40       0.037055302      -0.178806574      -0.029314218  Zr
  2    40       0.013080134       0.009088535      -0.006142410  Zr
  1     6      -0.003350157      -0.008369953       0.003124257  C
  2    40      -0.011101919       0.021813157      -0.009564369  Zr
  1     6       0.011474244      -0.002797236       0.006792045  C
  1     6       0.011875414       0.004202557       0.011681841  C
  2    40       0.022967907      -0.015317147       0.005219512  Zr
  1     6       0.002928563      -0.003074216       0.010841291  C
  2    40      -0.004563935       0.005635197      -0.014840620  Zr
  1     6      -0.004394695       0.003711428       0.000558775  C
  2    40      -0.001669877       0.015217247       0.015144598  Zr
  1     6       0.041744420      -0.000154010      -0.016703035  C
  2    40      -0.002820941      -0.015336061       0.002718523  Zr
  2    40      -0.010918997       0.017491123      -0.001797086  Zr
  1     6      -0.013318603      -0.003873947      -0.005683771  C
  2    40       0.014980260       0.032581371       0.004516666  Zr
  1     6       0.036749212      -0.007646736       0.001769511  C
  1     6      -0.026742532      -0.009528982       0.002145797  C
  2    40       0.012582148       0.026628024       0.024059473  Zr
  1     6      -0.001701858      -0.008960756      -0.001251123  C
  2    40       0.005957920       0.010567023      -0.005978418  Zr
  2    40      -0.008632909       0.000562437       0.002653877  Zr
  1     6      -0.029826321       0.003393741      -0.018453369  C
  2    40       0.002058971      -0.008230154       0.006747650  Zr
  1     6      -0.001861813      -0.002157943       0.001703692  C
  2    40      -0.028293475      -0.030506849      -0.006885492  Zr
  1     6       0.008116914       0.009004990      -0.005898177  C
  2    40      -0.007073623      -0.022880489      -0.007131240  Zr
  1     6       0.003545604       0.009892595       0.001104894  C
  1     6       0.002178333      -0.006481776       0.001157980  C
  2    40       0.007683626      -0.009532154       0.008424876  Zr
  1     6       0.001318321      -0.001137603       0.001099637  C
  2    40      -0.026959385       0.001508926      -0.018630884  Zr
  2    40      -0.004290416      -0.009423991      -0.000952612  Zr
  1     6      -0.000904717       0.003030686      -0.003848595  C
  2    40      -0.001727477       0.002840911       0.003037529  Zr
  1     6       0.013280501       0.000175588      -0.000009037  C
  1     6       0.018828750       0.008764392       0.002725842  C
  2    40       0.027066761      -0.027422404       0.002217158  Zr
  1     6       0.010867798       0.008210797      -0.006538959  C
  2    40      -0.001346821      -0.010566836       0.012279893  Zr
