              -3390.1654301512
         -0.000164635      -0.000011486      -0.000003826
         -0.000011486      -0.000157025      -0.000002061
         -0.000003826      -0.000002061      -0.000064304
          64
  1     6      -0.024807129      -0.025848949      -0.006737567  C
  1     6      -0.017668117      -0.022234222      -0.009238539  C
  2    40      -0.036960480       0.004320865      -0.006157333  Zr
  1     6       0.031208176       0.037124407      -0.002987577  C
  2    40       0.005876047       0.016716195      -0.019979749  Zr
  2    40      -0.017876150      -0.019477451      -0.017420899  Zr
  1     6       0.007970038      -0.004002185      -0.005029573  C
  2    40      -0.016863780      -0.037945305       0.021750335  Zr
  1     6      -0.023760141       0.050657540       0.005862359  C
  1     6       0.010185396      -0.002942174       0.007959634  C
  2    40      -0.007922364       0.026060514       0.006706097  Zr
  1     6       0.036919409      -0.022825431      -0.005609913  C
  2    40       0.030889714      -0.005499849       0.014747001  Zr
  2    40      -0.022448235      -0.001418267       0.010629449  Zr
  1     6      -0.017631571       0.020909139      -0.014040815  C
  2    40      -0.000497006       0.070786064      -0.000078379  Zr
  2    40       0.016372465      -0.026537965      -0.004449523  Zr
  1     6       0.020900532      -0.003118830       0.015747456  C
  2    40      -0.004850974      -0.024983383      -0.018076138  Zr
  1     6       0.042258364       0.010726409      -0.013162065  C
  1     6       0.004059717      -0.004728579       0.000006752  C
  2    40      -0.031903728      -0.007366559      -0.015160277  Zr
  1     6       0.017038296       0.004271198      -0.012405767  C
  2    40       0.013029711      -0.045208719       0.021318365  Zr
  2    40      -0.054193930      -0.030222915       0.003530091  Zr
  1     6      -0.013848852      -0.029967071      -0.004638127  C
  2    40       0.006526377      -0.001607969      -0.015474054  Zr
  1     6      -0.014056857       0.028948798       0.030812576  C
  1     6       0.005888033       0.016508744      -0.018789326  C
  2    40      -0.000856301      -0.029621239       0.004833126  Zr
  1     6      -0.014821392      -0.006839002      -0.001763052  C
  2    40       0.043986192       0.015021339      -0.023775624  Zr
  1     6       0.023109696      -0.014089228      -0.011985946  C
  2    40       0.004910005       0.001267500       0.016727673  Zr
  1     6       0.003372428      -0.002916199       0.013229465  C
  2    40       0.027138023       0.036806804       0.042235090  Zr
  2    40       0.002971895      -0.026256756       0.013252122  Zr
  1     6       0.004363364      -0.014967273      -0.010936315  C
  2    40      -0.004473586       0.030273118       0.006536756  Zr
  1     6      -0.028331792       0.026948754      -0.003567499  C
  1     6       0.016328224       0.026219058      -0.003340414  C
  2    40      -0.003687837       0.018752914      -0.012553088  Zr
  1     6      -0.019318556      -0.020017285      -0.000332372  C
  2    40       0.001833616      -0.010574462      -0.007177684  Zr
  2    40       0.016537863      -0.022023286      -0.009875918  Zr
  1     6      -0.004200894       0.033154828       0.001670376  C
  2    40      -0.006040975       0.025780949      -0.011153990  Zr
  1     6       0.008270676      -0.024109292       0.008631782  C
  2    40       0.007867454       0.016101751       0.022008908  Zr
  1     6      -0.022291660       0.022531706       0.027307531  C
  2    40      -0.014936965       0.014675010      -0.001667452  Zr
  1     6      -0.021959229      -0.038917134      -0.000528256  C
  1     6       0.013931889       0.002170761      -0.005608417  C
  2    40       0.012806615      -0.007060887       0.003761122  Zr
  1     6       0.015847746       0.008773540      -0.012926916  C
  2    40       0.001339840       0.004981628       0.018800011  Zr
  2    40      -0.003385883      -0.019762096      -0.020167403  Zr
  1     6       0.008694364       0.005911015      -0.018868166  C
  2    40      -0.031000639       0.056666012       0.016318731  Zr
  1     6       0.005938508      -0.026306466       0.015343877  C
  1     6      -0.018775531      -0.014073736      -0.007175381  C
  2    40       0.077021055       0.017252111      -0.000547664  Zr
  1     6      -0.045307019      -0.032707684       0.016003809  C
  2    40      -0.001078334      -0.025529306      -0.014260919  Zr
