302053365
1.9044907657441145776289204150089062750339508056640625
2.781136337140324155114967652480117976665496826171875
4.77609518862209458944789730594493448734283447265625
1.3029462075088098504949130074237473309040069580078125
2.935255517404181002660834565176628530025482177734375
0.4990104236664507642018406841089017689228057861328125
3.2890950766654185599691118113696575164794921875
0.503144243945288227592982366331852972507476806640625
5.4390237777185479473018858698196709156036376953125
3.454488489647261406645384340663440525531768798828125
5.022393852263316915696123032830655574798583984375
0.473060878507017334992923451864044182002544403076171875
4.77770048666525770642010684241540729999542236328125
2.3429328436339940111565738334320485591888427734375
2.433857628988999710628604589146561920642852783203125
0.05157914720931149055171971440358902327716350555419921875
5.57599370770461977286913679563440382480621337890625
1.8814997032210694083431690160068683326244354248046875
5.03718593775160883296848624013364315032958984375
3.1514541383410392683117606793530285358428955078125
2.744299890230818217418118365458212792873382568359375
3.0384253835048031788801381480880081653594970703125
6.080479997584884443995179026387631893157958984375
0.20019307708683353741463406549883075058460235595703125
0.08248435076559663958750689971566316671669483184814453125
4.43153041586952145536315583740361034870147705078125
3.063121196167808424348777407431043684482574462890625
2.26230125520784586257150294841267168521881103515625
0.764400533958703665149414518964476883411407470703125
4.652033702510070867219837964512407779693603515625
1.521723996905212761276970923063345253467559814453125
1.25342126060665304265739905531518161296844482421875
1.2531430311431817070655370116583071649074554443359375
4.8834359980107091558920728857629001140594482421875
0.036181574557601368924419915629187016747891902923583984375
1.696399824050579763223822737927548587322235107421875
5.4021693954334022436114537413232028484344482421875
2.53069113168465609220447731786407530307769775390625
1.9932095320796376913818903631181456148624420166015625
4.15259726247004579136046231724321842193603515625
0.102380472579747860972787520950078032910823822021484375
0.89738678879998345916391144783119671046733856201171875
0.92234836686443344433428137563169002532958984375
4.72313805158062383071637668763287365436553955078125
1.4817368428496691112883354435325600206851959228515625
4.88500706962251296516797083313576877117156982421875
1.5124140008842401616817596732289530336856842041015625
3.817993241438876861337803347851149737834930419921875
2.990163991131051801630746922455728054046630859375
2.772700700922211769494651889544911682605743408203125
4.1699487699496611270433277240954339504241943359375
5.8068270334029090662397720734588801860809326171875
2.9207404296023380396718494012020528316497802734375
2.2052116525496767707181788864545524120330810546875
4.785217070933217797801262349821627140045166015625
0.70645854745304603738986770622432231903076171875
2.375565987507616494411877283710055053234100341796875
1.7699139093346858420119360744138248264789581298828125
4.76353338026085904033379847533069550991058349609375
4.98466325812102351022758739418350160121917724609375
3.301853112080166408048853554646484553813934326171875
2.9655457599395731449476443231105804443359375
3.44172805212102872474133619107306003570556640625
1.2966388420659920033273238004767335951328277587890625
2.918597637902199171122674670186825096607208251953125
3.1750523089407334254019588115625083446502685546875
2.255254767960995554432201970485039055347442626953125
4.0942939703090868164281346253119409084320068359375
4.75302690157953389160638835164718329906463623046875
3.80675986217114559195806577918119728565216064453125
0.09094393202681376464635576439832220785319805145263671875
1.8594709101740447554362845039577223360538482666015625
6.117063745877221236924015101976692676544189453125
5.76442427683231617407955127418972551822662353515625
3.839251480424039630889865293283946812152862548828125
4.55949674632277091035348348668776452541351318359375
1.769201956845203316248671399080194532871246337890625
5.6721864025427759514741410384885966777801513671875
1.742210904714957653283136096433736383914947509765625
5.3596367522183125942092374316416680812835693359375
4.75497949052280777237911024712957441806793212890625
5.466169653394853611416692729108035564422607421875
4.9501978005768503265926483436487615108489990234375
5.90304415604713650367330046719871461391448974609375
3.293598643636868050776911331922747194766998291015625
0.391912768817463341708418056441587395966053009033203125
1.6566518219908006326335225821821950376033782958984375
5.85105249812394934139092583791352808475494384765625
5.8807685043519111189880277379415929317474365234375
6.08794209108026507237809710204601287841796875
3.515008401132096338415067293681204319000244140625
4.2947539743543199364239626447670161724090576171875
5.60611073781370805590995587408542633056640625
4.2119550669435312784116831608116626739501953125
4.369395018580025435994684812612831592559814453125
5.7259448880716572460869429050944745540618896484375
5.53991027739505259575025775120593607425689697265625
3.568238164660800126881667893030680716037750244140625
1.9030222563929426460305194268585182726383209228515625
1.343776877202451647264069833909161388874053955078125
0.331530433074545272109645566160907037556171417236328125
2.297978175693492719489086084649898111820220947265625
3.98707332793725921504801590344868600368499755859375
3.478712522933367079502886554109863936901092529296875
0.91495153999619749374261346019920893013477325439453125
0.7383059112134475743260964009095914661884307861328125
1.364537542639158385071596057969145476818084716796875
3.430984999105593846735473562148399651050567626953125
2.43362965661318941812396587920375168323516845703125
1.752599320055693521425155267934314906597137451171875
4.648161279359296571556114940904080867767333984375
3.36102858137021254236742606735788285732269287109375
6.10428814374218919880377143272198736667633056640625
1.8286237318004163743268009056919254362583160400390625
3.834178463813112447411413086229003965854644775390625
0.6375606972391059112936773090041242539882659912109375
4.9080902550227829550522073986940085887908935546875
6.1538911519530028471081095631234347820281982421875
4.80138424382420314628916457877494394779205322265625
6.19663481232337520765440785908140242099761962890625
0.3497023801224925509956165114999748766422271728515625
3.86311042494869472108121044584549963474273681640625
5.6848153061787538575799771933816373348236083984375
2.40170290321451584958367675426416099071502685546875
2.3706648842517399344842488062568008899688720703125
2.35509903798515818351688722032122313976287841796875
5.34966113139755972127886707312427461147308349609375
4.64052711743954926504329705494455993175506591796875
0.07902376246054598762924570110044442117214202880859375
0.6117037694232083655521137188770808279514312744140625
3.358366155316997225810382587951608002185821533203125
1.7957258202354788867438628585659898817539215087890625
4.18480334252074914758168233674950897693634033203125
4.5952493932998219605678968946449458599090576171875
5.015850044149015474204134079627692699432373046875
2.13615276723951641457688310765661299228668212890625
5.160454326234184208033184404484927654266357421875
0.79660704703315843300259757597814314067363739013671875
0.72698801039082561192827824925188906490802764892578125
0.114158689353208109285020555034861899912357330322265625
1.0694268705920471074222177776391617953777313232421875
3.833293758253601968277735068113543093204498291015625
1.90220004669373654593300670967437326908111572265625
5.30666667420352045070330859743990004062652587890625
2.376601122007280242343085774336941540241241455078125
5.8944260354279407465583062730729579925537109375
0.884449610289042453814545297063887119293212890625
1.435053084738220352534199264482595026493072509765625
3.073398222000228496852969328756444156169891357421875
1.48906993915474306078294830513186752796173095703125
4.25581608073540262893175167846493422985076904296875
0.88843008749491481079729737757588736712932586669921875
3.34130059858247019377586184418760240077972412109375
1.411984130605015597126339343958534300327301025390625
4.88334708477574697127465697121806442737579345703125
0.88275620361586082385230156432953663170337677001953125
3.995400550222426350188698052079416811466217041015625
6.08867665735740093424510632758028805255889892578125
0.62350023171094093310529160589794628322124481201171875
1.5956391031446084394218587476643733680248260498046875
4.7473431693359771088580600917339324951171875
2.45188333104249789329287523287348449230194091796875
2.613846388384295504891952077741734683513641357421875
4.4178604353606463206460830406285822391510009765625
3.63405359381876014168710753438062965869903564453125
1.21012227360793023223095588036812841892242431640625
3.248967777983812421638276646262966096401214599609375
4.7397694756720767372826230712234973907470703125
3.783589495630918175805845748982392251491546630859375
4.37537168553957744876470314920879900455474853515625
1.3947111262353162342009227359085343778133392333984375
2.05333993284862348360775285982526838779449462890625
3.690992548099064407551850308664143085479736328125
5.0045269733739043971354476525448262691497802734375
0.68780401298943683041642316311481408774852752685546875
1.0314088335282256547742463226313702762126922607421875
1.5238606121652249481002172615262679755687713623046875
4.78375466195043230754890828393399715423583984375
1.0870432774256049146544000905123539268970489501953125
3.5417663138598793892697358387522399425506591796875
2.542174865974795583412060295813716948032379150390625
0.044595939946855116253754403032871778123080730438232421875
0.56725564857065469137609170502400957047939300537109375
6.09822572052488975913320246036164462566375732421875
4.6529337218960247213317416026256978511810302734375
0.4514111216824019390259081774274818599224090576171875
3.165354689368232055102225785958580672740936279296875
5.15457122458908401085864170454442501068115234375
4.36358234181121407146974888746626675128936767578125
4.88765471727730105300224749953486025333404541015625
4.19289367448150063211187443812377750873565673828125
4.20334823420022729578704456798732280731201171875
0.378202837602329811073076371030765585601329803466796875
0.60898038587019798217880861557205207645893096923828125
0.350852369959863075177253222136641852557659149169921875
0.8539833840234127837476307831821031868457794189453125
0.92994858554096360148122357713873498141765594482421875
0.2147269520045849144906924266251735389232635498046875
0.386748968803672543703697783712414093315601348876953125
0.07161708412301591442084003347190446220338344573974609375
0.449469479475854638561571618993184529244899749755859375
0.8719140025190608156435700948350131511688232421875
0.90585024324518170768527625114074908196926116943359375
0.5475898271182504384313460832345299422740936279296875
0.341068174848830396594934200038551352918148040771484375
0.49248863034531875637611619822564534842967987060546875
0.50924412464222135188407492023543454706668853759765625
0.69046959313120204182467887221719138324260711669921875
0.45084067222235757466108907465240918099880218505859375
0.64758612059410014527571775033720768988132476806640625
0.5068203082805593506776631329557858407497406005859375
0.26885346754866346064005711014033295214176177978515625
0.58098948028916008734512388400617055594921112060546875
0.9602446337045378310648402475635521113872528076171875
0.5636583131568777549347259991918690502643585205078125
0.8333859694345788771130401073605753481388092041015625
0.5816606374372079724111017640097998082637786865234375
0.812466601288163392524666051031090319156646728515625
0.7805899492374575032727079815231263637542724609375
0.2479055296852744894042785972487763501703739166259765625
0.73294577176354158698501350954757072031497955322265625
0.50901859696443130243181940386421047151088714599609375
0.7486032362787999883124712141579948365688323974609375
0.129636858184652814518500463236705400049686431884765625
0.498938168165710849155658479503472335636615753173828125
0.0011369502177168383343086599523985569248907268047332763671875
0.278792483396265888817566747093223966658115386962890625
0.442527369802131975706771527256933040916919708251953125
0.75357083731962870576381874343496747314929962158203125
0.82752041231259720888147057848982512950897216796875
0.4346337213342235106239286324125714600086212158203125
0.330356942643577677909405565515044145286083221435546875
0.36620635323515460246568409274914301931858062744140625
0.50380523852249847749362743343226611614227294921875
0.50287997140683227126345400392892770469188690185546875
0.268454426093238607275992535505793057382106781005859375
0.492104928238366212678300826155464164912700653076171875
0.47801563957613690813985840577515773475170135498046875
0.97696121268764191114541972638107836246490478515625
0.440152072552662365634290608795708976686000823974609375
0.38487547653954268245257708258577622473239898681640625
0.481657856833961728337811791789135895669460296630859375
0.7112794405367595107492206807364709675312042236328125
0.523449923155573149102792740450240671634674072265625
0.3269572301427634553050438626087270677089691162109375
0.78207942786723350092614737150142900645732879638671875
0.011876716749685219121079882143021677620708942413330078125
0.77788530978275705063396117111551575362682342529296875
0.255259913511229619142994806679780595004558563232421875
0.524879371991790577567371656186878681182861328125
0.0334013160473673187400578399319783784449100494384765625
0.9939656280884359151883700178586877882480621337890625
0.57080682067703769622113441073452122509479522705078125
0.76621440926856099196129434858448803424835205078125
0.0796337649597012309232724192042951472103595733642578125
0.023667413286709883257774578169119195081293582916259765625
0.6476555045916025932228876627050340175628662109375
0.1281772014350524291348421002112445421516895294189453125
0.429510496756765280945700169468182139098644256591796875
0.8237852225190891441997109723160974681377410888671875
0.0025974595931346805728623383657804879476316273212432861328125
0.518058677910854470383128500543534755706787109375
0.71830101996581119383478153395117260515689849853515625
0.392557246327659703499790566638694144785404205322265625
0.57763453553320587285924148090998642146587371826171875
0.7317008179294415270987883559428155422210693359375
0.71077041640447935488822395200259052217006683349609375
0.13654209586630672301765798692940734326839447021484375
0.197647712751127635488757050552521832287311553955078125
0.8293452699805354821904757045558653771877288818359375
0.10912298649042984077794926633941940963268280029296875
0.7417907196757340670956182293593883514404296875
0.358337953387917018677200076126609928905963897705078125
0.11571343527907200499083018030432867817580699920654296875
0.5215950452357507316492046811617910861968994140625
0.544316177044211091384795508929528295993804931640625
0.545363307253161178067557557369582355022430419921875
0.538666681637366639989750183303840458393096923828125
0.3583188421830156844549719608039595186710357666015625
0.2372252597646905269979100694399676285684108734130859375
0.848660546750137800842139768064953386783599853515625
0.54698922883113343385019788911449722945690155029296875
0.694592523712009413117129952297545969486236572265625
0.841008199770473030554285287507809698581695556640625
0.58628782983230787184680821155779995024204254150390625
0.169521714173965942773492088235798291862010955810546875
0.52336615255259266721310495995567180216312408447265625
0.452189306939108914829006380386999808251857757568359375
0.78128035449482513552510454246657900512218475341796875
0.66955255608519193000205405041924677789211273193359375
0.507401400016342041254802097682841122150421142578125
0.8270679045594613310043996534659527242183685302734375
0.276243587153145842005841359423357062041759490966796875
0.316429034022814137383505794787197373807430267333984375
0.296958514161854314483690586712327785789966583251953125
0.57051580658672185197843873538658954203128814697265625
0.52258037194729800578585354742244817316532135009765625
0.7050500231352867519518667904776521027088165283203125
0.8010363605809567300042317583574913442134857177734375
0.10941313119112193452675541038843221031129360198974609375
0.216411692191107063454325043494463898241519927978515625
0.0827350062703411104347850368867511861026287078857421875
0.19024727874912661373940636622137390077114105224609375
0.621481950684209305535432577016763389110565185546875
0.10282705542763091732805236233616597019135951995849609375
0.274403032508866384642232105761650018393993377685546875
0.5049032389674816823088576711597852408885955810546875
0.66299316317913736806843871818273328244686126708984375
0.4672055227994944548441935694427229464054107666015625
0.41570925545678905077551235081045888364315032958984375
0.53307649098945619758893599282600916922092437744140625
0.90978309740767959734597525311983190476894378662109375
0.103730096995704845763697221627808175981044769287109375
0.27282975766473904766229452434345148503780364990234375
0.1608913429830648722518304793993593193590641021728515625
0.29209064752426494582238092334591783583164215087890625
0.661177734686610119041461075539700686931610107421875
0.1170808794522103235546950372736318968236446380615234375
0.90974996700405608152095737750642001628875732421875
0.8229526466796885930676808129646815359592437744140625
0.0295973359744983420538400054056182852946221828460693359375
0.622805478341321272495179073303006589412689208984375
0.1988266157912214338043810357703478075563907623291015625
0.31564740106260746888011681221541948616504669189453125
0.26522083779108751588893255757284350693225860595703125
0.430196175552064630220883145739207975566387176513671875
0.717581718097246135101840991410426795482635498046875
0.85395419171729780583035562813165597617626190185546875
0.95481239303704923404580995338619686663150787353515625
0.72607827266961255663346719302353449165821075439453125
0.50902683870355913686722715283394791185855865478515625
0.493006770728624810207207929124706424772739410400390625
0.392994573522822243649699203160707838833332061767578125
0.021629586360244819343012778745105606503784656524658203125
0.3486504803172547628520305806887336075305938720703125
0.315321562958565337897454128324170596897602081298828125
0.9419379122284883276705613752710632979869842529296875
0.91274839169939436800405019312165677547454833984375
0.223925681889022565318470014972263015806674957275390625
0.8067966666104255946123657849966548383235931396484375
0.9597524488157371802543593730661086738109588623046875
0.28744384846065373917411989168613217771053314208984375
0.576972114190911877784628813969902694225311279296875
0.49864598200593424071058734625694341957569122314453125
0.26818198955998850951942813480854965746402740478515625
0.64748824278241412510936925173155032098293304443359375
0.2428931744037629847365877822085167281329631805419921875
0.947413401188055726009906720719300210475921630859375
0.750582664157535273119492558180354535579681396484375
0.93863228845346358131251918166526593267917633056640625
0.8136252210538952311935645411722362041473388671875
0.477480960766543172102416292545967735350131988525390625
0.1920808917805929272315523803627002052962779998779296875
0.89632766083643200527575345404329709708690643310546875
0.6186251447622781451940454644500277936458587646484375
0.90515309381538677779843737880582921206951141357421875
0.94011716867802530561704088540864177048206329345703125
0.25571176002533724247456348166451789438724517822265625
0.333994981988330830180444763755076564848423004150390625
0.048873789165575887150083644883125089108943939208984375
0.97908199624115699322146610938943922519683837890625
0.379385799346205698778788928393623791635036468505859375
0.83685704592469012386146687276777811348438262939453125
0.8578629185715052063443408769671805202960968017578125
0.295842188082561907691570013412274420261383056640625
0.68667285362569285833700405419222079217433929443359375
0.050449057505675153068036564718568115495145320892333984375
0.86503054148751801211147949288715608417987823486328125
0.554383166858173570545886832405813038349151611328125
0.6585365234215447838295176552492193877696990966796875
0.46448252837382375535213441253290511667728424072265625
0.75138590473280564285829541404382325708866119384765625
0.756286558581649615007336251437664031982421875
0.921688979455125068085408202023245394229888916015625
0.76145540632375297018796800330164842307567596435546875
0.6924585121182997848876539137563668191432952880859375
0.66692480056869085647264228100539185106754302978515625
0.9625125727441685707930218995898030698299407958984375
0.398643511998766797432836028747260570526123046875
0.09122155517862250151406300346934585832059383392333984375
0.61687069740931999017874431956443004310131072998046875
0.80395310875212455670180133893154561519622802734375
0.94204822366221263596486323876888491213321685791015625
0.9098497042012632096685820215498097240924835205078125
