              -3390.0517720454
         -0.000156483       0.000004979      -0.000013177
          0.000004979      -0.000170507       0.000018865
         -0.000013177       0.000018865      -0.000228652
          64
  1     6       0.005017153       0.006420262       0.006012857  C
  1     6      -0.005477591       0.004633235      -0.001064003  C
  2    40      -0.014869208       0.011925654      -0.015228794  Zr
  1     6      -0.023152998       0.021985351       0.158692695  C
  2    40       0.112816701      -0.099137575       0.166098768  Zr
  2    40       0.000198381       0.014722001      -0.016861650  Zr
  1     6      -0.004581662       0.002424447      -0.003200086  C
  2    40      -0.041317108       0.044302129      -0.092222355  Zr
  1     6      -0.072243649      -0.023026928      -0.044747972  C
  1     6      -0.012462388      -0.009046318       0.015474846  C
  2    40       0.019443035      -0.000041705       0.026847108  Zr
  1     6       0.001297375       0.009334961      -0.042077193  C
  2    40      -0.024602657      -0.004222469      -0.021664341  Zr
  2    40       0.005216011       0.014852759      -0.029134502  Zr
  1     6      -0.017613652       0.001567257      -0.006672724  C
  2    40      -0.006720204       0.003145995       0.005643608  Zr
  2    40      -0.021697097       0.023023876      -0.003988543  Zr
  1     6       0.001202561      -0.016523085       0.001401227  C
  2    40       0.083787066       0.004663695       0.017522765  Zr
  1     6      -0.004538067       0.036619234      -0.034025541  C
  1     6      -0.001100379      -0.021248447      -0.005741754  C
  2    40      -0.005843344       0.026899523      -0.014304060  Zr
  1     6      -0.008591374       0.096077839       0.058566289  C
  2    40       0.103292674      -0.248723664       0.052451182  Zr
  2    40       0.018815083       0.011644695      -0.007512509  Zr
  1     6      -0.018033102      -0.000529881      -0.003483190  C
  2    40       0.002106173       0.042473818      -0.057204540  Zr
  1     6       0.006116836       0.004152625       0.002567091  C
  1     6      -0.003224124      -0.008058386       0.002238838  C
  2    40       0.023020302      -0.016361082       0.008495023  Zr
  1     6      -0.000045206      -0.001212813      -0.027075986  C
  2    40      -0.027598244       0.026676254      -0.009599529  Zr
  1     6       0.014933623       0.007985852       0.000753386  C
  2    40       0.002750771      -0.005012923       0.026486572  Zr
  1     6       0.011224299      -0.000525714      -0.009278430  C
  2    40      -0.035076024       0.009751897      -0.014896725  Zr
  2    40      -0.020594041       0.016847889      -0.015118098  Zr
  1     6      -0.004426732      -0.006816553      -0.011580233  C
  2    40       0.008223770       0.020736729       0.008716869  Zr
  1     6       0.016846682       0.003003961      -0.002636983  C
  1     6      -0.018580743       0.010758078       0.020630872  C
  2    40       0.035549385      -0.014602685       0.023913755  Zr
  1     6      -0.006751428       0.013127437      -0.004940460  C
  2    40       0.002975390      -0.022724355      -0.000426173  Zr
  2    40       0.000728181      -0.010059070      -0.007244517  Zr
  1     6      -0.019612397       0.014113260      -0.018758200  C
  2    40      -0.018666144      -0.011247155      -0.007144068  Zr
  1     6       0.009318288       0.010240957       0.011339716  C
  2    40       0.001813261      -0.007237856      -0.005783370  Zr
  1     6       0.013131115       0.006589357      -0.014163781  C
  2    40      -0.039983570       0.010922014      -0.008206037  Zr
  1     6      -0.015350710       0.007735755       0.008828004  C
  1     6       0.003922953      -0.008329262       0.003055334  C
  2    40       0.004809988      -0.004705881       0.014324349  Zr
  1     6       0.003734757      -0.000764331      -0.016169547  C
  2    40      -0.051254269       0.015210546      -0.053797767  Zr
  2    40       0.010815254      -0.019332255      -0.017114190  Zr
  1     6      -0.012328811       0.019267152      -0.016218782  C
  2    40       0.016285243      -0.010190101       0.017619968  Zr
  1     6       0.005436917       0.019341755       0.007879887  C
  1     6      -0.006678205       0.019147901       0.008432785  C
  2    40       0.018442299      -0.027053889       0.013011790  Zr
  1     6      -0.001940262       0.014031301      -0.004193610  C
  2    40       0.003792511      -0.032508176      -0.021282796  Zr
