              -3390.1027546644
         -0.000128682      -0.000004238      -0.000001645
         -0.000004237      -0.000226527       0.000000622
         -0.000001645       0.000000622      -0.000121708
          64
  1     6      -0.011135750      -0.004184928      -0.000044537  C
  1     6      -0.007709660      -0.034018075      -0.001915172  C
  2    40      -0.011419905       0.030237221       0.006090897  Zr
  1     6      -0.047856705       0.249798710      -0.011379080  C
  2    40      -0.052669744      -0.269346525      -0.032659561  Zr
  2    40      -0.024621524      -0.015233328       0.024677911  Zr
  1     6       0.004064189      -0.009841771      -0.001288399  C
  2    40       0.066732612      -0.027133193      -0.060477202  Zr
  1     6       0.017785526       0.048926078       0.036125696  C
  1     6      -0.005068469       0.001941326      -0.005521110  C
  2    40       0.000096974      -0.001626916      -0.006444460  Zr
  1     6       0.000384942      -0.005479372       0.005277040  C
  2    40      -0.003147656       0.006526027      -0.022683099  Zr
  2    40      -0.001380214       0.008592952       0.014432195  Zr
  1     6       0.004778599      -0.002767379      -0.003988108  C
  2    40      -0.013018169       0.024200638       0.015649863  Zr
  2    40      -0.000381154       0.008177398      -0.017239813  Zr
  1     6      -0.017572414      -0.008577423      -0.002687429  C
  2    40       0.106074924      -0.022647121       0.027025615  Zr
  1     6       0.116817323       0.021473895       0.016830228  C
  1     6       0.006121446      -0.018763295       0.004602249  C
  2    40      -0.003230597      -0.001529830      -0.016444852  Zr
  1     6      -0.003079971       0.028211016      -0.050793985  C
  2    40       0.005143591       0.077197684       0.105706409  Zr
  2    40       0.015343547      -0.033563694      -0.036442634  Zr
  1     6       0.005392565       0.004962627       0.008517502  C
  2    40      -0.009472128      -0.009748968       0.006821089  Zr
  1     6      -0.006035785      -0.002553063      -0.035430738  C
  1     6      -0.007015201      -0.007379215       0.008199880  C
  2    40      -0.015537047       0.010008580       0.002835339  Zr
  1     6      -0.002094278      -0.014392686       0.014550685  C
  2    40       0.006847564       0.004463813       0.011366935  Zr
  1     6       0.002409551      -0.010737913       0.002665401  C
  2    40       0.004901076       0.005576214      -0.006758806  Zr
  1     6       0.007346564      -0.018354286       0.009396085  C
  2    40      -0.004002647       0.020068605      -0.001455977  Zr
  2    40       0.011155889      -0.000214852      -0.009599828  Zr
  1     6       0.003390617       0.000245522       0.006809681  C
  2    40      -0.023054616      -0.008875076       0.005117286  Zr
  1     6      -0.007993817      -0.005984538      -0.007039570  C
  1     6      -0.008172372       0.029202366       0.005802650  C
  2    40      -0.002808282      -0.033389677      -0.015298561  Zr
  1     6       0.005351317       0.013557983       0.007731040  C
  2    40       0.007860476      -0.026975986      -0.000418738  Zr
  2    40       0.007382284      -0.016229872      -0.011136803  Zr
  1     6       0.013729388       0.018226411       0.005739941  C
  2    40      -0.003787671      -0.011192921      -0.021220949  Zr
  1     6      -0.004138496       0.020128983      -0.008431343  C
  2    40       0.018235482       0.008993482       0.000088995  Zr
  1     6      -0.004661469      -0.008090667      -0.005440385  C
  2    40      -0.027419231       0.013680419       0.020331038  Zr
  1     6      -0.031396536      -0.012998172      -0.006159896  C
  1     6      -0.005526033      -0.004275663      -0.003066635  C
  2    40      -0.028668926       0.028327045       0.010313655  Zr
  1     6      -0.009067523      -0.015902025       0.003278847  C
  2    40      -0.010198496      -0.010066194      -0.003222783  Zr
  2    40       0.006349924      -0.018073780       0.012976301  Zr
  1     6       0.008365036       0.015085052       0.004926278  C
  2    40      -0.012855574      -0.014758339      -0.000234566  Zr
  1     6      -0.013613179       0.006333952      -0.005645887  C
  1     6      -0.008196710       0.008690764      -0.018812535  C
  2    40       0.001240613      -0.008206436       0.017762438  Zr
  1     6       0.003294661       0.006409091      -0.005871741  C
  2    40      -0.006785983      -0.005678774       0.014429892  Zr
