              -3390.1084754035
         -0.000137736       0.000039668      -0.000012206
          0.000039668      -0.000205903       0.000012019
         -0.000012206       0.000012019      -0.000171531
          64
  1     6       0.017373363       0.023025659      -0.003633287  C
  1     6       0.019919345       0.027969590       0.008715873  C
  2    40       0.000632506       0.002943043      -0.052564669  Zr
  1     6       0.003034290      -0.032072452      -0.019385694  C
  2    40      -0.012036584      -0.041980193      -0.023941066  Zr
  2    40       0.001369492       0.008145251      -0.013933775  Zr
  1     6      -0.036429109       0.021051226      -0.018800536  C
  2    40      -0.004102597       0.169467766       0.055831735  Zr
  1     6      -0.083176211      -0.113474505       0.006635674  C
  1     6      -0.006210617      -0.013442369       0.005756226  C
  2    40      -0.003001433      -0.024146932       0.000176630  Zr
  1     6      -0.035634244      -0.005230565       0.006227360  C
  2    40       0.010274612       0.014581032      -0.016923136  Zr
  2    40      -0.024177393      -0.036431570       0.017776562  Zr
  1     6       0.007636540       0.044511812      -0.002627636  C
  2    40      -0.015295734      -0.046756908       0.043949266  Zr
  2    40      -0.014486726      -0.028282058       0.006805409  Zr
  1     6       0.012494136      -0.001119022       0.031577167  C
  2    40      -0.051076601       0.028224687      -0.001612599  Zr
  1     6      -0.008693011       0.005220827      -0.030292923  C
  1     6       0.002407735      -0.016502549      -0.006603028  C
  2    40       0.035459718       0.007321101      -0.021798520  Zr
  1     6      -0.051789117      -0.044572703      -0.005867033  C
  2    40       0.097899871       0.026283289       0.038123490  Zr
  2    40       0.003239859      -0.012059269      -0.007473278  Zr
  1     6      -0.026976015       0.016598259       0.012474201  C
  2    40       0.025947703       0.015970704       0.024222301  Zr
  1     6      -0.008697749      -0.008688678      -0.012794250  C
  1     6       0.014940797       0.034418697      -0.028976839  C
  2    40      -0.031656548      -0.010453819      -0.018079763  Zr
  1     6       0.036637152       0.013396778      -0.016299909  C
  2    40      -0.037233782      -0.021579332       0.062490120  Zr
  1     6      -0.012160644      -0.003733192       0.000937910  C
  2    40      -0.007846614       0.008044700       0.019244886  Zr
  1     6       0.016609062       0.001385155      -0.010393588  C
  2    40      -0.006059323      -0.011632376      -0.022042911  Zr
  2    40      -0.011653650       0.029705386       0.020436881  Zr
  1     6       0.010614043       0.003523754      -0.022092202  C
  2    40       0.011892503       0.004850248       0.014018765  Zr
  1     6       0.026321832      -0.012984929      -0.008213816  C
  1     6       0.009315068      -0.023358095      -0.014277773  C
  2    40       0.029903986      -0.000651321      -0.007167692  Zr
  1     6       0.022074527       0.021278316       0.009848512  C
  2    40      -0.018593076       0.016296144      -0.019605500  Zr
  2    40      -0.013817618      -0.008535421       0.029582163  Zr
  1     6       0.006446322       0.012308496      -0.002289025  C
  2    40      -0.020461584      -0.026298800       0.010403036  Zr
  1     6       0.010163125       0.012418129      -0.011770132  C
  2    40       0.013191451       0.005430749       0.014826037  Zr
  1     6       0.010917799      -0.002449471      -0.019507827  C
  2    40       0.024552652       0.000557231      -0.013596934  Zr
  1     6       0.007750065       0.004151980       0.007869411  C
  1     6      -0.000643685      -0.031848712      -0.028239284  C
  2    40       0.005006628       0.017735764       0.030596938  Zr
  1     6      -0.013526126      -0.021431130      -0.042133601  C
  2    40      -0.001076475       0.011813576      -0.011570985  Zr
  2    40      -0.011267953       0.046838577       0.011155655  Zr
  1     6       0.018603537      -0.012794508      -0.018778907  C
  2    40       0.006098952      -0.011057787      -0.020784867  Zr
  1     6       0.032235144      -0.023138931       0.020034787  C
  1     6      -0.010413656       0.012126807       0.005197884  C
  2    40       0.024896996      -0.021469727       0.057022314  Zr
  1     6       0.018614183      -0.000263469       0.013214842  C
  2    40      -0.015954205       0.000693773      -0.011564486  Zr
