              -3390.0806716309
         -0.000168795      -0.000010036      -0.000010359
         -0.000010036      -0.000150009       0.000004465
         -0.000010359       0.000004465      -0.000140903
          64
  1     6      -0.009980203       0.004327167       0.000454588  C
  1     6       0.002277195      -0.004190225       0.004352878  C
  2    40      -0.008873446      -0.007466128      -0.013521851  Zr
  1     6       0.008738940      -0.032412335       0.013777988  C
  2    40       0.138906348       0.075626802       0.038493219  Zr
  2    40       0.008045295      -0.015936348      -0.023203297  Zr
  1     6      -0.009804569       0.018137525       0.000512132  C
  2    40      -0.125695100      -0.004367681       0.064565310  Zr
  1     6       0.048212086      -0.021789966       0.012647036  C
  1     6       0.007498540       0.004455390       0.003993911  C
  2    40       0.005167391       0.017509905      -0.005073414  Zr
  1     6      -0.003460068       0.001619410      -0.036632278  C
  2    40      -0.006577560      -0.015262307      -0.008823418  Zr
  2    40      -0.009100812      -0.008935531       0.005862807  Zr
  1     6       0.003321695       0.003650887       0.006262211  C
  2    40      -0.016821382      -0.013127834       0.020873085  Zr
  2    40      -0.024863631      -0.013368206       0.005809322  Zr
  1     6       0.008102132      -0.001217996      -0.001662435  C
  2    40       0.035256054       0.141193012      -0.114151182  Zr
  1     6       0.022628394       0.011280361      -0.127050864  C
  1     6      -0.021244280       0.006479184      -0.000000103  C
  2    40       0.010603337      -0.006569109       0.029613094  Zr
  1     6       0.147710295      -0.006842262      -0.006633433  C
  2    40       0.016692776      -0.127716806      -0.045556575  Zr
  2    40      -0.002888536       0.028266599      -0.005287366  Zr
  1     6      -0.013560755      -0.005270273      -0.017259493  C
  2    40       0.008711473       0.003378840      -0.011935577  Zr
  1     6      -0.002399953       0.002129356       0.037319205  C
  1     6       0.012306204      -0.005173818       0.007820503  C
  2    40       0.009171147      -0.010946837       0.002470685  Zr
  1     6      -0.009616215       0.003865232       0.031872625  C
  2    40      -0.024823516      -0.025128781       0.090641987  Zr
  1     6       0.009333399       0.002692664      -0.012918896  C
  2    40      -0.008899231      -0.021914182       0.011915663  Zr
  1     6      -0.014908396       0.005989272      -0.003183190  C
  2    40      -0.000399281      -0.020841916      -0.007538907  Zr
  2    40      -0.000371062       0.030087540       0.004971757  Zr
  1     6      -0.011785707      -0.002400615      -0.007997391  C
  2    40       0.002575936       0.006108244       0.011706679  Zr
  1     6      -0.021361783       0.003394624       0.008284557  C
  1     6      -0.003206998      -0.017451929      -0.001558212  C
  2    40       0.020903258       0.026466604       0.008907053  Zr
  1     6      -0.008055071      -0.016484913      -0.006196958  C
  2    40       0.001076634       0.021420891       0.011870559  Zr
  2    40      -0.018824597       0.001286844       0.017908064  Zr
  1     6       0.002793989      -0.002647213      -0.009766231  C
  2    40       0.000759412       0.010470972       0.013411052  Zr
  1     6       0.011185352      -0.001993865       0.004372805  C
  2    40      -0.035094868      -0.020888010      -0.003254014  Zr
  1     6       0.001615347       0.011685004      -0.005133139  C
  2    40      -0.001930071      -0.008823815      -0.002838876  Zr
  1     6      -0.047912567       0.005678801       0.003834652  C
  1     6      -0.007576662      -0.004978647       0.009722360  C
  2    40       0.015687081      -0.011538895       0.011790854  Zr
  1     6      -0.028857938      -0.000212596       0.010257261  C
  2    40      -0.039438262       0.010000041      -0.009310465  Zr
  2    40      -0.007109322       0.015230089      -0.023005055  Zr
  1     6      -0.010897795      -0.007817725      -0.020651081  C
  2    40       0.006164743       0.016233850      -0.004273715  Zr
  1     6       0.006931170      -0.004402905       0.001695754  C
  1     6       0.018955707       0.002313288       0.008006602  C
  2    40      -0.011203879      -0.012110957       0.007704262  Zr
  1     6      -0.000189566       0.001804474      -0.002389104  C
  2    40      -0.022341592      -0.011137680       0.011070283  Zr
