              -3389.9968889213
         -0.000249599       0.000003689       0.000014664
          0.000003689      -0.000301733       0.000005943
          0.000014664       0.000005943      -0.000142416
          64
  1     6      -0.006087197      -0.004049665       0.003079820  C
  1     6      -0.002085371       0.021286726       0.000013046  C
  2    40      -0.030653737       0.145623374       0.016039908  Zr
  1     6       0.047312176      -0.165731168       0.003629328  C
  2    40       0.099959617       0.029423881      -0.030533624  Zr
  2    40       0.016912176       0.016258425      -0.004924418  Zr
  1     6       0.002126378       0.033703749      -0.005891981  C
  2    40      -0.227958306      -0.082557922       0.034135913  Zr
  1     6       0.103642647      -0.040351783       0.020512263  C
  1     6      -0.011490526       0.014441031       0.010780447  C
  2    40       0.023216160       0.023906623      -0.036962053  Zr
  1     6      -0.000735439       0.025387788      -0.019133140  C
  2    40      -0.033286359       0.024406143      -0.001349605  Zr
  2    40       0.020326134      -0.004685256      -0.002711601  Zr
  1     6       0.003573843      -0.015764978       0.019168033  C
  2    40       0.041473909       0.007500703       0.027985628  Zr
  2    40      -0.014736621       0.013406690      -0.010834808  Zr
  1     6       0.011387646       0.034762884       0.003294284  C
  2    40       0.071716426      -0.134329850       0.044991346  Zr
  1     6      -0.007781702      -0.050122367       0.020974580  C
  1     6      -0.008925956       0.016627440       0.001842771  C
  2    40      -0.017470276       0.008534747      -0.020915308  Zr
  1     6       0.168198307       0.117206355       0.002238662  C
  2    40      -0.026974367      -0.201843103      -0.001681755  Zr
  2    40       0.008153063      -0.008366640      -0.004723103  Zr
  1     6      -0.015352458      -0.017119742      -0.015559240  C
  2    40       0.010631449       0.003658713      -0.027881290  Zr
  1     6       0.014799758       0.003659780       0.000655274  C
  1     6      -0.007841784       0.002476482      -0.004981807  C
  2    40      -0.033119962       0.011316276       0.020782080  Zr
  1     6      -0.020287548       0.007050024      -0.015472054  C
  2    40       0.000333292       0.042068368      -0.018374962  Zr
  1     6      -0.015442162       0.034084400       0.000196398  C
  2    40       0.025218041      -0.024988059      -0.016701603  Zr
  1     6      -0.020753201       0.021233784       0.004785562  C
  2    40       0.005539798       0.022382262       0.011754330  Zr
  2    40       0.002269908      -0.006766482       0.020921065  Zr
  1     6       0.015040535       0.008289837       0.004217827  C
  2    40       0.020559468       0.047413562      -0.000856981  Zr
  1     6      -0.010160830       0.022309534       0.008341346  C
  1     6       0.002877781      -0.008415256       0.000565744  C
  2    40      -0.003509186       0.011217810       0.009910529  Zr
  1     6       0.003592249      -0.011205161      -0.000087489  C
  2    40      -0.024871141      -0.008450618      -0.044368856  Zr
  2    40      -0.008844097       0.020434965       0.031722471  Zr
  1     6       0.002772217      -0.013840980       0.005143197  C
  2    40       0.023070651       0.018197545      -0.032333458  Zr
  1     6      -0.008960884      -0.007619586      -0.005453026  C
  2    40       0.002256450      -0.023374905      -0.021687307  Zr
  1     6      -0.000901288       0.016496679       0.004611518  C
  2    40      -0.022108809       0.004413794       0.013873850  Zr
  1     6      -0.041891367       0.005885558      -0.007325496  C
  1     6      -0.000373710       0.008445364      -0.008475180  C
  2    40      -0.027123401      -0.024713649      -0.017102094  Zr
  1     6      -0.027956539       0.014038158      -0.013994124  C
  2    40      -0.035853364       0.009637199       0.014533107  Zr
  2    40      -0.002604184      -0.009472421       0.020278232  Zr
  1     6      -0.015619191      -0.002246776       0.007996900  C
  2    40       0.014036224      -0.029309442      -0.006502459  Zr
  1     6       0.004204513      -0.008184062      -0.001528231  C
  1     6      -0.002824239       0.011626985       0.001773392  C
  2    40      -0.000691320       0.005585636      -0.004663907  Zr
  1     6      -0.017724403       0.009276430      -0.012679431  C
  2    40      -0.011123841       0.009318119       0.024569936  Zr
