              -3390.1412456731
         -0.000169579      -0.000002400       0.000004465
         -0.000002400      -0.000172664      -0.000003978
          0.000004465      -0.000003979      -0.000111341
          64
  1     6       0.003980043      -0.005103522       0.014197762  C
  1     6       0.006645796      -0.063199152       0.013526409  C
  2    40       0.011985050       0.002543947       0.005026207  Zr
  1     6      -0.015086453      -0.007849895      -0.000442230  C
  2    40      -0.087268591       0.141955139      -0.041689196  Zr
  2    40       0.021879791      -0.040483051      -0.027949381  Zr
  1     6       0.011297484      -0.013779537       0.002764602  C
  2    40      -0.048414801       0.031584014      -0.002859558  Zr
  1     6       0.106264718      -0.005015217      -0.036978219  C
  1     6       0.011907701       0.018627822       0.016264455  C
  2    40      -0.018239093      -0.004672478       0.014237195  Zr
  1     6       0.004136559       0.009796645       0.007885889  C
  2    40       0.010206742      -0.013158684       0.001431876  Zr
  2    40      -0.006841613      -0.014080460      -0.011328520  Zr
  1     6       0.008871874       0.010976175      -0.016624652  C
  2    40      -0.006964672      -0.014235349       0.036756011  Zr
  2    40       0.038158396      -0.048125100       0.004974716  Zr
  1     6      -0.004149807      -0.018085227       0.005225804  C
  2    40       0.012395206       0.008094160       0.010871467  Zr
  1     6       0.043753114       0.019499624       0.022980155  C
  1     6      -0.003429080      -0.002182491       0.003157611  C
  2    40      -0.005171417       0.024226471      -0.022406355  Zr
  1     6      -0.006472710       0.113255289      -0.046190331  C
  2    40      -0.076164100      -0.121260657      -0.032859483  Zr
  2    40      -0.014087548       0.001334785       0.026534420  Zr
  1     6      -0.004486037      -0.005709628       0.009841269  C
  2    40       0.008175161       0.016263874      -0.023409191  Zr
  1     6       0.004956603      -0.002928532       0.010845670  C
  1     6       0.009102796      -0.010638986      -0.023217976  C
  2    40      -0.003856116      -0.013983339       0.001174141  Zr
  1     6      -0.002458108      -0.011020908       0.015474124  C
  2    40       0.016292962       0.027620467       0.018460594  Zr
  1     6       0.010196294       0.018780104       0.001700365  C
  2    40      -0.016325351       0.017462658       0.004959178  Zr
  1     6       0.013816901       0.018288915       0.009881071  C
  2    40       0.035065341      -0.020534789       0.029567476  Zr
  2    40       0.007889536       0.001029349      -0.002783832  Zr
  1     6      -0.005753820      -0.024980695       0.001511058  C
  2    40       0.006451390       0.002050596      -0.023156989  Zr
  1     6       0.026364381      -0.000438428      -0.020155435  C
  1     6      -0.006768293      -0.008147203       0.007375462  C
  2    40      -0.001488199       0.006093132      -0.034246718  Zr
  1     6      -0.006951425      -0.031988383       0.008491180  C
  2    40       0.008651329       0.012795604       0.005022779  Zr
  2    40       0.000293045      -0.018335969       0.036617934  Zr
  1     6       0.005260419      -0.014859471      -0.000019258  C
  2    40      -0.002155342       0.031873578      -0.014324283  Zr
  1     6       0.006037116      -0.006582064      -0.003670395  C
  2    40       0.004641080      -0.020880518       0.008855030  Zr
  1     6      -0.005849182      -0.002541254       0.016144299  C
  2    40       0.025528862       0.001233537       0.013846117  Zr
  1     6      -0.041477545       0.007279645       0.033355409  C
  1     6      -0.009843326       0.024504245       0.006782744  C
  2    40       0.004036379      -0.037433239      -0.010969854  Zr
  1     6       0.004550039       0.022298089      -0.014544068  C
  2    40      -0.061221117      -0.000215615      -0.015651452  Zr
  2    40      -0.002151775      -0.006802068      -0.016246760  Zr
  1     6       0.020414595       0.006378941       0.012450768  C
  2    40       0.004640405       0.003698668       0.008501470  Zr
  1     6      -0.015601503       0.003439549       0.008388660  C
  1     6      -0.021578612       0.001682124      -0.005273449  C
  2    40      -0.022881752       0.012098947       0.011838273  Zr
  1     6      -0.009242222       0.005151712       0.003919204  C
  2    40       0.018825867      -0.013258526      -0.023796435  Zr
