313729205
6.14840226576829262938872489030472934246063232421875
4.5420668673958655148226171149872243404388427734375
5.83422017149280502934516334789805114269256591796875
0.11273255488709153782078686845125048421323299407958984375
2.351775861575200021746923084720037877559661865234375
4.40525581323893167251526392647065222263336181640625
0.2896997096567572871350648711086250841617584228515625
2.97894809373435531796303621376864612102508544921875
2.09565135944358882369442653725855052471160888671875
3.579820329930918365590741814230568706989288330078125
3.755529925210463471074717745068483054637908935546875
3.61010212850316225541291714762337505817413330078125
3.3637058794486112134336508461274206638336181640625
4.09324888504065587113700530608184635639190673828125
0.96216578146119069447905758352135308086872100830078125
0.326452764384129012764645949573605321347713470458984375
4.39957090773507530911956564523279666900634765625
4.4021874508256839675368610187433660030364990234375
0.2150541567175333901307254791390732862055301666259765625
1.65017029029909156889743826468475162982940673828125
2.6383182751028950718819032772444188594818115234375
3.846168973406419500093988972366787493228912353515625
3.679308484733122330823107404285110533237457275390625
1.7370267824018215119252772637992165982723236083984375
4.4679969376104100575730626587755978107452392578125
5.93813491159134354546722533996216952800750732421875
1.323993970618378313020002678968012332916259765625
4.90074269630958792021147019113413989543914794921875
0.693514396674543842635785040329210460186004638671875
3.15801168618193184300935172359459102153778076171875
4.4463969931463598328491571010090410709381103515625
2.48306292536521677760674720047973096370697021484375
2.06979878527189153913923291838727891445159912109375
0.2302030713318064802930251744328415952622890472412109375
5.116985084829511976067806244827806949615478515625
4.851682960282158063591850805096328258514404296875
1.652614165168920568049770736251957714557647705078125
4.40013604176622319386069648317061364650726318359375
2.956598394977679955530902589089237153530120849609375
4.82369719700458876587845225003547966480255126953125
5.17082463650078327788151000277139246463775634765625
3.081751592483126689359096417319960892200469970703125
1.4605132428387641585487699558143503963947296142578125
4.899333154260315126293789944611489772796630859375
4.41011526429128419835024033091031014919281005859375
3.809707823500714685138746062875725328922271728515625
5.25862399393414303716554059064947068691253662109375
5.136109552467406302866947953589260578155517578125
0.6116505221309951334518473231582902371883392333984375
3.330090418269623597780082491226494312286376953125
0.96350068250427367555488444850197993218898773193359375
0.9175683610412403989897711653611622750759124755859375
4.31325470638868768702423039940185844898223876953125
1.66485220050107241007708580582402646541595458984375
5.17168192697550654912674872321076691150665283203125
2.128077828102784341268716161721386015415191650390625
4.68401090024992061700004342128522694110870361328125
4.27095456474377765943017948302440345287322998046875
0.62595310352695132660727495022001676261425018310546875
2.01536648552782793331061839126050472259521484375
4.66126195652050245854525201139040291309356689453125
1.32621001940420502052120355074293911457061767578125
5.83465975496863809013348145526833832263946533203125
4.68193812380900720171439388650469481945037841796875
5.54544689274498647790778704802505671977996826171875
5.89176058406013947177370937424711883068084716796875
3.627431314778740034654447299544699490070343017578125
2.841877125848289775689181624329648911952972412109375
5.84384804790884171410425551584921777248382568359375
2.64416851668212160575421876274049282073974609375
4.71209342092918692657121937372721731662750244140625
2.508480629583128784787504628184251487255096435546875
3.698890465370816560408684381400234997272491455078125
2.974257861341953912415192462503910064697265625
3.38335231040516237754900430445559322834014892578125
3.07772663671600188450838686549104750156402587890625
4.53151335297248802902458919561468064785003662109375
5.39812961445447303532318983343429863452911376953125
4.58307092799181692299725909833796322345733642578125
4.24611278504075784212545841000974178314208984375
5.52572567741627462822862071334384381771087646484375
4.07109479598606238681668401113711297512054443359375
4.38083171127644011022539416444487869739532470703125
4.52747241043660419990146692725829780101776123046875
5.13651594525787924538917650352232158184051513671875
2.39065382821795768819583827280439436435699462890625
5.660701971903630891347347642295062541961669921875
0.39515777858866296678996832270058803260326385498046875
5.3953843521279924999589638900943100452423095703125
1.1180654061722143932655626485939137637615203857421875
2.07585468680039841871121097938157618045806884765625
4.25698032653298330529878512606956064701080322265625
2.31654339900842298760608173324726521968841552734375
4.4071705477140117324097445816732943058013916015625
0.885621770473425495850960942334495484828948974609375
4.46176154773704336520268043386749923229217529296875
6.22478609600399490631161825149320065975189208984375
2.998133837158876158213161033927462995052337646484375
2.879457659705785932402477556024678051471710205078125
1.98074166353988001532115958980284631252288818359375
2.130876568862533293469141426612623035907745361328125
5.29821236529905714718324816203676164150238037109375
2.987344649558924647436697341618128120899200439453125
4.5848003780406116902668145485222339630126953125
2.779600483818336353891709222807548940181732177734375
4.5950950612942360606893998919986188411712646484375
3.61547252417520592615574059891514480113983154296875
5.17963791331745770918359994539059698581695556640625
5.940814722963001059952148352749645709991455078125
0.265259650183868378459095538346446119248867034912109375
5.6737211879345661458273752941749989986419677734375
0.671413338400288495222412166185677051544189453125
0.693506935792344680891119423904456198215484619140625
3.6545691853673218929543509148061275482177734375
4.91196812022880902048882489907555282115936279296875
5.3057528975359584677562452270649373531341552734375
3.7235210406650391945504452451132237911224365234375
2.26805262985750655246874885051511228084564208984375
3.730964800871062525544630261720158159732818603515625
2.52722408898504458107936443411745131015777587890625
6.27253348918510678089432985871098935604095458984375
5.08283515823397014088413925492204725742340087890625
3.408023935180661379007460709544830024242401123046875
3.253651333618104768419243555399589240550994873046875
0.99972562380538743109781307794037275016307830810546875
3.608904551580087716189382263110019266605377197265625
1.9627468787970483443672264911583624780178070068359375
6.00558348982684009342847275547683238983154296875
1.66667976553954044760530450730584561824798583984375
6.229218410087522528328918269835412502288818359375
2.7290929211755265981764750904403626918792724609375
1.05512197193385492965944649768061935901641845703125
3.28938066168098774966210839920677244663238525390625
0.59710904913869267129911122538032941520214080810546875
3.892842306763642401534752934821881353855133056640625
0.96454014724144865322585928879561834037303924560546875
3.963466988403016255659849775838665664196014404296875
1.2038259034573888239805228295153938233852386474609375
3.743477771175173440809658131911419332027435302734375
4.15395898172733968323200315353460609912872314453125
1.6932029208774661555025886627845466136932373046875
5.13346490379467734754825869458727538585662841796875
5.7599961203619667315933838835917413234710693359375
0.029018314263906851147023502335287048481404781341552734375
1.949645162964007027994739473797380924224853515625
1.4389531687440195728555636378587223589420318603515625
5.2268374290490751121751600294373929500579833984375
4.8481667459800998898344914778135716915130615234375
5.81724974539507133641791369882412254810333251953125
2.970192950356275840562148005119524896144866943359375
2.28642363324252873013620046549476683139801025390625
1.0259119422557898548831190055352635681629180908203125
3.698923100147306630702814800315536558628082275390625
1.0550109423033859901153164173592813313007354736328125
0.40402977986283550304591472013271413743495941162109375
5.90241896337720373111324079218320548534393310546875
0.4054628514864793142891130628413520753383636474609375
5.75318250334065250939374891459010541439056396484375
3.32537635494172700845183499041013419628143310546875
1.025764254824115706554721327847801148891448974609375
5.75725223903015237425506711588241159915924072265625
3.670574302045267689464935756404884159564971923828125
4.95879256717184535574460824136622250080108642578125
0.65075185295761672765735283974208869040012359619140625
1.39764624021832251088426346541382372379302978515625
1.636578455948121568752640087041072547435760498046875
1.2724926009116164227208400916424579918384552001953125
3.65077519510639536548524120007641613483428955078125
4.8922282439170903245440058526583015918731689453125
6.1306312723814020415602499269880354404449462890625
3.631570761440506611705814066226594150066375732421875
1.110305424520226846851755908573977649211883544921875
4.21937819707881534014859425951726734638214111328125
3.919307284775431554635360953398048877716064453125
0.07931813961376531219027441466096206568181514739990234375
0.253405464074603237190075333273853175342082977294921875
1.1266036631676812351798844247241504490375518798828125
4.25428944379730911151682448689825832843780517578125
6.159535517071073940087444498203694820404052734375
4.295067937054771078919657156802713871002197265625
2.242800800068817768107010124367661774158477783203125
4.9580663307502472747501087724231183528900146484375
2.310951491206802987932178439223207533359527587890625
2.203523799113520365011709145619533956050872802734375
0.74825705741475034837861812775372527539730072021484375
6.21625246182965529584407704533077776432037353515625
1.5176494014018560019252390702604316174983978271484375
2.13367613178224235781499373842962086200714111328125
1.6236752112849242024594786926172673702239990234375
0.715411544649540598328485430101864039897918701171875
4.71486965615722031230916400090791285037994384765625
1.2563784295426072556978169814101420342922210693359375
0.423985616501414031009886684842058457434177398681640625
0.568947840281272210205543160554952919483184814453125
0.2593779662900501659095198192517273128032684326171875
0.6338743211859252379980489422450773417949676513671875
0.70132955801735141765362868682132102549076080322265625
0.2036131188290254689920999453534022904932498931884765625
0.621829135167332847089483038871549069881439208984375
0.81044786321485784430507237630081363022327423095703125
0.6248526799608267179308995764586143195629119873046875
0.025970118132405968502940396547273849137127399444580078125
0.3645176847300108935456819381215609610080718994140625
0.471162474467960390445142593307537026703357696533203125
0.59072712044731112701612119053606875240802764892578125
0.7565425675159984653106448604376055300235748291015625
0.276227841748030777946354419327690266072750091552734375
0.131682053735331650035078610017080791294574737548828125
0.774848966288775642397013143636286258697509765625
0.628758438224326088317184257903136312961578369140625
0.71857183786042588824471977204666472971439361572265625
0.408523685954755022553541721208603121340274810791015625
0.96375099847267897690272775435005314648151397705078125
0.466008536268960937842820158039103262126445770263671875
0.08625111919187526676733313024669769220054149627685546875
0.91911340687382658831694470791262574493885040283203125
0.84620250055855261717141502231243066489696502685546875
0.308814950896806550417750258930027484893798828125
0.5196491244806205056505632455809973180294036865234375
0.74607060372180800111863163692760281264781951904296875
0.43143821946877902728800791010144166648387908935546875
0.263509685296336948479023476465954445302486419677734375
0.5545697424349234072593617383972741663455963134765625
0.407879519000593326882864175786380656063556671142578125
0.09582163304827251426587508831289596855640411376953125
0.363645640371202338858580560554401017725467681884765625
0.299270715703848166899803118212730623781681060791015625
0.2342948658551531337934648036025464534759521484375
0.384306130644076537894449074883596040308475494384765625
0.8486018473508776249758511767140589654445648193359375
0.976759801142271566476438238169066607952117919921875
0.1816610485229925575634268852809327654540538787841796875
0.71279877829961424406945980081218294799327850341796875
0.033682486523726247462651173236736212857067584991455078125
0.270453425250227308396233638632111251354217529296875
0.342824147242505150590119455955573357641696929931640625
0.2823662610176793652527749145519919693470001220703125
0.409557705470154853610864620350184850394725799560546875
0.00152557110484948898858348353968494848231784999370574951171875
0.1663547112449792753086086349867400713264942169189453125
0.85407518123000636389718920327140949666500091552734375
0.9117406750618204380742781722801737487316131591796875
0.302169677476477660515996603862731717526912689208984375
0.416367610644720331780632704976596869528293609619140625
0.84633894257542630068513744845404289662837982177734375
0.157033057490844785153427665136405266821384429931640625
0.03268471082331832200384980069429730065166950225830078125
0.6460610449528605414570847642607986927032470703125
0.82917010589929762698346848992514424026012420654296875
0.9779313919031673574266960713430307805538177490234375
0.459496621256459791826642913292744196951389312744140625
0.8015151754028699837562044194783084094524383544921875
0.92708937121885337528937043316545896232128143310546875
0.5787988852610805867726639917236752808094024658203125
0.0285101044124505022259175035514999763108789920806884765625
0.02596214647682483500634731399259180761873722076416015625
0.275153947656580244451873795696883462369441986083984375
0.035931182110650085326231106819250271655619144439697265625
0.08373836198995744661832674182733171619474887847900390625
0.26379943278795081607057682049344293773174285888671875
0.71726825028530705186113891613786108791828155517578125
0.75317604781742020225721034876187331974506378173828125
0.75952659675829414798187144697294570505619049072265625
0.49543644976589662487498344489722512662410736083984375
0.0789806233155450898575367091325460933148860931396484375
0.6883202333414555340596052701584994792938232421875
0.79412337988341386019186529665603302419185638427734375
0.280340126846144011008021834641112945973873138427734375
0.7009082891516891233862907029106281697750091552734375
0.64982769296030873373837266626651398837566375732421875
0.60429260861328459863983653121977113187313079833984375
0.61200367920659648479642100937780924141407012939453125
0.61349266051011752676203059309045784175395965576171875
0.45677018140292269254842949521844275295734405517578125
0.10023365360695572767735228580932016484439373016357421875
0.6273083270654586929282459095702506601810455322265625
0.141402104469669109843010801341733895242214202880859375
0.5674548645352268660957406609668396413326263427734375
0.77972146718749846261431457605795003473758697509765625
0.4896254034198939120159366211737506091594696044921875
0.5362591555045261859646643642918206751346588134765625
0.39717933507504843415603090761578641831874847412109375
0.66778104457435250029817552785971201956272125244140625
0.051595285558884630694453932164833531714975833892822265625
0.53665847449407844127478028894984163343906402587890625
0.09810772682452002790842726653863792307674884796142578125
0.37721281749066559729754999352735467255115509033203125
0.0203976389115665297790958021550977719016373157501220703125
0.35804626688270191348095750072388909757137298583984375
0.68793650050085808356215011372114531695842742919921875
0.19773743497102402866261172675876878201961517333984375
0.27578182391625916114463734629680402576923370361328125
0.695729201517873097060373765998519957065582275390625
0.2400682406686564240860803920440957881510257720947265625
0.90612800228694823090336285531520843505859375
0.334152758742753797083224753805552609264850616455078125
0.90763928038423846711424403110868297517299652099609375
0.77276969271375317571681762274238280951976776123046875
0.408851555738994620892157172420411370694637298583984375
0.94410965821897130378914653192623518407344818115234375
0.52578795632616992516972231896943412721157073974609375
0.0864611128747747870182394080984522588551044464111328125
0.75232879060894664036140966345556080341339111328125
0.893706251351957359219113641302101314067840576171875
0.58402657256649181949370586153236217796802520751953125
0.56865497751564486605957426945678889751434326171875
0.89688757848780953363387880017398856580257415771484375
0.1209035469782089589063645007627201266586780548095703125
0.68767348941772876713685036520473659038543701171875
0.06806744777973157412009896916060824878513813018798828125
0.09066543126975439015335922476879204623401165008544921875
0.036188648564828861109443636223659268580377101898193359375
0.13355230034028753305364034531521610915660858154296875
0.57372503568126120843118087577749975025653839111328125
0.63332331908555861144094478731858544051647186279296875
0.48791388631235521611273497910588048398494720458984375
0.56005207801240131093578611398697830736637115478515625
0.062112048297241352623476728922469192184507846832275390625
0.68123375097347127482549922206089831888675689697265625
0.42275592518167381950178196348133496940135955810546875
0.53746105103635277711049411664134822785854339599609375
0.047024330611817689862252933608033345080912113189697265625
0.83584770366356131443552612836356274783611297607421875
0.02696540859852238070093477517730207182466983795166015625
0.5288996652368920248221684232703410089015960693359375
0.11732268385464450499711119846324436366558074951171875
0.497253063366400571698733301673200912773609161376953125
0.6178698076949780126909672617330215871334075927734375
0.9624696736980553612994526702095754444599151611328125
0.173209219785970258698171164724044501781463623046875
0.70942953681081044603473628740175627171993255615234375
0.7549042672640198237132835856755264103412628173828125
0.2354981048197942461452925044795847497880458831787109375
0.581862482978898309937676458503119647502899169921875
0.77283461474479853148267238793778233230113983154296875
0.181992178867567411248984399207984097301959991455078125
0.9960293108578908150008146549225784838199615478515625
0.74464429483965244305210262609762139618396759033203125
0.396944387535073051065381832813727669417858123779296875
0.35539820667141963639323876122944056987762451171875
0.8666425602820899687372957487241365015506744384765625
0.545409149278611504740865711937658488750457763671875
0.6262322229455374866802230826579034328460693359375
0.9947009873551786451884026973857544362545013427734375
0.354873800349828683042829879923374392092227935791015625
0.1844948880302230420635822838448802940547466278076171875
0.8290333127738132024120432106428779661655426025390625
0.333784951518189598740349310901365242898464202880859375
0.756415470389842692355841791140846908092498779296875
0.981263273386872914016976210405118763446807861328125
0.92026584312332138093637468045926652848720550537109375
0.8395457504501313561462438883609138429164886474609375
0.392271961733825502705030885408632457256317138671875
0.7481721675713417507580516030429862439632415771484375
0.355799748262297266254705618848674930632114410400390625
0.71506040250652491696570223211892880499362945556640625
0.57629126476882552854164032396511174738407135009765625
0.5863379317272165991425936226733028888702392578125
0.4237485082930645408083591973991133272647857666015625
0.7912253838922946869161023641936480998992919921875
0.74894912575788286090983092435635626316070556640625
0.8429256458035323529287552446476183831691741943359375
0.91511942721676053924539928630110807716846466064453125
0.6425138556596421413047437454224564135074615478515625
0.09235803135314864242833010621325229294598102569580078125
0.2007849822755833069098940768526517786085605621337890625
0.7870325808352942598133950014016591012477874755859375
0.92891902799202086260521582516958005726337432861328125
0.6245207775498371471911696062306873500347137451171875
0.96852089183801826077768737377482466399669647216796875
0.780661569340462602184516072156839072704315185546875
0.20276283342519907382239807702717371284961700439453125
0.944050845664018201119915829622186720371246337890625
0.5594763218236511459480198027449660003185272216796875
0.370139684234810861784836788501706905663013458251953125
0.14642166213431473398287607778911478817462921142578125
0.32642197717280219126934071027790196239948272705078125
0.69707124805872855421995382130262441933155059814453125
0.1660579043282465472319842092474573291838169097900390625
0.91307630199616607313828353653661906719207763671875
0.9633622322992245745609807272558100521564483642578125
0.271039810157865213025019102133228443562984466552734375
0.1541920160661414407332614473489229567348957061767578125
0.9296993552379773095850623576552607119083404541015625
