              -3390.1379872589
         -0.000129632      -0.000013116       0.000010126
         -0.000013116      -0.000152769       0.000000926
          0.000010126       0.000000926      -0.000143465
          64
  1     6       0.001236314       0.005235899      -0.021505690  C
  1     6       0.007954933      -0.010357511      -0.013997456  C
  2    40      -0.022670301       0.014287866       0.026273771  Zr
  1     6      -0.041716984       0.002513245       0.041205231  C
  2    40       0.044592686       0.005790507       0.008179457  Zr
  2    40      -0.008098108       0.015842955      -0.011373448  Zr
  1     6       0.017545056      -0.005876914      -0.007044424  C
  2    40      -0.042481883      -0.048821495      -0.058633196  Zr
  1     6      -0.012307856       0.012500928       0.106376203  C
  1     6       0.001628485       0.006946448      -0.004930322  C
  2    40       0.008853362      -0.031069693       0.001858815  Zr
  1     6       0.005039167       0.020911551      -0.023146351  C
  2    40      -0.045121213      -0.022628670      -0.031753584  Zr
  2    40      -0.005687680       0.015129340      -0.013258492  Zr
  1     6       0.013134944       0.034948391      -0.014472145  C
  2    40      -0.018927911      -0.050149229       0.001097435  Zr
  2    40      -0.020488971      -0.006613172       0.006212880  Zr
  1     6       0.016872274       0.005609908       0.006169162  C
  2    40      -0.016103622      -0.073167647      -0.035862438  Zr
  1     6      -0.070242026       0.032811663       0.029852806  C
  1     6       0.033075396      -0.002264340      -0.015677670  C
  2    40       0.035471182       0.037300037      -0.036696398  Zr
  1     6      -0.073031697       0.000883601       0.035900029  C
  2    40      -0.026321358      -0.012107117       0.074613171  Zr
  2    40       0.022097815       0.010307697       0.004131085  Zr
  1     6      -0.010145542       0.016314884       0.006964873  C
  2    40      -0.000986663       0.012129345      -0.014752846  Zr
  1     6       0.012157885      -0.002017864      -0.053707182  C
  1     6      -0.005385961      -0.001348468      -0.017478749  C
  2    40       0.025002244       0.017318327       0.038292302  Zr
  1     6       0.008586371       0.004831562       0.002743240  C
  2    40       0.034819514      -0.016844921      -0.014727026  Zr
  1     6       0.013569082      -0.004208122      -0.001005372  C
  2    40      -0.002160266       0.000505121      -0.033439165  Zr
  1     6       0.031755800       0.005396997       0.001393324  C
  2    40       0.023056684       0.006393732      -0.003364463  Zr
  2    40      -0.002555240       0.006853724      -0.015224882  Zr
  1     6      -0.003087433      -0.008597540       0.016880699  C
  2    40       0.013944169       0.003717508       0.022521129  Zr
  1     6       0.031292071       0.004621268      -0.011034392  C
  1     6      -0.013393307       0.005703835       0.018207647  C
  2    40       0.000734319      -0.027719238      -0.006672411  Zr
  1     6       0.008332577       0.008273755      -0.011436548  C
  2    40      -0.003149640      -0.031881939      -0.000470115  Zr
  2    40      -0.031258275      -0.036714243      -0.026676754  Zr
  1     6      -0.004164860       0.021883480       0.029354542  C
  2    40      -0.021603331       0.010225826       0.022606412  Zr
  1     6       0.011125842       0.009779079       0.005424192  C
  2    40      -0.018459846       0.006739133      -0.029658750  Zr
  1     6       0.016448404      -0.006461434      -0.024576513  C
  2    40       0.007414700       0.002393055       0.014127432  Zr
  1     6      -0.000803617       0.016256751       0.001241804  C
  1     6       0.007296814       0.002666594       0.009703910  C
  2    40       0.000393391      -0.012983651       0.035608676  Zr
  1     6       0.009284564      -0.009106215      -0.015019825  C
  2    40       0.014711724      -0.002569291       0.003878799  Zr
  2    40       0.002378533       0.010080922      -0.001422193  Zr
  1     6      -0.010210161       0.016765890       0.013022631  C
  2    40       0.013785466       0.009036842      -0.027577195  Zr
  1     6       0.005361890       0.015799663       0.014944172  C
  1     6      -0.007856751      -0.028111204       0.009900407  C
  2    40       0.002112371      -0.015025177      -0.010983732  Zr
  1     6       0.015516138      -0.006573707      -0.005386139  C
  2    40       0.022171501       0.037651618       0.004220551  Zr
