              -3390.1748376673
         -0.000095280      -0.000008199      -0.000001081
         -0.000008199      -0.000103474      -0.000005510
         -0.000001081      -0.000005510      -0.000084254
          64
  1     6      -0.019493058      -0.003716692      -0.000437960  C
  1     6       0.000092538      -0.012977279      -0.023002134  C
  2    40      -0.005216521      -0.024499067       0.009615835  Zr
  1     6      -0.033054552       0.027183954       0.041552318  C
  2    40       0.073097691      -0.034563078      -0.008792249  Zr
  2    40       0.002383642      -0.019154642      -0.000537597  Zr
  1     6       0.021522031      -0.011283115       0.001944447  C
  2    40      -0.123518931       0.027427180      -0.011797915  Zr
  1     6       0.060684800       0.015876756       0.050789279  C
  1     6       0.008987639      -0.009354034      -0.015872809  C
  2    40       0.018483960      -0.021885698      -0.003512574  Zr
  1     6       0.001162945       0.002281124      -0.002177487  C
  2    40      -0.011593023      -0.028597433      -0.021596131  Zr
  2    40      -0.003771572       0.010927615      -0.023213209  Zr
  1     6       0.002936337      -0.005906906      -0.002564219  C
  2    40       0.011967152       0.038905797       0.016004696  Zr
  2    40      -0.013386168      -0.023240633      -0.023086855  Zr
  1     6       0.005997588      -0.016301055       0.005166111  C
  2    40       0.059169614       0.010216440       0.061690564  Zr
  1     6       0.005736014       0.057813539       0.031857792  C
  1     6      -0.004001171       0.003897069      -0.012458377  C
  2    40      -0.015340230       0.017175815      -0.026520395  Zr
  1     6       0.025428957      -0.009427831       0.010897134  C
  2    40       0.007447479      -0.064393397       0.019483308  Zr
  2    40       0.021033693       0.000771629       0.024009731  Zr
  1     6      -0.007730472      -0.011915160       0.021983886  C
  2    40       0.017144152       0.049686413      -0.053804453  Zr
  1     6       0.010644318       0.008324000      -0.014281363  C
  1     6      -0.008541410      -0.006114895      -0.010284655  C
  2    40      -0.004738566      -0.015583366      -0.012810480  Zr
  1     6      -0.008528562      -0.019447279      -0.010342783  C
  2    40       0.005268350       0.033011786      -0.010780187  Zr
  1     6       0.006322814       0.010919652       0.011036745  C
  2    40       0.024916330      -0.013557369      -0.012818940  Zr
  1     6       0.011009883      -0.005085404      -0.009719435  C
  2    40      -0.011451670      -0.002499178       0.000291319  Zr
  2    40      -0.017238675       0.005700775      -0.013925292  Zr
  1     6      -0.017312401      -0.009643993       0.019312112  C
  2    40       0.019455267       0.020114244      -0.006383633  Zr
  1     6       0.003783999      -0.007930118       0.002925274  C
  1     6      -0.018382622       0.021048094       0.015290873  C
  2    40       0.023150009      -0.019100628      -0.013968351  Zr
  1     6      -0.013905368      -0.007885377      -0.010595102  C
  2    40       0.024397740      -0.036238060       0.001202595  Zr
  2    40      -0.006772915      -0.008389779       0.024860082  Zr
  1     6      -0.005871565       0.004216245       0.008388127  C
  2    40      -0.015880135       0.011425053      -0.028635672  Zr
  1     6       0.013246006      -0.004541921       0.004263850  C
  2    40       0.003532929       0.022933346       0.001985316  Zr
  1     6       0.004731065       0.006381951      -0.002029134  C
  2    40      -0.021297645       0.033861226      -0.018745867  Zr
  1     6      -0.023217660       0.000904062       0.007450248  C
  1     6      -0.026950941      -0.008938846      -0.003756220  C
  2    40       0.007947705      -0.017050119       0.004787374  Zr
  1     6      -0.018468201       0.010125975      -0.000392593  C
  2    40      -0.015120103       0.023904986      -0.016227043  Zr
  2    40      -0.014350481       0.008848524      -0.008507527  Zr
  1     6      -0.018198114       0.015815303       0.015066104  C
  2    40       0.028288431      -0.004590755       0.012907567  Zr
  1     6      -0.006774065       0.016251964      -0.002836023  C
  1     6       0.010607961      -0.007449775       0.003972108  C
  2    40      -0.026893041      -0.000471971      -0.012771564  Zr
  1     6       0.010303755       0.009249593      -0.000540924  C
  2    40      -0.011844771      -0.034253222       0.022910915  Zr
