              -3390.1475832088
         -0.000171147      -0.000007437      -0.000013936
         -0.000007437      -0.000105986       0.000000973
         -0.000013936       0.000000973      -0.000101221
          64
  1     6       0.000549360       0.005220838       0.015058972  C
  1     6       0.006761970       0.011920761      -0.002459673  C
  2    40       0.049278295      -0.028123874      -0.009477555  Zr
  1     6      -0.014975472       0.005838250       0.004274092  C
  2    40      -0.033508786       0.040792731      -0.039151837  Zr
  2    40      -0.005340966      -0.001264761       0.015339259  Zr
  1     6      -0.001247170       0.014340696       0.005072156  C
  2    40      -0.032355761      -0.050413719       0.010906686  Zr
  1     6       0.004372047       0.004799765      -0.044280017  C
  1     6      -0.004472799       0.002835341       0.012683625  C
  2    40      -0.019198464       0.000264156      -0.025245539  Zr
  1     6       0.044523074      -0.029686234      -0.012458595  C
  2    40       0.017238218      -0.005200272       0.003775626  Zr
  2    40       0.029459724       0.015598431       0.030145975  Zr
  1     6       0.024096865       0.013962264      -0.009698099  C
  2    40      -0.004138324      -0.039760332       0.002779511  Zr
  2    40      -0.019683191      -0.007095117      -0.008493472  Zr
  1     6       0.004785904       0.013684954      -0.013604136  C
  2    40       0.035487346       0.015569782       0.041589210  Zr
  1     6       0.000925962       0.018210806       0.003465806  C
  1     6       0.031326540      -0.000751927      -0.013254073  C
  2    40       0.034457018       0.050720746       0.007176807  Zr
  1     6      -0.007310594      -0.016947752      -0.017223562  C
  2    40      -0.168776955      -0.043648426      -0.031000373  Zr
  2    40      -0.019218870       0.025184295       0.012083980  Zr
  1     6       0.000213294      -0.003275270       0.004626892  C
  2    40      -0.023029451       0.021781932       0.000099189  Zr
  1     6       0.000426701      -0.001681470       0.024697157  C
  1     6      -0.021553551       0.006073697       0.018655494  C
  2    40      -0.004543659       0.002255288       0.040038804  Zr
  1     6       0.001395787      -0.004206610      -0.003574524  C
  2    40       0.059492526      -0.004317317      -0.008165319  Zr
  1     6       0.037038363      -0.018195790      -0.018802676  C
  2    40      -0.041236104      -0.016686665       0.031291425  Zr
  1     6      -0.018597608       0.003259316       0.014463767  C
  2    40       0.000030336      -0.021168154      -0.001832294  Zr
  2    40       0.006860733      -0.013319418      -0.019584085  Zr
  1     6      -0.000016407       0.014640840      -0.022674586  C
  2    40       0.023087703      -0.009666762       0.013394836  Zr
  1     6       0.040583098       0.019646701      -0.040691691  C
  1     6      -0.015329524       0.008885920       0.000664756  C
  2    40       0.027836544       0.005722983      -0.004141594  Zr
  1     6      -0.003659644       0.014957597      -0.000216340  C
  2    40      -0.003419492      -0.023139562      -0.003717809  Zr
  2    40      -0.011424068       0.003597203       0.003758383  Zr
  1     6       0.041281459      -0.017561076      -0.012420013  C
  2    40      -0.045977240      -0.001273646       0.000478040  Zr
  1     6      -0.002610949       0.008724526       0.010936498  C
  2    40      -0.001519647       0.046813829       0.018691010  Zr
  1     6       0.002144237      -0.014075255       0.021836813  C
  2    40       0.038618612      -0.003914569      -0.002977833  Zr
  1     6       0.012900852       0.017494122       0.013258007  C
  1     6       0.000821407      -0.014409154      -0.030166685  C
  2    40       0.014745998      -0.005236580      -0.018276009  Zr
  1     6       0.002035207      -0.020627544      -0.016463837  C
  2    40       0.018665710       0.007197282       0.044930049  Zr
  2    40       0.012787733      -0.037491033       0.003321812  Zr
  1     6      -0.020113652      -0.012151498      -0.001965558  C
  2    40      -0.017161841       0.017007392       0.001902892  Zr
  1     6      -0.009971639       0.027036283      -0.000355650  C
  1     6      -0.037039814       0.006549226       0.008081408  C
  2    40      -0.051118569      -0.022490390       0.006589646  Zr
  1     6       0.018489229      -0.016404096      -0.010225828  C
  2    40       0.014805834       0.034302727      -0.004063218  Zr
