              -3390.1188973679
         -0.000205816       0.000003664       0.000005450
          0.000003664      -0.000150458       0.000005116
          0.000005450       0.000005116      -0.000107370
          64
  1     6       0.005748626       0.003682934       0.035069937  C
  1     6      -0.011083039      -0.023207403      -0.008289901  C
  2    40       0.008784543      -0.024423446      -0.000374454  Zr
  1     6      -0.000371861       0.013478280      -0.002024064  C
  2    40       0.028532007       0.103366026      -0.135706910  Zr
  2    40      -0.005047509      -0.001006445      -0.012992750  Zr
  1     6      -0.008627701      -0.010501139      -0.012551050  C
  2    40      -0.107173670       0.003212626       0.084547177  Zr
  1     6       0.041810918       0.032298660       0.007672575  C
  1     6       0.009642893      -0.014097472      -0.009675361  C
  2    40       0.007660972       0.016750823      -0.009626321  Zr
  1     6      -0.010213814       0.000009949      -0.001394985  C
  2    40      -0.026454877      -0.005878043      -0.010368255  Zr
  2    40       0.001769750      -0.011314376       0.046195501  Zr
  1     6       0.005163398      -0.014003736      -0.001559876  C
  2    40       0.002764695       0.001515663      -0.005885332  Zr
  2    40       0.028223489      -0.037489910      -0.005365719  Zr
  1     6      -0.000687554      -0.012215105       0.006433862  C
  2    40      -0.107649046       0.056861483      -0.082007266  Zr
  1     6      -0.019024741       0.083715248      -0.021347139  C
  1     6      -0.004310360      -0.009096437      -0.006209990  C
  2    40       0.011813481      -0.020431655       0.009697924  Zr
  1     6       0.119869168       0.049345288      -0.005018185  C
  2    40      -0.032554562      -0.047086099       0.069429820  Zr
  2    40       0.000199124      -0.016419602      -0.028339268  Zr
  1     6      -0.007027924       0.002344178       0.006814675  C
  2    40       0.016385123      -0.004266948      -0.011568066  Zr
  1     6       0.003611648       0.006522336      -0.001230654  C
  1     6       0.001429775      -0.027413818       0.006588057  C
  2    40      -0.020947044       0.008659188      -0.005105063  Zr
  1     6       0.012602499      -0.007684872       0.010502974  C
  2    40       0.003986709      -0.012324031       0.053239143  Zr
  1     6      -0.002961406       0.002939721       0.007193754  C
  2    40       0.006159553       0.015875669      -0.008116451  Zr
  1     6       0.027112484      -0.001172344       0.005008791  C
  2    40      -0.007872885      -0.012365607       0.017789881  Zr
  2    40       0.002504415       0.015228731       0.035625842  Zr
  1     6       0.000666947      -0.006974595       0.004891862  C
  2    40       0.002295073      -0.002216543      -0.018390395  Zr
  1     6      -0.011328928      -0.034698006      -0.000769745  C
  1     6       0.004681639       0.005499003      -0.006975784  C
  2    40      -0.012324025       0.003178281      -0.012525943  Zr
  1     6      -0.010407928       0.015050959       0.012277366  C
  2    40       0.017559095       0.004665307      -0.025363864  Zr
  2    40       0.001311579      -0.007271120      -0.002467244  Zr
  1     6       0.018937622       0.001811818      -0.008440520  C
  2    40       0.012830524      -0.000075956       0.006925656  Zr
  1     6      -0.006533421      -0.017627700      -0.012272943  C
  2    40      -0.007994137      -0.025375968      -0.007967081  Zr
  1     6       0.010925825       0.002062404       0.002443236  C
  2    40       0.026350547      -0.019107007       0.004592308  Zr
  1     6       0.004150649      -0.008070443       0.016414486  C
  1     6       0.000271040       0.009805756       0.008707022  C
  2    40      -0.014419872       0.013786452       0.006857685  Zr
  1     6      -0.025935445      -0.000478500      -0.002116694  C
  2    40      -0.002046134      -0.004903420      -0.009808972  Zr
  2    40       0.005695809      -0.010075340      -0.038898001  Zr
  1     6       0.012697186      -0.000721606      -0.018621062  C
  2    40       0.013357237      -0.022681118       0.006439996  Zr
  1     6       0.002752015      -0.007021075       0.010991941  C
  1     6       0.018780147       0.006961186       0.014027561  C
  2    40      -0.007284122      -0.021937559       0.019155293  Zr
  1     6       0.002522330       0.010897572      -0.001070603  C
  2    40      -0.030656774       0.012372464       0.035751804  Zr
