157967843
6.2117309243725316036943695507943630218505859375
5.0244741598064965870662490488030016422271728515625
5.54717092999689054266809762339107692241668701171875
5.4836446574928014996430647443048655986785888671875
0.666775993422252799547322865691967308521270751953125
0.2318806024180025959768869370236643590033054351806640625
1.2946411864683986525648151655332185328006744384765625
5.30119731504931746002284853602759540081024169921875
5.403666197620207611862497287802398204803466796875
1.6242145657736954955652208809624426066875457763671875
3.3649323665587491660744490218348801136016845703125
2.02711200023056647978592081926763057708740234375
5.35369682498337962073264861828647553920745849609375
2.96463638665542728034552055760286748409271240234375
6.0363149162704434758097704616375267505645751953125
1.536407759161480868215221562422811985015869140625
3.861267920590810920344893020228482782840728759765625
4.6229517191255613539624391705729067325592041015625
5.45390923249026737806843811995349824428558349609375
4.22287195266253689851509989239275455474853515625
4.18861024449663421620471126516349613666534423828125
1.5600453085900054528423197552911005914211273193359375
4.1890074530874112923584107193164527416229248046875
0.1301207026128959054478428924994659610092639923095703125
2.065382378959545572882916530943475663661956787109375
5.01473305938287250427265462349168956279754638671875
1.085893988502457663258837783359922468662261962890625
2.27011737487816933622752912924624979496002197265625
0.74723528520881410397436184211983345448970794677734375
2.969057591339069990254984077182598412036895751953125
0.82096125662154173507900623008026741445064544677734375
0.182040136270559205211583275740849785506725311279296875
4.7831619665426909904226704384200274944305419921875
1.5242974248742175991111480470863170921802520751953125
2.345217626162810820034110292908735573291778564453125
3.79138582201964258189264000975526869297027587890625
3.918736632617293214053688643616624176502227783203125
5.7338940016244777098108897916972637176513671875
5.92948845132313540062796164420433342456817626953125
5.13404713641232302023809097590856254100799560546875
1.3351646726239640994293722542352043092250823974609375
0.85881497580097498900641994623583741486072540283203125
4.6242546495569616382681488175876438617706298828125
2.577464171686421945395295551861636340618133544921875
2.08050080928690395154490033746697008609771728515625
5.87185483331919666483145192614756524562835693359375
3.768801810600205470791479456238448619842529296875
1.300505943120798146850347620784305036067962646484375
4.575701522060040105088773998431861400604248046875
6.22266437325001842140181906870566308498382568359375
2.28878744553176982634568048524670302867889404296875
0.888376415956459108969056615023873746395111083984375
2.799110720027635945683641693904064595699310302734375
1.74889756385376671232734224759042263031005859375
6.203099821818309322907225578092038631439208984375
4.15709939870761413516220272867940366268157958984375
4.46535429020961327495342629845254123210906982421875
3.6761378526428583057850119075737893581390380859375
1.86166142226189723629659056314267218112945556640625
1.894728268680677896185216013691388070583343505859375
5.51693848735477132549931411631405353546142578125
0.56043899745724623517872942102258093655109405517578125
1.2541074686637940782674149886588566005229949951171875
5.2713334721720368492015040828846395015716552734375
4.6857483114988962569213981623761355876922607421875
0.184357536020848922220238819136284291744232177734375
2.658492131914206968446023893193341791629791259765625
0.6156892322538916051399837670032866299152374267578125
1.411819066632407526640236028470098972320556640625
1.6198314174409411680954917756025679409503936767578125
2.96434619344791183692677805083803832530975341796875
2.586812777041316291359862589160911738872528076171875
4.5096598906571454534741860697977244853973388671875
3.952938817572426710711397390696220099925994873046875
6.2333673540134544310831188340671360492706298828125
4.0302982473936790341895175515674054622650146484375
1.0478795853271425375652370348689146339893341064453125
2.18649023054569280333225833601318299770355224609375
0.1684968854289687900660510422312654554843902587890625
1.8486107417889348081274647483951412141323089599609375
0.10226563936227543727408573204229469411075115203857421875
5.54559565103269402897012696485035121440887451171875
3.105702229787091983581603926722891628742218017578125
1.9351753202924892871550355266663245856761932373046875
2.242686379394243534335373624344356358051300048828125
5.84925488487021549843802858958952128887176513671875
3.0487522568078215812192865996621549129486083984375
0.07036245357384297849367982280455180443823337554931640625
2.13264768866986909046090659103356301784515380859375
1.363362857458171983893180367886088788509368896484375
3.587783057399373642937234762939624488353729248046875
1.2667649752740388624516754134674556553363800048828125
3.70121304970277531509736945736221969127655029296875
0.65446439379161669425144509659730829298496246337890625
4.6278936085374606790310281212441623210906982421875
2.4407698291337727170002835919149219989776611328125
4.53604341631617113961283394019119441509246826171875
1.2077317191762182435610384345636703073978424072265625
1.5812797605272150835986622041673399507999420166015625
5.87608164544859778999352784012444317340850830078125
0.414728480127973864188817287868005223572254180908203125
2.747813415689449367818042446742765605449676513671875
1.311848286378671790686212261789478361606597900390625
4.738707581474926655573653988540172576904296875
0.55829184040956170154146320783183909952640533447265625
5.5273257177318644295382910058833658695220947265625
5.21254624378494835212904945365153253078460693359375
2.498552240535451662850618959055282175540924072265625
3.964160601751470114351150186848826706409454345703125
0.217098622767795179644423342324444092810153961181640625
5.65609177575929233938722973107360303401947021484375
0.75584285526282968259437211600015871226787567138671875
4.3610486320680337257726932875812053680419921875
5.26751023525288974980185230378992855548858642578125
5.10648161975942826984464772976934909820556640625
3.483109232516707010063328198157250881195068359375
4.01937250516862842886212092707864940166473388671875
2.7015055338973610332686803303658962249755859375
2.765913217469448515117846909561194479465484619140625
2.4925314665958406834533889195881783962249755859375
0.9759129513795483656934948157868348062038421630859375
1.187094655687945365940549891092814505100250244140625
2.247577277333606016185285625397227704524993896484375
2.535847885726383754700918871094472706317901611328125
0.55547823347630131962660016142763197422027587890625
2.237421483522333165439022195641882717609405517578125
5.4108149633215827378762696753256022930145263671875
3.83733459545938426771272133919410407543182373046875
4.9568389190758832540950606926344335079193115234375
3.147821385059028642672274145297706127166748046875
1.398880805562088713855928290286101400852203369140625
3.018160032871039621937825359054841101169586181640625
0.295482662856055344757777447739499621093273162841796875
4.4662888022780169450243192841298878192901611328125
0.5935080762890143635246431585983373224735260009765625
0.102415635278677308317440974860801361501216888427734375
2.412306850275724112719899494550190865993499755859375
1.474694925758895269751747036934830248355865478515625
4.97515719304169135028814707766287028789520263671875
4.58843670376856938020182496984489262104034423828125
0.480304019979458096667457311923499219119548797607421875
5.45902013282775033786720086936838924884796142578125
3.535937229001901105363003807724453508853912353515625
3.0966119757648211674450067221187055110931396484375
5.83482895607357132661263676709495484828948974609375
5.98972608106142256900739084812812507152557373046875
0.30899337547374872148253643899806775152683258056640625
0.08559246944053959527121122619064408354461193084716796875
2.16118107484918908767212997190654277801513671875
3.665871918655307926115938244038261473178863525390625
5.22751624059241226660788015578873455524444580078125
4.32411018173260242036803902010433375835418701171875
5.0577978478264444817114053876139223575592041015625
6.0165219184774656469016917981207370758056640625
3.526162618976776297330388842965476214885711669921875
2.997219861534456075702337329857982695102691650390625
4.86444620661110160853013439918868243694305419921875
3.61440032225727492232181248255074024200439453125
5.1862241197235032785783914732746779918670654296875
4.3267889778391133148716107825748622417449951171875
0.389075055920109047491450837696902453899383544921875
5.6883922345068977932669440633617341518402099609375
0.4748452640554869930156201007775962352752685546875
1.3025444697236621127700573197216726839542388916015625
4.0426806756659932062802909058518707752227783203125
5.3907154929687148836592314182780683040618896484375
2.45351864231295468954385796678252518177032470703125
4.343649404200704111644881777465343475341796875
2.947260179266977697665197410969994962215423583984375
4.97790092808169770677295673522166907787322998046875
2.115574036146696368376751706819050014019012451171875
4.19670413427415223139860245282761752605438232421875
3.864990181052522899562973179854452610015869140625
2.814033075444962950228955378406681120395660400390625
1.9557461545535226310477128208731301128864288330078125
1.22271146779559192196984440670348703861236572265625
4.8909665092587744084084988571703433990478515625
3.042889644793325576443976387963630259037017822265625
0.11871780624992601949063697475139633752405643463134765625
1.7186528122189363987359911334351636469364166259765625
3.030665202895957310857966149342246353626251220703125
0.86522479524848694421024219991522841155529022216796875
4.25782337696313195607444868073798716068267822265625
0.429129729496637413177495545824058353900909423828125
3.002674916275689387390457341098226606845855712890625
1.112135748622190778434060121071524918079376220703125
0.815780844268652050033097111736424267292022705078125
5.81508389518018287134282218175940215587615966796875
0.553573736501932867071218424825929105281829833984375
1.1656147202455284794808676451793871819972991943359375
3.203568423909220808099007626879028975963592529296875
4.8541411044549231945666178944520652294158935546875
0.317016772607814856232977263061911799013614654541015625
0.78642857809850419403829846487496979534626007080078125
0.82381982534370379323007682614843361079692840576171875
0.1746913945184514760367022745413123629987239837646484375
0.05812325331295060959480025530865532346069812774658203125
0.27415161266650611704420725800446234643459320068359375
0.95770535383266641726862644645734690129756927490234375
0.148022782592113488764340445413836278021335601806640625
0.2367151352747879633486860484481439925730228424072265625
0.2713981248770831466998743053409270942211151123046875
0.8936142660182035957205926024471409618854522705078125
0.497038966741896681700296767303370870649814605712890625
0.9981817393555221240575292540597729384899139404296875
0.447647481899544341654717527489992789924144744873046875
0.297523104258590909143578073781100101768970489501953125
0.9493370405162391278963696095161139965057373046875
0.0441967891735009776876808018641895614564418792724609375
0.49739955155989135082705843160510994493961334228515625
0.60851477254578600906143037718720734119415283203125
0.974137309926625949429990214412100613117218017578125
0.7089958902024644515904583386145532131195068359375
0.87268657091664458835822415494476445019245147705078125
0.09200068008713456479963355150175630114972591400146484375
0.5267214307220287050625984193175099790096282958984375
0.279211130123218131959816901144222356379032135009765625
0.86426143574726832508048346426221542060375213623046875
0.12074445053969716512565213406560360454022884368896484375
0.0248927101608797489429303340102705988101661205291748046875
0.8331369379689623766438444363302551209926605224609375
0.0796355470454485903086805365092004649341106414794921875
0.71706708228078996913978926386334933340549468994140625
0.74519991909395899565282661569654010236263275146484375
0.76473820617643106789529383604531176388263702392578125
0.6292804855058344859486396671854890882968902587890625
0.9146904167321932010992213690769858658313751220703125
0.03989100364963105160853729103109799325466156005859375
0.85170671802559250185282735401415266096591949462890625
0.290387550038466002444437208396266214549541473388671875
0.93328692760937237427043555726413615047931671142578125
0.2724232134746495948007805054658092558383941650390625
0.61522853589394532747292032581754028797149658203125
0.385323453874012178399510730741894803941249847412109375
0.497985050779760352046565685668610967695713043212890625
0.85489917586320041120728774330927990376949310302734375
0.88275635656097739545344893485889770090579986572265625
0.4617820305106146161477909117820672690868377685546875
0.96350731047033677523216965710162185132503509521484375
0.3610873093647357645608053644536994397640228271484375
0.44958141979276267097276331696775741875171661376953125
0.101498493972000891627516239168471656739711761474609375
0.59378559030303057486577245072112418711185455322265625
0.98795814299395223745392513592378236353397369384765625
0.053967072187907562386133264453746960498392581939697265625
0.3891997055100275826333700024406425654888153076171875
0.09545467286159035891213164859436801634728908538818359375
0.1997520575298704359479273762190132401883602142333984375
0.79830756774093381000767521982197649776935577392578125
0.446656194723516808409158329595811665058135986328125
0.995291675438774614548265162738971412181854248046875
0.6274146068037556034369117696769535541534423828125
0.236090092564043618761360221469658426940441131591796875
0.4778714699101966889571713181794621050357818603515625
0.29617858645328254407758095112512819468975067138671875
0.92784291921548678327980042013223282992839813232421875
0.8293265746111639913351609720848500728607177734375
0.11003184230533979981458969632512889802455902099609375
0.1707309112747809332066850629416876472532749176025390625
0.86860447231149506830405471191625110805034637451171875
0.3763356774003876470402474296861328184604644775390625
0.21195198325996844612717495692777447402477264404296875
0.91942709680619982837157522226334549486637115478515625
0.182473558551852377274116179250995628535747528076171875
0.996779552193721496422540440107695758342742919921875
0.014027282136505135612392081156940548680722713470458984375
0.93068512339642506248083009268157184123992919921875
0.87011925916658683366478044263203628361225128173828125
0.73063852578896959499843433150090277194976806640625
0.3663726189948490752357201927225105464458465576171875
0.18694950788605468883218918563215993344783782958984375
0.77257711895395864143409880853141658008098602294921875
0.32355695093216230162624924560077488422393798828125
0.4393882464800906717528050648979842662811279296875
0.9805989465585904785172033371054567396640777587890625
0.71898584613529303855017360547208227217197418212890625
0.565796896147447103686545233358629047870635986328125
0.828724974220956145387617652886547148227691650390625
0.34264187018510039450802651117555797100067138671875
0.2029586561037966252474262773830560036003589630126953125
0.64032828604817770834500834098435007035732269287109375
0.33149264907999553830819650102057494223117828369140625
0.85842782718056243052018317030160687863826751708984375
0.7377886249394103312937431837781332433223724365234375
0.54960263685770460728718944665160961449146270751953125
0.6158834652117841645946327844285406172275543212890625
0.398376781678934033248395962800714187324047088623046875
0.7528282272409778652644263274851255118846893310546875
0.271069544493718783684244044707156717777252197265625
0.21622159481803959746315513257286511361598968505859375
0.50020919204699298976635191138484515249729156494140625
0.6086031145456261004511588907917030155658721923828125
0.86614526988293294440524050514795817434787750244140625
0.55123008021676456191784154725610278546810150146484375
0.44852662060806836041848555396427400410175323486328125
0.54820856198119394253609470979426987469196319580078125
0.9711746750265242145161437292699702084064483642578125
0.65986831563518766330389553331770002841949462890625
0.081313118842110565509528896654956042766571044921875
0.418668854245296151450617117006913758814334869384765625
0.5018181840431961138193628357839770615100860595703125
0.36746789997791307058605525526218116283416748046875
0.423012902691500658480805441286065615713596343994140625
0.62212869786756519463466474917368032038211822509765625
0.31251260047429829658227617983357049524784088134765625
0.94575093823752875987764809906366281211376190185546875
0.77355773317327614080340936197899281978607177734375
0.878727880250070203516088440665043890476226806640625
0.99168214061841464257440748042427003383636474609375
0.8484901426585811368141776256379671394824981689453125
0.1841466958560732669614168344196514226496219635009765625
0.5290636674170678954709501340403221547603607177734375
0.276399915235303328397975519692408852279186248779296875
0.9849238726240228114505725898197852075099945068359375
0.586588923161192266064745126641355454921722412109375
0.9886287897772290111930715283961035311222076416015625
0.438145045860738047149851581707480363547801971435546875
0.9886020724608572951552787344553507864475250244140625
0.476392816508371785833020339850918389856815338134765625
0.55524039573745820330685774024459533393383026123046875
0.449081062548365939068872876305249519646167755126953125
0.60162720903830002594503412183257751166820526123046875
0.05534538582681929053119773698199423961341381072998046875
0.862341798312189933284344078856520354747772216796875
0.9103130488238824202795740347937680780887603759765625
0.48723628767171700548743729086709208786487579345703125
0.1075306446792234915665886774149839766323566436767578125
0.2497811150968918258996609438327141106128692626953125
0.2052319376753792001810694500818499363958835601806640625
0.74164359399194068611649299782584421336650848388671875
0.63829771365891108114709595611202530562877655029296875
0.88022796757529864208891012822277843952178955078125
0.08636907259298910732869813955403515137732028961181640625
0.9376007080718877784164533295552246272563934326171875
0.479560808967594454088612110354006290435791015625
0.351667305618369618880336702204658649861812591552734375
0.99383243731867165760007765129557810723781585693359375
0.15128066677194118572202796713099814951419830322265625
0.433649603013717410693317333425511606037616729736328125
0.096205349590724964503607452570577152073383331298828125
0.7244544055892407907748520301538519561290740966796875
0.43842239558623286033167687492095865309238433837890625
0.59974159188556563915284414179041050374507904052734375
0.2159156101829910745504292890473152510821819305419921875
0.92290849793837803627383209459367208182811737060546875
0.59679438993185496276083767952513881027698516845703125
0.68783158747844008740202070839586667716503143310546875
0.6376489706512769028989850994548760354518890380859375
0.3458523961463255691484164344728924334049224853515625
0.336962548707128772829122453913441859185695648193359375
0.068090781601188143934422214442747645080089569091796875
0.7540550766298803608833623002283275127410888671875
0.6419243685165068047382419536006636917591094970703125
0.111101041599689531746975035275681875646114349365234375
0.9189582084859526656117623133468441665172576904296875
0.4195366224365013607666696771048009395599365234375
0.7907480284528565217527784625417552888393402099609375
0.475397663877996479175891408885945565998554229736328125
0.546162528705858907329684370779432356357574462890625
0.1954631494337055463983432446184451691806316375732421875
0.648872478701580490678679780103266239166259765625
0.030277237775864655755508891843419405631721019744873046875
0.269279896407052798945613858450087718665599822998046875
0.11090472578578848550368007863653474487364292144775390625
0.243175886684644904089935835145297460258007049560546875
0.440545498132959678638798095562378875911235809326171875
0.136497128818415636164473880853620357811450958251953125
0.37318988674003161776226988877169787883758544921875
0.0999363176990003820865382522242725826799869537353515625
0.85399546886514665633427512148045934736728668212890625
0.69159731999579687755641543844831176102161407470703125
0.66230713932882390171386077781789936125278472900390625
0.1314911088587209231359764771696063689887523651123046875
0.87283496878707544919251404280657880008220672607421875
0.8290180777334692496793877580785192549228668212890625
0.1467246642088166630468748508064891211688518524169921875
0.86055565758634156026118944282643496990203857421875
0.81459462168374774382328951105591841042041778564453125
0.84492811041182280806793869487592019140720367431640625
0.7449678470124341256308753145276568830013275146484375
0.37336662196245351541534773787134326994419097900390625
0.3993706649166395283856445530545897781848907470703125
0.380113918976911324687506521513569168746471405029296875
0.288285247650130305174798195366747677326202392578125
