              -3390.0481069752
         -0.000296973      -0.000007733      -0.000000642
         -0.000007734      -0.000116021       0.000008476
         -0.000000642       0.000008476      -0.000123385
          64
  1     6      -0.006923476       0.003293262      -0.015456669  C
  1     6       0.001091055      -0.008745764      -0.014954014  C
  2    40       0.007180036      -0.017314601       0.000227629  Zr
  1     6      -0.027366203      -0.011508705       0.048381366  C
  2    40      -0.227603751       0.031325940      -0.005596404  Zr
  2    40       0.016960607      -0.022309667      -0.009309822  Zr
  1     6       0.013309778      -0.009284079      -0.004108779  C
  2    40      -0.236039800       0.054682483      -0.005315121  Zr
  1     6       0.066393533       0.044938055       0.093494313  C
  1     6       0.008827722      -0.014996378      -0.012817276  C
  2    40      -0.019346087       0.006910280       0.007503858  Zr
  1     6      -0.003643568      -0.001164923      -0.015052078  C
  2    40       0.008166664       0.002854863      -0.051319886  Zr
  2    40      -0.019745693      -0.014721647       0.019139132  Zr
  1     6       0.009608166       0.012699745       0.001628862  C
  2    40       0.028439856      -0.001750198      -0.009804134  Zr
  2    40       0.025896237      -0.008202675      -0.011250180  Zr
  1     6      -0.001657597       0.000746918      -0.001289054  C
  2    40      -0.109194116       0.043294530       0.068915423  Zr
  1     6       0.205567463      -0.009106530      -0.041221416  C
  1     6       0.003082609       0.009772622       0.004500364  C
  2    40       0.012211631       0.041541920      -0.006870379  Zr
  1     6       0.099707934      -0.066508807      -0.007288251  C
  2    40       0.006603068      -0.128887982       0.022622094  Zr
  2    40      -0.016743557      -0.005040960       0.017273876  Zr
  1     6       0.019802866       0.003430216      -0.012370814  C
  2    40       0.027268298       0.027795842      -0.043331775  Zr
  1     6      -0.000257494       0.000794004      -0.003912118  C
  1     6       0.015147807      -0.008018094       0.008006958  C
  2    40      -0.018521271      -0.010086677      -0.011627990  Zr
  1     6      -0.001250811       0.007626174       0.006473361  C
  2    40       0.011012999       0.008930605       0.011889789  Zr
  1     6      -0.000756848       0.005323185       0.007864757  C
  2    40       0.020968919       0.009544775      -0.002607672  Zr
  1     6       0.033671992       0.009369183      -0.001787627  C
  2    40       0.033149873      -0.011106146       0.005929203  Zr
  2    40      -0.007176676      -0.002714952      -0.006789136  Zr
  1     6       0.006105857       0.006729032       0.004235164  C
  2    40       0.063547627       0.019117723      -0.031787529  Zr
  1     6      -0.023942822       0.001281535      -0.010170954  C
  1     6       0.012104177      -0.006058833       0.013356900  C
  2    40      -0.034448271       0.013820094      -0.015904544  Zr
  1     6      -0.002231697      -0.002496197      -0.001435354  C
  2    40       0.015649580       0.011130016      -0.001998549  Zr
  2    40      -0.030093442      -0.001388453      -0.011693678  Zr
  1     6       0.018539644       0.003862615       0.014748039  C
  2    40      -0.001515966      -0.005825034       0.000775750  Zr
  1     6      -0.001548861      -0.001836198      -0.004844529  C
  2    40       0.000214124      -0.001782558       0.017667600  Zr
  1     6       0.009835000       0.010677942      -0.016004152  C
  2    40       0.039574438      -0.008390612      -0.011121136  Zr
  1     6      -0.031260152       0.013056932      -0.002731309  C
  1     6      -0.006416558      -0.007140977      -0.005043611  C
  2    40      -0.020300905      -0.026735719       0.012053175  Zr
  1     6      -0.013805433       0.001897843       0.000524259  C
  2    40       0.015485161       0.017133438       0.014735798  Zr
  2    40      -0.030100210       0.011575634       0.008499010  Zr
  1     6       0.043467256      -0.000490065      -0.009029978  C
  2    40      -0.005768671       0.015561059       0.018970051  Zr
  1     6      -0.014339936      -0.009340464      -0.009591336  C
  1     6       0.021828409      -0.006697864      -0.006686175  C
  2    40      -0.031795549      -0.013288401       0.012487316  Zr
  1     6       0.004211716      -0.001374796      -0.005703037  C
  2    40       0.016696608      -0.004852928      -0.004297752  Zr
