              -3389.9852327227
         -0.000244394      -0.000003275      -0.000000629
         -0.000003275      -0.000236447       0.000004192
         -0.000000629       0.000004192      -0.000259314
          64
  1     6       0.009135121       0.026897022       0.007692276  C
  1     6       0.000044322      -0.002976600       0.001642262  C
  2    40      -0.034219442       0.018757378      -0.004517580  Zr
  1     6      -0.138756878       0.107228043      -0.005357037  C
  2    40      -0.053783616      -0.099463621      -0.050460122  Zr
  2    40       0.001300693       0.012435746      -0.032617024  Zr
  1     6       0.014738092       0.033637800      -0.005518515  C
  2    40      -0.006498917      -0.126215945       0.044118962  Zr
  1     6       0.014100151      -0.037009087       0.170317887  C
  1     6      -0.022168201      -0.003780336      -0.000005418  C
  2    40       0.009780123       0.005991592      -0.025760936  Zr
  1     6      -0.001915281       0.022911405      -0.048271888  C
  2    40       0.018644171      -0.021543969      -0.089271183  Zr
  2    40       0.006352577      -0.031448428      -0.025488998  Zr
  1     6       0.023821617       0.015426172       0.017153237  C
  2    40       0.018365078       0.018865268       0.018357352  Zr
  2    40      -0.030309122       0.002003753       0.012984089  Zr
  1     6      -0.015715084      -0.034617800      -0.021127587  C
  2    40       0.200742763       0.008511588       0.075512764  Zr
  1     6      -0.004436990       0.017843277       0.065416107  C
  1     6       0.000704739      -0.017219463       0.008872809  C
  2    40       0.007114596       0.023988785       0.015087101  Zr
  1     6      -0.122768450       0.069277273      -0.021316105  C
  2    40      -0.050782336       0.058370686      -0.159329783  Zr
  2    40      -0.014919275       0.001426535       0.010977430  Zr
  1     6      -0.022626302       0.017704818      -0.013981397  C
  2    40       0.005586372      -0.017971679       0.017250391  Zr
  1     6      -0.005225595      -0.004346779      -0.016956321  C
  1     6      -0.020359537      -0.018474804       0.025769313  C
  2    40      -0.025757607      -0.029102252      -0.014970612  Zr
  1     6      -0.027236089      -0.010695134       0.000146469  C
  2    40       0.021548059       0.009050103       0.022587009  Zr
  1     6       0.023400603      -0.023894197      -0.035420525  C
  2    40      -0.021908285      -0.010322968       0.023378394  Zr
  1     6       0.011355121      -0.026055672      -0.005514373  C
  2    40       0.014035907       0.019671494       0.051173635  Zr
  2    40      -0.013568992       0.026225200      -0.003706195  Zr
  1     6       0.024832160      -0.006920248      -0.016851782  C
  2    40       0.080208712       0.052893404       0.001533121  Zr
  1     6       0.033101447      -0.040095237      -0.017615493  C
  1     6       0.002107400       0.008620910      -0.002334510  C
  2    40       0.068219994      -0.015121080      -0.013716520  Zr
  1     6       0.009157662       0.010649818       0.002073470  C
  2    40      -0.013290136      -0.014277092       0.010390480  Zr
  2    40       0.017307113       0.026262490       0.013389261  Zr
  1     6       0.021193929      -0.008884100       0.010033516  C
  2    40       0.003547266       0.014866623      -0.011512460  Zr
  1     6       0.015479137      -0.008009884      -0.025324713  C
  2    40       0.012116491       0.015787049       0.019020950  Zr
  1     6       0.002853054      -0.001901579      -0.008950664  C
  2    40       0.009668935       0.014081237      -0.015111658  Zr
  1     6       0.004007796      -0.012198604      -0.017753097  C
  1     6       0.010123658       0.000580762       0.019466797  C
  2    40      -0.007232391       0.009848420      -0.017229529  Zr
  1     6       0.001341388      -0.015740281       0.004855625  C
  2    40      -0.004099443      -0.026798621       0.055376132  Zr
  2    40      -0.003878140      -0.014254416      -0.017800911  Zr
  1     6       0.004405035       0.026668119       0.004909519  C
  2    40      -0.015817364       0.026077091       0.041496783  Zr
  1     6      -0.018250504      -0.033217855      -0.007999631  C
  1     6       0.000455538       0.001074513       0.010097190  C
  2    40      -0.015735241       0.023169100       0.010441825  Zr
  1     6      -0.001841365      -0.006002937      -0.015342367  C
  2    40      -0.007282413      -0.027436214      -0.024587733  Zr
