              -3389.9875664569
         -0.000221869       0.000002551       0.000011158
          0.000002551      -0.000177997       0.000003464
          0.000011158       0.000003464      -0.000372026
          64
  1     6      -0.006279166      -0.000992998       0.018646514  C
  1     6       0.005071157       0.013163379      -0.003276365  C
  2    40      -0.001291249       0.031361506      -0.027328307  Zr
  1     6      -0.013261744      -0.049352313       0.095828210  C
  2    40      -0.015444654      -0.027434081       0.160484943  Zr
  2    40       0.009585388      -0.012074608       0.030061487  Zr
  1     6       0.014237975       0.005703800      -0.014000011  C
  2    40      -0.255125227       0.051392134       0.003239763  Zr
  1     6       0.012137616      -0.030352394      -0.175813965  C
  1     6       0.005875228      -0.015367747       0.001527226  C
  2    40       0.023582828       0.000974590      -0.024471533  Zr
  1     6      -0.021128462       0.002202726      -0.025675051  C
  2    40      -0.014854991       0.011744130       0.004376074  Zr
  2    40      -0.002194721      -0.000803018      -0.000603725  Zr
  1     6       0.000073424       0.015139139       0.011152431  C
  2    40      -0.009607413      -0.002909024      -0.005841582  Zr
  2    40       0.010428440      -0.008422707      -0.005304065  Zr
  1     6      -0.013345457       0.028249189       0.020074299  C
  2    40      -0.020345990      -0.013052414      -0.093742117  Zr
  1     6       0.048876263      -0.069419594      -0.018937506  C
  1     6      -0.026927249      -0.001473221      -0.017912589  C
  2    40       0.022908021       0.030499369      -0.019956265  Zr
  1     6       0.191824174       0.001178729       0.141279529  C
  2    40       0.156729255      -0.002244864       0.006697858  Zr
  2    40      -0.005504855       0.008445453      -0.018243141  Zr
  1     6      -0.004886728       0.012469612      -0.001576431  C
  2    40       0.008744684      -0.006721409      -0.101407098  Zr
  1     6      -0.009522737      -0.016922040      -0.014866318  C
  1     6      -0.018660265       0.004654204       0.003098055  C
  2    40      -0.036406230      -0.003346717       0.023532530  Zr
  1     6      -0.005498679      -0.010915873       0.010656857  C
  2    40      -0.016397168       0.033415599       0.004555436  Zr
  1     6      -0.037481577       0.011410749       0.000489769  C
  2    40       0.019670556      -0.026744166      -0.021363796  Zr
  1     6      -0.002444780      -0.009642177      -0.006802233  C
  2    40      -0.045941383       0.002579846      -0.000342285  Zr
  2    40      -0.025806616      -0.003203996       0.013608352  Zr
  1     6      -0.017433583       0.010179671      -0.003574074  C
  2    40      -0.003556706      -0.025378697       0.020562615  Zr
  1     6      -0.014656888       0.019479078      -0.019441675  C
  1     6      -0.008336282       0.001142777       0.026282496  C
  2    40      -0.001002903       0.007108998       0.003672294  Zr
  1     6       0.024439726      -0.002145628       0.000646549  C
  2    40       0.020588968       0.002472213      -0.011261316  Zr
  2    40       0.023657238      -0.014447360      -0.007957548  Zr
  1     6      -0.003998814       0.018873384      -0.003204767  C
  2    40       0.017905672      -0.006491226       0.062252965  Zr
  1     6       0.015244824      -0.001758387      -0.007108407  C
  2    40       0.029849688      -0.011914704       0.007459976  Zr
  1     6      -0.003765865       0.006238989      -0.007268381  C
  2    40       0.012900479       0.008398499      -0.002147393  Zr
  1     6       0.000483014       0.014856181      -0.013224570  C
  1     6      -0.013980229      -0.005466264      -0.037426645  C
  2    40       0.007781693      -0.004684477      -0.005418935  Zr
  1     6      -0.009378321       0.010398869      -0.022238409  C
  2    40      -0.011866032       0.006546794       0.024719920  Zr
  2    40      -0.002407349       0.017180909      -0.001592544  Zr
  1     6       0.023488045      -0.006778832       0.006041646  C
  2    40      -0.017975034      -0.004544674       0.006654697  Zr
  1     6       0.007047833       0.002305581      -0.000590543  C
  1     6      -0.006313956      -0.004426602       0.026367105  C
  2    40      -0.003207934       0.009171364      -0.006788725  Zr
  1     6      -0.001461250      -0.006113788      -0.017308978  C
  2    40       0.015636302       0.007230526       0.030565201  Zr
