1558475361
2.06483190336754329763380155782215297222137451171875
5.17512755255445267010827592457644641399383544921875
5.35848209145998222169282598770223557949066162109375
2.385978157712107527999023659504018723964691162109375
2.2572551592153953237129826447926461696624755859375
5.56401740304585246121860109269618988037109375
3.9386588207057631194629720994271337985992431640625
3.8859556901302223508309907629154622554779052734375
5.07457172795452482461087129195220768451690673828125
5.20298705137268679976614293991588056087493896484375
2.634745156213427197400278600980527698993682861328125
2.136353242607127445040759994299151003360748291015625
5.748155896342840520674144499935209751129150390625
3.364914147377002340277840630733408033847808837890625
6.15118884967881029979253071360290050506591796875
3.73245178395172683138980573858134448528289794921875
2.37100644636465585080031814868561923503875732421875
2.327638435965164287466677706106565892696380615234375
2.4926694695098365883723090519197285175323486328125
5.63306062342923041796893812716007232666015625
6.1835138152300626046553588821552693843841552734375
3.998122063536822867746423071366734802722930908203125
0.3584085859650179006763437428162433207035064697265625
4.08835903455063753852982699754647910594940185546875
0.27424265183014828739516133282450027763843536376953125
2.106281700472764750742271644412539899349212646484375
2.91436589573887427917497916496358811855316162109375
5.10726160671705908811190965934656560420989990234375
0.70411848710172375565008451303583569824695587158203125
5.55222192383906776314006492611952126026153564453125
5.66665287687582353015613989555276930332183837890625
2.504957483975214671545472810976207256317138671875
5.62588243844530122572678010328672826290130615234375
3.2007772581392810451461627962999045848846435546875
3.263027213617650357235788760590367019176483154296875
0.302105930828696356282847546026459895074367523193359375
1.1813600021919195004471703214221633970737457275390625
0.7191577560060300466915350625640712678432464599609375
5.90112044510672806296724957064725458621978759765625
0.68956359915064335819323559917393140494823455810546875
1.5324922735541537388570532129961065948009490966796875
2.8011656020546151779626597999595105648040771484375
0.75529494270330044258798807277344167232513427734375
0.5430093555230695034907739682239480316638946533203125
3.8142323599398988420716705149970948696136474609375
2.0315354665855576143940197653137147426605224609375
2.813534381301259212904142259503714740276336669921875
4.95217395713036534488082907046191394329071044921875
3.08590357050115127179878982133232057094573974609375
3.991598121850024494250419593299739062786102294921875
4.4204184939123205566602337057702243328094482421875
3.229101210040678626711496690404601395130157470703125
2.310746744118404194523463957011699676513671875
0.85836178133534180023644921675440855324268341064453125
2.472590459529211859290853681159205734729766845703125
1.8208596832361714223935678091947920620441436767578125
4.34377068303523028447443721233867108821868896484375
2.16875560237639319893787615001201629638671875
6.24726719698829668914186186157166957855224609375
0.27529375261771782401609698354150168597698211669921875
2.52381093726159999590663574053905904293060302734375
0.692828887892244171808897590381093323230743408203125
0.5601368697640480842636634406517259776592254638671875
1.2103915353835816848260265032877214252948760986328125
1.2315834544405837025493610781268216669559478759765625
3.7117859243840012339887834968976676464080810546875
3.21250840991232688992340627009980380535125732421875
4.970595141531308769344832398928701877593994140625
4.6059608033972239127251668833196163177490234375
1.1687517403300258234111197452875785529613494873046875
1.093697003352635643835810697055421769618988037109375
4.8004486930839647129687364213168621063232421875
1.3284514117828198909165848817792721092700958251953125
4.2533480092005593320436673820950090885162353515625
3.397783953359820419137804492493160068988800048828125
5.070847559847639018926201970316469669342041015625
0.55228568102155251029472537993569858372211456298828125
4.9757549062584427446154222707264125347137451171875
5.125493989836655828185030259191989898681640625
4.7584629910508002836877494701184332370758056640625
5.1049507988756293030974120483733713626861572265625
5.72589409263014470496955254930071532726287841796875
2.844765449859480543892686910112388432025909423828125
1.274343756967014851255726171075366437435150146484375
3.959075554102267080480714867007918655872344970703125
1.9629069103314671362880972083075903356075286865234375
5.432706926714910622422394226305186748504638671875
4.2070549409169313292977676610462367534637451171875
1.1661892959499524646815871165017597377300262451171875
1.770506341417173334917833926738239824771881103515625
0.42267410900993074296394524935749359428882598876953125
4.202382837005355753490221104584634304046630859375
0.038659746078857575024567694299548747949302196502685546875
2.08738234081708373679475698736496269702911376953125
2.79791358197998452084220843971706926822662353515625
5.23804588019275296773002992267720401287078857421875
2.7497236443768482416771803400479257106781005859375
3.6539529837918980348376862821169197559356689453125
2.810873304058512101022415663464926183223724365234375
0.478844741641360094330792662731255404651165008544921875
1.0882069380559531435181952474522404372692108154296875
5.5395361156156806003991732723079621791839599609375
2.9219219553882584961002066847868263721466064453125
0.71570159741692040977767419462907128036022186279296875
5.640623403724266182734936592169106006622314453125
2.368899197722146965361389447934925556182861328125
3.044376540098905348230573508772067725658416748046875
0.755071999839843410740058970986865460872650146484375
3.1830491721396274584776620031334459781646728515625
1.9640047191674396831473359270603395998477935791015625
3.4051143695989747328667363035492599010467529296875
1.3174565291235535990921334814629517495632171630859375
5.599619972183088378869797452352941036224365234375
5.4661418082121517869609306217171251773834228515625
3.616520953674364324825774019700475037097930908203125
2.614071528550705902915751721593551337718963623046875
2.1035529018263385836462475708685815334320068359375
4.94245645650118081704249561880715191364288330078125
5.33382809777316158061921669286675751209259033203125
2.83040080562697138333305701962672173976898193359375
1.8611806927521945542736148127005435526371002197265625
4.47137840837995081955114073934964835643768310546875
5.48739673515078418830626105773262679576873779296875
1.7054082161030261755030323911341838538646697998046875
1.7857194459508851647200344814336858689785003662109375
2.085038058484187661889563969452865421772003173828125
4.58827823463065787024106612079776823520660400390625
5.06248652952568267693322923150844871997833251953125
2.090718800523192921758663942455314099788665771484375
6.03202087720367341461269461433403193950653076171875
3.907244287591345344168303199694491922855377197265625
4.128782345927874075641739182174205780029296875
4.23332944699492852436151224537752568721771240234375
4.75308674663228014622973205405287444591522216796875
2.163026250495482916136325002298690378665924072265625
1.692053137488008562883123886422254145145416259765625
0.2164169526825328870867082287077209912240505218505859375
2.64657887317294093776354202418588101863861083984375
5.10669665116191762166408807388506829738616943359375
1.8078889921978931187851458162185736000537872314453125
1.7382147245464329987640894614742137491703033447265625
5.80006461266266182263962036813609302043914794921875
1.012236341215657642322867104667238891124725341796875
3.948020563065000487767974846065044403076171875
2.541623574074505231834564256132580339908599853515625
2.5270095959364073934239058871753513813018798828125
6.05976324309721547933804686181247234344482421875
6.1764797510835336424861452542245388031005859375
3.16066013844166349144870764575898647308349609375
1.0106943290085610431816576237906701862812042236328125
5.9466834441233924479774941573850810527801513671875
3.064708032184823682797514265985228121280670166015625
2.5829937123645283492123780888505280017852783203125
5.58372878463924227077086470671929419040679931640625
3.78008869463373198271938235848210752010345458984375
2.01573585771341168282333455863408744335174560546875
5.00135952751921575298865718650631606578826904296875
5.56161107543141941533804128994233906269073486328125
6.1119810096385815967323651420883834362030029296875
2.8333657104737230980617823661305010318756103515625
0.640117172913420073854240399668924510478973388671875
2.53610184245310055217714761965908110141754150390625
5.73298194534857596948995706043206155300140380859375
4.4266025031769427044991971342824399471282958984375
0.7925921824749380117935970702092163264751434326171875
1.6509578668757125541333152796141803264617919921875
1.8568590016079087323674912113347090780735015869140625
0.33600542047841763793059044473920948803424835205078125
4.1437675044183013284282424137927591800689697265625
5.84635777749888330134808711591176688671112060546875
0.74498137610312153977787374969921074807643890380859375
0.87578901238052531130762190514360554516315460205078125
3.111523502662532081330937216989696025848388671875
5.4767514723572094936798748676665127277374267578125
3.38066112338252811042593748425133526325225830078125
5.3107384930883636542375825229100883007049560546875
1.1041218833893904349707781875622458755970001220703125
4.437473409380746858232669183053076267242431640625
3.99305132322642553077685079188086092472076416015625
3.16437530667653188487520310445688664913177490234375
1.735002144743192697973199756233952939510345458984375
5.2417338293738566790125332772731781005859375
3.247813772612781146875704507692717015743255615234375
1.748528557397702076769974155467934906482696533203125
5.21428815204409801253859768621623516082763671875
2.74906687023144247206118961912579834461212158203125
2.890609370108879527805356701719574630260467529296875
5.422425134695391335526437615044414997100830078125
3.779070670423912314817016522283665835857391357421875
2.65926678214668843480694704339839518070220947265625
0.35973788403186102158315406995825469493865966796875
4.8973247871765526184617556282319128513336181640625
0.8238702313154331324795975888264365494251251220703125
0.062834846816414435810571603724383749067783355712890625
0.979035384943259590073694198508746922016143798828125
0.6663431342068795171229567131376825273036956787109375
0.233941408448825327592857092895428650081157684326171875
0.88034690585003561036359087665914557874202728271484375
0.27497218049828531238887308063567616045475006103515625
0.03968873901278187343866221681309980340301990509033203125
0.78885712651016992591479493057704530656337738037109375
0.470539470887994137893173274278524331748485565185546875
0.985072080038987163419506032369099557399749755859375
0.34986614172806318467934261207119561731815338134765625
0.436827614641202455203483623336069285869598388671875
0.50498040137113087144626888402854092419147491455078125
0.55348716562310562583348882981226779520511627197265625
0.30762031642143627951924145236262120306491851806640625
0.41768528354246414746597793055116198956966400146484375
0.2301863097726303541978865041528479196131229400634765625
0.75019538158094289936883569680503569543361663818359375
0.75597398483938260671521902622771449387073516845703125
0.78207031766980439346781395215657539665699005126953125
0.6109938112138741939105557321454398334026336669921875
0.254789947185101894877590211763163097202777862548828125
0.86468567366929993678326127337641082704067230224609375
0.478763658776303613340274978327215649187564849853515625
0.4629797895732241652666516529279761016368865966796875
0.6752363236971368198879872579709626734256744384765625
0.378683163960782442902797129136160947382450103759765625
0.3483886510824731885804794728755950927734375
0.0910560498438105214713544910409837029874324798583984375
0.4777017168131199031932965226587839424610137939453125
0.27923321317845639644161792602972127497196197509765625
0.76913152996875877587257264167419634759426116943359375
0.292107667909985269094619297902681864798069000244140625
0.405948966464935334652608389660599641501903533935546875
0.50346370111380878142881556414067745208740234375
0.68440254250746335173971601761877536773681640625
0.245061782302829322954806912093772552907466888427734375
0.7651400625543389732996502061723731458187103271484375
0.98283956338783706740969137172214686870574951171875
0.444972600063761991595612244054791517555713653564453125
0.7077394596802719650696644748677499592304229736328125
0.25866528379668729531459803183679468929767608642578125
0.23227286163357685477848235677811317145824432373046875
0.970086188507306435013788359356112778186798095703125
0.5089297515847392983090458074002526700496673583984375
0.7220052782082955200593232802930288016796112060546875
0.343174904744687925273183282115496695041656494140625
0.297582487714282473145743779241456650197505950927734375
0.01046371879543350931485168331391832907684147357940673828125
0.68336422493837967184759918382042087614536285400390625
0.89155073877961876771536253727390430867671966552734375
0.62838493223692515332601260524825192987918853759765625
0.306959256672747093919184635524288751184940338134765625
0.2463599761232547480371835035839467309415340423583984375
0.6374287151905841941612607115530408918857574462890625
0.7356181725559840511863285428262315690517425537109375
0.811541500413576866179710123105905950069427490234375
0.43159079804624933540679876387002877891063690185546875
0.6013373907661705430882648215629160404205322265625
0.367143273524541069452453712074202485382556915283203125
0.8494648914083209323422352099441923201084136962890625
0.89843010757976682345571362020564265549182891845703125
0.58028535944422954262478242526412941515445709228515625
0.8279223688076819964720698408200405538082122802734375
0.89954404947326704888865833709132857620716094970703125
0.10467649814890533921385440407902933657169342041015625
0.87905336072624351562154743078281171619892120361328125
0.9277073084040112771475605768500827252864837646484375
0.1265864242457721555723537676385603845119476318359375
0.4758114369939134835618688157410360872745513916015625
0.8653998611799440521252790858852677047252655029296875
0.109183313841551221656800407799892127513885498046875
0.2057130649712463343892210332342074252665042877197265625
0.72075572270935206464770317325019277632236480712890625
0.9424510989070176147919255527085624635219573974609375
0.91731759808832669111922086813137866556644439697265625
0.1770475479667296403452070308048860169947147369384765625
0.9845557860026861174418399968999437987804412841796875
0.0117603000308202122747847084838213049806654453277587890625
0.348081985650622260930475704299169592559337615966796875
0.3237647480907686059481420670635998249053955078125
0.702399137291311870257004557061009109020233154296875
0.1858199137196968886431847067797207273542881011962890625
0.388830725750341443802682306341012008488178253173828125
0.80417372975692791303714557216153480112552642822265625
0.07642147693616406500805027235401212237775325775146484375
0.07607177136282984586390654158094548620283603668212890625
0.34651495113340902154419609360047616064548492431640625
0.7263789035968384322217161752632819116115570068359375
0.0888352916058317287895107483564061112701892852783203125
0.1551696700766541370253293052883236669003963470458984375
0.46074599142221084324688717970275320112705230712890625
0.82190059489659061942035123138339258730411529541015625
0.089550124988681700788362149978638626635074615478515625
0.257779931769603842806048987768008373677730560302734375
0.74496524443149814143083631279296241700649261474609375
0.89039059443883161737431919391383416950702667236328125
0.784362788211723227504990063607692718505859375
0.0774708260211492139024613834408228285610675811767578125
0.38861684565833620741415188604150898754596710205078125
0.037835675774996947728912033426240668632090091705322265625
0.55121814624928777703871674020774662494659423828125
0.65064311430353816145810696980333887040615081787109375
0.395692283471902939151476630286197178065776824951171875
0.96500377169111917208255135847139172255992889404296875
0.045852019007248813464716619137107045389711856842041015625
0.49068046523755437515745825294288806617259979248046875
0.45239065934549582692625335766933858394622802734375
0.95189978785435658270586145590641535818576812744140625
0.1462419545958945354957592144273803569376468658447265625
0.97957289543914283225234385099611245095729827880859375
0.791224399018671586958362240693531930446624755859375
0.33857157981887997522107980330474674701690673828125
0.94617399757084152955854960964643396437168121337890625
0.7487807007267981429521341851796023547649383544921875
0.297686961618106316063148142347927205264568328857421875
0.79982916582367813429499392441357485949993133544921875
0.90052382410528319933717966705444268882274627685546875
0.746638205715752345525970667949877679347991943359375
0.82749429709627031481744552365853451192378997802734375
0.780743683120582065981807318166829645633697509765625
0.83181541824332227985649979018489830195903778076171875
0.3799443265329787156048269025632180273532867431640625
0.58400520756095886110159653981099836528301239013671875
0.82614686145733429167847816643188707530498504638671875
0.541523833545634492026010775589384138584136962890625
0.62145436071858484172736325490404851734638214111328125
0.67568324584312888791970408419729210436344146728515625
0.90833541932903949511768360025598667562007904052734375
0.37606834637749397831640862932545132935047149658203125
0.95664808571182569085777913642232306301593780517578125
0.44373249655763269405639448450529016554355621337890625
0.52266041586299449850372411674470640718936920166015625
0.2069495307313974630236685925410711206495761871337890625
0.6404724277744406890633399598300457000732421875
0.98094059805429567600043583297519944608211517333984375
0.907790143931186843673231123830191791057586669921875
0.69264025832183673259123679599724709987640380859375
0.096962092489452145205319766319007612764835357666015625
0.61957858438583957028100712705054320394992828369140625
0.006892627573987761095686277457161850179545581340789794921875
0.72882871037760221799572946110856719315052032470703125
0.49385064956445745565360994078218936920166015625
0.58837292883003733390268052971805445849895477294921875
0.026369198237717710042726793062684009782969951629638671875
0.059302188483673239083326933496209676377475261688232421875
0.6381965832031315510874946994590573012828826904296875
0.73949453548504717748102166297030635178089141845703125
0.847291005238560490653298984398134052753448486328125
0.430155620179211550802023111828020773828029632568359375
0.9808878940441123628346531404531560838222503662109375
0.90897954344236275847634942692820914089679718017578125
0.2238522335998025802883404367094044573605060577392578125
0.1764125075081421634148881594228441826999187469482421875
0.8782652676469950847604195587337017059326171875
0.243923280036041190133033751408220268785953521728515625
0.95709350935979442542844708441407419741153717041015625
0.513504883513555387963833709363825619220733642578125
0.377263946168713226736457500010146759450435638427734375
0.8531302278177488318533505662344396114349365234375
0.06631908708546267738892510124060208909213542938232421875
0.386650428821635638865217288184794597327709197998046875
0.415467100877066675135296236476278863847255706787109375
0.865372669354720347456577655975706875324249267578125
0.072589029591804854479875075412564910948276519775390625
0.75052153866296700268634367603226564824581146240234375
0.7066245068361165504455811969819478690624237060546875
0.942154961611216368311261248891241848468780517578125
0.261120883403867909411388836815604008734226226806640625
0.25129106652517385622758183671976439654827117919921875
0.91455856101334032093319592604530043900012969970703125
0.024544045340523144849154135727076209150254726409912109375
0.46796633697485845448937880064477212727069854736328125
0.322596228366063997317070288772811181843280792236328125
0.63992674166333241014825716774794273078441619873046875
0.2488634280156639400072293710763915441930294036865234375
0.08815887155391223528599908831893117167055606842041015625
0.410761499037389399280328916574944742023944854736328125
0.76165882067832113566652196823270060122013092041015625
0.7663840785466060623321027378551661968231201171875
0.5716624569947190703800288247293792665004730224609375
0.887724773906043207460925259510986506938934326171875
0.1764066983835802793212366168518201448023319244384765625
0.208763703801093492007368013219092972576618194580078125
0.948447204170956847946172274532727897167205810546875
0.57691373237264986784111897577531635761260986328125
0.95526911688748239459556543806684203445911407470703125
0.7346578341604479422954909750842489302158355712890625
0.139506707032912735666485559704597108066082000732421875
0.26846573700591258582193177062436006963253021240234375
0.23298051824466348147524286105181090533733367919921875
