              -3390.0745378973
         -0.000210003       0.000000536       0.000003841
          0.000000536      -0.000193018      -0.000003290
          0.000003841      -0.000003290      -0.000325703
          64
  1     6      -0.002641284      -0.010208204       0.004595071  C
  1     6       0.008548473       0.005131630      -0.001083244  C
  2    40      -0.005369222       0.026407132      -0.038075266  Zr
  1     6      -0.011054914      -0.033464258       0.060306951  C
  2    40      -0.016878252      -0.022205237       0.078664441  Zr
  2    40       0.021325976       0.006582255       0.039803148  Zr
  1     6       0.016123144      -0.005512697      -0.009929735  C
  2    40      -0.152090071       0.026328435       0.000351407  Zr
  1     6       0.010983145      -0.020612400      -0.105681360  C
  1     6       0.003975587      -0.025052170       0.000297367  C
  2    40       0.037025238      -0.000222090      -0.037283835  Zr
  1     6      -0.019420835       0.000853356      -0.005081378  C
  2    40      -0.006065903       0.024427641       0.032820048  Zr
  2    40       0.004154692      -0.000184229       0.002005401  Zr
  1     6       0.002678386       0.015788917       0.019859208  C
  2    40      -0.020162992       0.005458272      -0.023369675  Zr
  2    40       0.013131383      -0.007393610      -0.018720370  Zr
  1     6      -0.018341352       0.017742644       0.038287811  C
  2    40      -0.013599666      -0.011843076      -0.060459902  Zr
  1     6       0.039544588      -0.046812820      -0.012737389  C
  1     6      -0.025866554      -0.001164437      -0.018514924  C
  2    40       0.028931306       0.034815958      -0.040065196  Zr
  1     6       0.110239837      -0.002244285       0.090030725  C
  2    40       0.096221669       0.005606874       0.013412110  Zr
  2    40      -0.002143688       0.009128463      -0.028427755  Zr
  1     6      -0.009871872       0.016042879       0.005863914  C
  2    40      -0.009974662      -0.014760652      -0.045641477  Zr
  1     6      -0.009314587      -0.013932461      -0.021891745  C
  1     6      -0.035399117       0.002118099       0.012916014  C
  2    40      -0.049111918      -0.018688254       0.009519528  Zr
  1     6       0.004031615      -0.013175871       0.004421576  C
  2    40      -0.011376702       0.047534423       0.004480249  Zr
  1     6      -0.051067387       0.013476801       0.000807262  C
  2    40       0.021062692      -0.038543907      -0.038838788  Zr
  1     6      -0.001561633      -0.016468037      -0.004688028  C
  2    40      -0.059361721       0.002230721       0.017285274  Zr
  2    40      -0.023475202      -0.014273949       0.019048935  Zr
  1     6      -0.021082715       0.022336357       0.004301814  C
  2    40      -0.011185071      -0.032261523       0.022156981  Zr
  1     6      -0.011519696       0.023798893      -0.037549649  C
  1     6      -0.017035398       0.009322014       0.030300623  C
  2    40       0.003379744      -0.000863018      -0.005962193  Zr
  1     6       0.028456074       0.006119079       0.002370962  C
  2    40       0.030817757      -0.005904600      -0.016456324  Zr
  2    40       0.047862238      -0.024500975      -0.011991655  Zr
  1     6      -0.003528733       0.031598364       0.008530119  C
  2    40       0.002583016      -0.015859137       0.059910868  Zr
  1     6       0.019911841       0.001093222      -0.014358575  C
  2    40       0.047574029      -0.008925661       0.020840458  Zr
  1     6      -0.003168046       0.004256804      -0.007854082  C
  2    40       0.010137945       0.013430164       0.002102656  Zr
  1     6       0.014606592       0.010635904      -0.026444652  C
  1     6      -0.021032022      -0.008415716      -0.059084444  C
  2    40       0.002155325      -0.002186864      -0.006434910  Zr
  1     6       0.011509148       0.010365332      -0.023532057  C
  2    40      -0.004141212       0.007554839       0.047020000  Zr
  2    40       0.009540882       0.015850786       0.006636222  Zr
  1     6       0.025867540      -0.001676361       0.005240834  C
  2    40      -0.023504005      -0.011952096       0.006324568  Zr
  1     6       0.006829109       0.008198159      -0.012522322  C
  1     6      -0.019096326      -0.007726844       0.031764898  C
  2    40      -0.008234492       0.011948498      -0.010921653  Zr
  1     6       0.002639414      -0.008474271      -0.018897809  C
  2    40       0.015066106       0.009233416       0.058643656  Zr
