              -3390.1677599783
         -0.000177908       0.000007307       0.000007961
          0.000007307      -0.000155707       0.000003777
          0.000007961       0.000003777      -0.000087639
          64
  1     6       0.012792738       0.003427549       0.028362160  C
  1     6      -0.014413692      -0.008561888      -0.013974769  C
  2    40       0.006856586      -0.015110143      -0.003979051  Zr
  1     6       0.001539521       0.009818340      -0.005476728  C
  2    40       0.023190304       0.058416594      -0.109255615  Zr
  2    40      -0.012620894       0.007538832      -0.011773987  Zr
  1     6      -0.010162003      -0.011601233      -0.013670016  C
  2    40      -0.045598967      -0.000785300       0.057721173  Zr
  1     6       0.030308838       0.021053834       0.008668594  C
  1     6       0.006128259      -0.021205424      -0.014430045  C
  2    40       0.011741859       0.020334276      -0.009301341  Zr
  1     6      -0.011953140      -0.001158860       0.010364809  C
  2    40      -0.032757600       0.008606466      -0.006609444  Zr
  2    40       0.011770386       0.013194603       0.042374920  Zr
  1     6       0.000621324      -0.024964734       0.001604780  C
  2    40      -0.005689239       0.010156266      -0.005147083  Zr
  2    40       0.029163057      -0.018853447      -0.010422252  Zr
  1     6      -0.005391909      -0.001831332       0.009318066  C
  2    40      -0.073228552       0.032202383      -0.059095212  Zr
  1     6      -0.008877670       0.051705798      -0.025340578  C
  1     6      -0.001443900       0.002933360      -0.006449454  C
  2    40       0.008848745      -0.028771490       0.010103143  Zr
  1     6       0.067950750       0.035537144      -0.010754099  C
  2    40      -0.016938607      -0.026472568       0.052662323  Zr
  2    40       0.007660075      -0.023946606      -0.031905671  Zr
  1     6      -0.007457853      -0.000006815       0.008697828  C
  2    40       0.007547896      -0.006381767       0.001503251  Zr
  1     6       0.003587768       0.011366708       0.006999573  C
  1     6      -0.006547647      -0.038653107       0.006969240  C
  2    40      -0.022168044       0.016213767      -0.005375287  Zr
  1     6       0.019776001      -0.005375487       0.002006897  C
  2    40      -0.001392741       0.002870501       0.049723138  Zr
  1     6      -0.008831797       0.004716872       0.012995311  C
  2    40       0.011891587       0.018204088      -0.007005565  Zr
  1     6       0.024205712      -0.000692097       0.005863288  C
  2    40      -0.033026057       0.004826767       0.018993750  Zr
  2    40      -0.001480445       0.014637419       0.046311344  Zr
  1     6       0.002185012      -0.004050696       0.001330423  C
  2    40      -0.012302795      -0.017790779      -0.020427599  Zr
  1     6      -0.014604659      -0.038836618       0.002456811  C
  1     6       0.000226730       0.014189132      -0.007632562  C
  2    40      -0.014677002      -0.001509671      -0.013779805  Zr
  1     6      -0.010032249       0.029323887       0.015197579  C
  2    40       0.016219197      -0.001517998      -0.025744559  Zr
  2    40       0.013469850      -0.010825948      -0.004121918  Zr
  1     6       0.019715470       0.001386372      -0.014571206  C
  2    40       0.003926311      -0.001721867      -0.002300644  Zr
  1     6      -0.007755399      -0.022341179      -0.016066549  C
  2    40       0.006612120      -0.030807394      -0.012175226  Zr
  1     6       0.012069572       0.002733598       0.007291466  C
  2    40       0.019901110      -0.016495590       0.008721781  Zr
  1     6       0.002446197      -0.004357057       0.016444790  C
  1     6       0.004665985       0.021147649       0.010199445  C
  2    40      -0.026092340       0.018771226       0.006579908  Zr
  1     6      -0.016053259       0.008428524      -0.003471198  C
  2    40      -0.002743541      -0.014174805      -0.012253962  Zr
  2    40       0.016414748      -0.015716162      -0.046615072  Zr
  1     6       0.017424477      -0.005946136      -0.022479144  C
  2    40       0.014867085      -0.028152816       0.011044331  Zr
  1     6       0.002256026      -0.010034021       0.013813473  C
  1     6       0.017348870       0.002628068       0.015911555  C
  2    40      -0.004055292      -0.022022208       0.021299822  Zr
  1     6       0.007652127       0.009839311      -0.001276851  C
  2    40      -0.034552268       0.023374833       0.041192413  Zr
