              -3390.1258920795
         -0.000137469      -0.000011565      -0.000009810
         -0.000011565      -0.000148791       0.000001436
         -0.000009810       0.000001436      -0.000219510
          64
  1     6      -0.017311823       0.003734230       0.010352453  C
  1     6       0.004887625      -0.011913985       0.004628520  C
  2    40      -0.025546394      -0.004375623      -0.003426177  Zr
  1     6       0.021967644      -0.034216434       0.001697698  C
  2    40       0.038483856       0.093247330      -0.083172473  Zr
  2    40      -0.005252019      -0.047041659      -0.013933999  Zr
  1     6      -0.017717689       0.002141399       0.003469361  C
  2    40      -0.052390178       0.032951704       0.052195921  Zr
  1     6      -0.011823051       0.014291255       0.080160777  C
  1     6      -0.020509997      -0.005209624       0.010951684  C
  2    40       0.025347781       0.012666371      -0.003026146  Zr
  1     6       0.005812971       0.002695474      -0.032993946  C
  2    40      -0.012710419      -0.030585535      -0.040152923  Zr
  2    40      -0.003892972      -0.006864368       0.012295477  Zr
  1     6      -0.003194074       0.006732044       0.014075744  C
  2    40      -0.001164926       0.007014862       0.013189578  Zr
  2    40       0.009597423       0.002335720       0.021928304  Zr
  1     6       0.033046492      -0.006052405      -0.005042527  C
  2    40       0.071404781      -0.011879767       0.004458672  Zr
  1     6      -0.039193374      -0.010666673      -0.017939864  C
  1     6       0.016274543       0.007136150       0.020629904  C
  2    40      -0.009044832       0.008520394       0.008876857  Zr
  1     6       0.053413938       0.066767718      -0.068936589  C
  2    40      -0.069708202      -0.047853943      -0.020428087  Zr
  2    40      -0.006057711      -0.027808322      -0.021209074  Zr
  1     6      -0.003454448       0.003293049      -0.015504206  C
  2    40       0.004856702      -0.007839106       0.008262804  Zr
  1     6       0.024094050       0.000290231      -0.005316907  C
  1     6       0.029373254      -0.010406722       0.022958414  C
  2    40      -0.016323989       0.031167931       0.016598215  Zr
  1     6       0.013595371      -0.007957772       0.006245145  C
  2    40      -0.002189749       0.021442823      -0.006990691  Zr
  1     6       0.001499709      -0.007818404      -0.022894049  C
  2    40      -0.017244071       0.030119841       0.007868973  Zr
  1     6      -0.027169874      -0.005643104      -0.008640732  C
  2    40       0.033143749      -0.018309276       0.042238303  Zr
  2    40       0.002703861      -0.003900107      -0.006454419  Zr
  1     6      -0.004090718       0.001757517      -0.003908217  C
  2    40       0.016161920      -0.010452679      -0.002669291  Zr
  1     6       0.011785074      -0.004074902      -0.006727520  C
  1     6       0.011155161      -0.008183742       0.007126384  C
  2    40       0.020087258      -0.016605269      -0.017082863  Zr
  1     6       0.002486641      -0.005748290      -0.008138692  C
  2    40      -0.021007589       0.009213704      -0.006770229  Zr
  2    40       0.006998582       0.022877935      -0.008856154  Zr
  1     6      -0.012841896      -0.003162117       0.009684909  C
  2    40      -0.022184584       0.006590734      -0.010760083  Zr
  1     6      -0.035823673       0.005589125      -0.013029697  C
  2    40      -0.009009392      -0.056311076       0.004358217  Zr
  1     6       0.014161551      -0.009847063      -0.001520809  C
  2    40       0.003265085      -0.034227308       0.006686395  Zr
  1     6      -0.002826963      -0.001050412      -0.006960503  C
  1     6       0.015246708       0.019019598       0.019536765  C
  2    40      -0.025661467      -0.004133171      -0.014916062  Zr
  1     6      -0.004774540       0.004412754       0.000000103  C
  2    40       0.002879725       0.001876935       0.008768231  Zr
  2    40       0.007676119       0.023324986      -0.011194522  Zr
  1     6      -0.022149107       0.014665631      -0.005566096  C
  2    40       0.002088387      -0.024323522       0.025191840  Zr
  1     6       0.024473747      -0.001066031      -0.001193949  C
  1     6      -0.004721336       0.016382233       0.010454216  C
  2    40       0.025495716       0.001606665      -0.017296849  Zr
  1     6      -0.020180251       0.014187408      -0.019494846  C
  2    40      -0.005062575      -0.002733902       0.076760059  Zr
