              -3389.6775404403
         -0.000573488       0.000019302      -0.000032399
          0.000019301      -0.000284075      -0.000011244
         -0.000032399      -0.000011244      -0.000338308
          64
  1     6      -0.006461030       0.002573903      -0.005138062  C
  1     6       0.032492823      -0.127666962      -0.004465425  C
  2    40      -0.007853708      -0.017820030      -0.013836348  Zr
  1     6      -0.023492643       0.009231479       0.068071106  C
  2    40       0.455827308       0.277679129       0.107316837  Zr
  2    40       0.032942629      -0.057386540      -0.037842618  Zr
  1     6      -0.008822237       0.000440986      -0.001877331  C
  2    40      -0.303896981       0.052220119       0.065788920  Zr
  1     6       0.094443689       0.045174166      -0.071905563  C
  1     6      -0.000284384       0.013259130       0.007535032  C
  2    40       0.017173257      -0.003485249      -0.000301958  Zr
  1     6      -0.002997603       0.006539142      -0.028791564  C
  2    40      -0.010614084      -0.051472751      -0.003003438  Zr
  2    40      -0.008888764      -0.013306625       0.019027438  Zr
  1     6       0.002304400       0.005757377       0.002483006  C
  2    40      -0.009349908      -0.020099428       0.020512013  Zr
  2    40      -0.012952103      -0.035555880       0.022451792  Zr
  1     6       0.000592410       0.001114618       0.007486896  C
  2    40       0.012357637       0.007251138      -0.188439444  Zr
  1     6      -0.014679844       0.046353397       0.064497940  C
  1     6      -0.009502175      -0.002901723       0.006183058  C
  2    40       0.009117658      -0.012722011       0.019476707  Zr
  1     6       0.255586712       0.051440785      -0.014223328  C
  2    40      -0.097800681      -0.119451735      -0.191066570  Zr
  2    40      -0.000616930       0.029290650       0.006444003  Zr
  1     6      -0.020199874      -0.006576430      -0.014166087  C
  2    40       0.028165611      -0.001244803      -0.010542197  Zr
  1     6       0.002558100      -0.002229394      -0.001686228  C
  1     6       0.011639449      -0.005622827      -0.006775594  C
  2    40      -0.005069595       0.009671919       0.016584718  Zr
  1     6      -0.017493635      -0.016403211       0.070539996  C
  2    40      -0.018087452      -0.005683590       0.021115710  Zr
  1     6       0.007099044      -0.002215074       0.009654690  C
  2    40       0.004924329       0.007591356       0.001231609  Zr
  1     6       0.003770000       0.005855606      -0.009514829  C
  2    40       0.050345983      -0.015610925       0.046000553  Zr
  2    40       0.005941315       0.014947539      -0.015335383  Zr
  1     6      -0.014265772      -0.009269870      -0.001589943  C
  2    40       0.018380220       0.025816623       0.016500305  Zr
  1     6       0.003103037      -0.006603437       0.006323993  C
  1     6      -0.004658147      -0.009530416       0.021640668  C
  2    40       0.017050749       0.014423558       0.007460692  Zr
  1     6      -0.009972316      -0.023069312      -0.009981774  C
  2    40       0.007584691       0.019864263       0.014242889  Zr
  2    40      -0.014207624       0.008235319      -0.009225106  Zr
  1     6       0.000157103      -0.009768841      -0.007347671  C
  2    40       0.010266698       0.004077260       0.033758974  Zr
  1     6      -0.002373718      -0.002969938       0.003335699  C
  2    40      -0.123667746      -0.125879465      -0.010264690  Zr
  1     6       0.006686696      -0.007602465       0.006178460  C
  2    40      -0.006445844      -0.001067967      -0.009160722  Zr
  1     6      -0.246124699       0.046391304       0.009054300  C
  1     6      -0.021883042      -0.015586724      -0.001217973  C
  2    40       0.029250578      -0.009137309      -0.002544878  Zr
  1     6      -0.027351641      -0.003318355       0.003519492  C
  2    40      -0.086816531       0.022129406      -0.044661650  Zr
  2    40       0.007132090       0.010659546      -0.024850530  Zr
  1     6      -0.006843182      -0.010773385       0.015463373  C
  2    40       0.016780849       0.009169382      -0.010010698  Zr
  1     6       0.000512093      -0.000361580       0.005437826  C
  1     6       0.021714600       0.003861122       0.013058213  C
  2    40      -0.000539326      -0.006801201      -0.019938351  Zr
  1     6      -0.005213380      -0.006990724      -0.005796174  C
  2    40      -0.014102135       0.015155160       0.033591647  Zr
