              -3390.1133551340
         -0.000349777      -0.000005938      -0.000016391
         -0.000005938      -0.000095961      -0.000001094
         -0.000016391      -0.000001094      -0.000150920
          64
  1     6      -0.023818787      -0.016344147       0.027362431  C
  1     6      -0.025926281       0.006816673       0.004853527  C
  2    40       0.021079486       0.040752460       0.003716248  Zr
  1     6      -0.052686374      -0.021878558       0.060740685  C
  2    40       0.048375304      -0.019382024      -0.100839366  Zr
  2    40       0.011845209       0.013104809       0.010044066  Zr
  1     6      -0.008889981       0.004629194      -0.006995663  C
  2    40      -0.118797979       0.023834079      -0.038267204  Zr
  1     6      -0.004618894      -0.022381253      -0.013936804  C
  1     6       0.011983512      -0.000657649      -0.000300645  C
  2    40      -0.000623096      -0.026571156      -0.013835940  Zr
  1     6      -0.000396436       0.017970596       0.000605686  C
  2    40      -0.012060121       0.001958003       0.003358420  Zr
  2    40      -0.011559471       0.008293651       0.042306469  Zr
  1     6      -0.017381821      -0.017565987      -0.005090239  C
  2    40       0.034510632       0.004429195       0.001841724  Zr
  2    40       0.009702923      -0.004180505       0.007963460  Zr
  1     6      -0.006428302       0.005103697      -0.003193534  C
  2    40       0.080558081       0.067126081       0.023336745  Zr
  1     6      -0.031073930      -0.002926074       0.018582097  C
  1     6      -0.006370631      -0.004326254       0.003983326  C
  2    40       0.024100142       0.003012851      -0.023759323  Zr
  1     6       0.117051989      -0.019008033      -0.005853721  C
  2    40      -0.197297276       0.024245303       0.005461536  Zr
  2    40      -0.003248355       0.016143992       0.000807246  Zr
  1     6       0.008262050      -0.006918245       0.014171182  C
  2    40      -0.017186821      -0.018261320       0.001543122  Zr
  1     6       0.015430877      -0.003894022      -0.007534894  C
  1     6       0.010021851       0.024594105      -0.028897791  C
  2    40       0.014941290      -0.005031915      -0.020775358  Zr
  1     6      -0.007186214       0.027100387      -0.002364150  C
  2    40       0.037001374      -0.027062102       0.029782191  Zr
  1     6       0.007580345       0.011173631       0.014952518  C
  2    40       0.003095224      -0.050101008      -0.004325837  Zr
  1     6       0.002133221      -0.006434480      -0.001807877  C
  2    40       0.026108245      -0.006420924       0.048575147  Zr
  2    40      -0.017186973       0.011161846      -0.016219738  Zr
  1     6      -0.007646591      -0.005981593       0.013631847  C
  2    40      -0.033790029       0.015296231       0.003580927  Zr
  1     6       0.088978905       0.010209611      -0.012374822  C
  1     6      -0.000946778      -0.016664035       0.018490480  C
  2    40       0.002057734       0.011576705      -0.011390109  Zr
  1     6      -0.020829640      -0.007148105       0.002802042  C
  2    40       0.000067555      -0.010331378      -0.040969517  Zr
  2    40       0.024688192       0.011857933      -0.004185398  Zr
  1     6      -0.032289574       0.003337823      -0.003309544  C
  2    40      -0.015259112       0.009835358      -0.001663926  Zr
  1     6      -0.031056947       0.006098271      -0.009673239  C
  2    40       0.015289944      -0.010037736       0.025119629  Zr
  1     6      -0.002459340      -0.006178562      -0.012203434  C
  2    40       0.018653950      -0.023837046       0.013307707  Zr
  1     6      -0.012931690       0.004153457       0.003422046  C
  1     6      -0.006987069       0.014821352      -0.006258240  C
  2    40      -0.002778626      -0.032467789       0.014335355  Zr
  1     6       0.021587551       0.017947564      -0.024554255  C
  2    40      -0.001717184      -0.024118368       0.007969181  Zr
  2    40      -0.021229794      -0.016003069      -0.030704404  Zr
  1     6       0.026444788       0.005850604       0.008319936  C
  2    40       0.020727764      -0.014509098       0.040046244  Zr
  1     6       0.017914551       0.010307732      -0.004000132  C
  1     6       0.012919840      -0.004137196      -0.024230799  C
  2    40       0.019092529       0.016132852       0.019988680  Zr
  1     6      -0.007739411       0.004302445      -0.016558277  C
  2    40       0.007445624      -0.001547859       0.001617738  Zr
