              -3390.1863686454
         -0.000089319      -0.000002930      -0.000004153
         -0.000002930      -0.000070199      -0.000014014
         -0.000004153      -0.000014014      -0.000097629
          64
  1     6      -0.002069669       0.004435469      -0.033222573  C
  1     6       0.000725608       0.001136592      -0.004605255  C
  2    40       0.012389701       0.001066221      -0.001412450  Zr
  1     6      -0.015465605       0.024773950       0.009572747  C
  2    40      -0.027955137      -0.101546900       0.016841239  Zr
  2    40      -0.020240634       0.000222919       0.011737925  Zr
  1     6      -0.013617562      -0.007609589      -0.012042183  C
  2    40       0.094640344       0.005692268       0.014175292  Zr
  1     6      -0.056419973       0.009937900       0.107581935  C
  1     6      -0.008156452      -0.010322846      -0.009826983  C
  2    40       0.002421800       0.002980967      -0.008980839  Zr
  1     6      -0.008482537       0.003791040      -0.019080509  C
  2    40      -0.006130573       0.013297898      -0.061602680  Zr
  2    40       0.000783505       0.006031492       0.006661842  Zr
  1     6      -0.014044014      -0.002250847       0.005586821  C
  2    40      -0.009686355       0.012481803       0.001354447  Zr
  2    40      -0.011650364       0.001393487      -0.016621026  Zr
  1     6       0.003571585      -0.013272358       0.006297116  C
  2    40       0.018223938       0.073544393       0.066176839  Zr
  1     6      -0.046134721      -0.013426206       0.004240973  C
  1     6       0.003579356      -0.006289422      -0.000800321  C
  2    40      -0.007069501       0.002859393      -0.017237261  Zr
  1     6       0.078544080       0.013614102       0.003852528  C
  2    40       0.054246716       0.003030028       0.008502449  Zr
  2    40       0.009614162      -0.008170773       0.000799620  Zr
  1     6      -0.005403613       0.004517917       0.013068129  C
  2    40      -0.022102062      -0.018294179      -0.002692928  Zr
  1     6       0.000662532       0.001690336      -0.012167747  C
  1     6      -0.005971070       0.003863151       0.002741832  C
  2    40       0.014106427      -0.007664486      -0.024863935  Zr
  1     6       0.004708156       0.002516504      -0.001866631  C
  2    40      -0.001632583       0.005095857      -0.010847951  Zr
  1     6      -0.001186418       0.001784516      -0.010550743  C
  2    40      -0.011367554      -0.017498261      -0.011341542  Zr
  1     6      -0.000217523       0.004151893      -0.002822131  C
  2    40       0.007000529      -0.000549383       0.000842285  Zr
  2    40       0.000309260      -0.009089643       0.005180596  Zr
  1     6      -0.004923428       0.005487929       0.013484152  C
  2    40       0.000793816      -0.009160575      -0.010280507  Zr
  1     6       0.004671505      -0.000432390      -0.005584270  C
  1     6      -0.008578730       0.010119490      -0.003216163  C
  2    40       0.012540194      -0.004723704      -0.014419687  Zr
  1     6       0.001011721       0.013316439       0.011679419  C
  2    40       0.008635287      -0.000691120       0.005160463  Zr
  2    40       0.007650858      -0.009252993       0.003685872  Zr
  1     6      -0.018992472       0.008671651       0.017012094  C
  2    40       0.000489778      -0.005287292      -0.021111589  Zr
  1     6      -0.008570715      -0.002121476      -0.002323766  C
  2    40       0.003822609       0.015399571      -0.001130083  Zr
  1     6       0.001948761      -0.005920735      -0.002997961  C
  2    40      -0.005280090       0.000037770      -0.001254037  Zr
  1     6       0.022410144      -0.004824163      -0.004974121  C
  1     6       0.011862743       0.000429135      -0.014771857  C
  2    40      -0.009608126       0.018322946      -0.006079634  Zr
  1     6      -0.054351017      -0.003024328       0.004313033  C
  2    40      -0.006644998      -0.005887331       0.004170469  Zr
  2    40       0.007028325       0.003125923       0.018886424  Zr
  1     6       0.000132467       0.001899609      -0.003403437  C
  2    40      -0.012522881       0.003127960      -0.016692571  Zr
  1     6       0.003208472      -0.016940958      -0.002705022  C
  1     6       0.014064449       0.003070262      -0.002604224  C
  2    40       0.018346651      -0.001879190       0.000627887  Zr
  1     6       0.007749531       0.001144269       0.007101833  C
  2    40      -0.005922451      -0.004441136       0.007919594  Zr
