              -3390.1792060842
         -0.000130212      -0.000002781       0.000001384
         -0.000002781      -0.000144899       0.000004793
          0.000001384       0.000004793      -0.000067087
          64
  1     6      -0.021035324       0.042110204       0.014960618  C
  1     6      -0.006914149      -0.008361056      -0.013050977  C
  2    40      -0.057805347      -0.003152452       0.002844443  Zr
  1     6      -0.044448981      -0.012693485       0.025706574  C
  2    40       0.015346668       0.007055168      -0.005869631  Zr
  2    40      -0.030006331      -0.020685331       0.028876620  Zr
  1     6      -0.010241212       0.000185217      -0.004643888  C
  2    40      -0.040322684       0.001777238      -0.018059591  Zr
  1     6       0.007412243       0.054511380       0.021902424  C
  1     6       0.003801908      -0.016409490      -0.016244587  C
  2    40       0.013567993      -0.002577076      -0.024142649  Zr
  1     6       0.002424417       0.006325705      -0.026455042  C
  2    40       0.034215802       0.007217537       0.019186064  Zr
  2    40      -0.010584925      -0.025732746       0.004393161  Zr
  1     6      -0.007746511       0.012208181      -0.007649372  C
  2    40       0.009664042       0.002602832       0.002789433  Zr
  2    40      -0.003033656       0.004009207      -0.059768560  Zr
  1     6       0.024627360       0.004904502       0.001173802  C
  2    40       0.003143874      -0.036453847       0.074067221  Zr
  1     6      -0.024141245       0.048285110       0.002854029  C
  1     6      -0.000108046       0.007058155      -0.011102855  C
  2    40      -0.018497774      -0.033723741      -0.020341338  Zr
  1     6       0.029883669      -0.003775775      -0.020098034  C
  2    40       0.043707644      -0.006637035       0.023940599  Zr
  2    40       0.013205296      -0.047914803       0.034562127  Zr
  1     6       0.006880869       0.001643780       0.014208744  C
  2    40      -0.004717083       0.032484312      -0.000868710  Zr
  1     6       0.002565076       0.012937713      -0.016952194  C
  1     6      -0.002173566      -0.011060128      -0.011599955  C
  2    40       0.001819644      -0.020428489       0.004583047  Zr
  1     6       0.018774966       0.009870628      -0.007783379  C
  2    40       0.003033896       0.008692167      -0.023194106  Zr
  1     6       0.011132162       0.014789816      -0.020654745  C
  2    40       0.008904517      -0.011049802       0.009013056  Zr
  1     6       0.008111426      -0.004914329      -0.001192463  C
  2    40       0.027677862       0.025016057       0.001390213  Zr
  2    40      -0.010560172       0.009617099      -0.002516797  Zr
  1     6       0.006046367      -0.000932217      -0.000542507  C
  2    40       0.027102197      -0.003082990      -0.030446481  Zr
  1     6       0.003105066      -0.024232714       0.006748579  C
  1     6      -0.005765476       0.032626362       0.025599802  C
  2    40      -0.025214993      -0.011337039       0.039864592  Zr
  1     6       0.012316404       0.018501477       0.004494537  C
  2    40       0.001823225      -0.002725822       0.004411389  Zr
  2    40       0.019634018       0.005252394      -0.005218817  Zr
  1     6       0.011704632       0.024857477      -0.011867531  C
  2    40      -0.054991000      -0.062421917      -0.020285360  Zr
  1     6      -0.013535188      -0.013606105       0.006202616  C
  2    40       0.005915893       0.011531264       0.038936998  Zr
  1     6       0.018359868      -0.020248141      -0.017576462  C
  2    40       0.000791886      -0.014085496       0.002467873  Zr
  1     6      -0.013994827      -0.010751343       0.002071315  C
  1     6       0.020973353       0.017910284       0.008193643  C
  2    40       0.001014412      -0.024313362      -0.017032980  Zr
  1     6      -0.012087891       0.011207240       0.006122233  C
  2    40      -0.000714815      -0.007594336       0.009217527  Zr
  2    40      -0.006810891       0.004745779      -0.008354586  Zr
  1     6       0.012390859       0.014694227       0.001885726  C
  2    40      -0.005324105       0.025792974       0.030828924  Zr
  1     6      -0.024368217      -0.012080273      -0.010751662  C
  1     6       0.024575843      -0.014895801       0.008142097  C
  2    40       0.007338861       0.016734243      -0.012863831  Zr
  1     6      -0.000788936      -0.006456241      -0.004545854  C
  2    40      -0.007240177      -0.004592038      -0.030358220  Zr
