              -3390.0593943501
         -0.000197120      -0.000012548      -0.000005152
         -0.000012548      -0.000126909      -0.000011229
         -0.000005152      -0.000011229      -0.000204402
          64
  1     6       0.017495786       0.014972030       0.011422844  C
  1     6       0.018952784       0.013047177       0.002183292  C
  2    40       0.001279492       0.021221555      -0.009119591  Zr
  1     6      -0.059000737      -0.063176082       0.001323489  C
  2    40       0.010470115       0.013022795       0.284078345  Zr
  2    40       0.020177396      -0.030251423      -0.027105761  Zr
  1     6      -0.001499023       0.014546489       0.004553340  C
  2    40      -0.195362100       0.005053504      -0.093447065  Zr
  1     6      -0.087803403      -0.013542404      -0.176335654  C
  1     6      -0.001971699       0.004416115       0.019357662  C
  2    40      -0.002940692      -0.013486099       0.016326677  Zr
  1     6      -0.000585144       0.004453694       0.014931859  C
  2    40       0.004727466       0.002152847      -0.004669925  Zr
  2    40      -0.017616459       0.001425073      -0.013474773  Zr
  1     6      -0.001931144       0.004792933       0.000304164  C
  2    40       0.018258668      -0.017289232      -0.016996163  Zr
  2    40      -0.019293131      -0.022012509      -0.005082503  Zr
  1     6       0.015744235      -0.002643505      -0.005935095  C
  2    40      -0.028660327       0.027577333       0.075899533  Zr
  1     6      -0.023936982       0.037524554       0.093777863  C
  1     6       0.003266603      -0.001513995       0.002748124  C
  2    40       0.029905305       0.029891790       0.012715751  Zr
  1     6       0.079901642      -0.026477594       0.037049079  C
  2    40       0.031373968      -0.028451225      -0.101272657  Zr
  2    40       0.003887746       0.020906771      -0.001977238  Zr
  1     6      -0.009020407      -0.002996110      -0.004753484  C
  2    40       0.029762411       0.008163101      -0.029673775  Zr
  1     6       0.007277709      -0.000081196      -0.012922691  C
  1     6       0.022497700       0.001742678      -0.003960768  C
  2    40       0.011774427      -0.014252182       0.000759622  Zr
  1     6       0.013025549      -0.001910694      -0.019998362  C
  2    40      -0.011410757      -0.003555193      -0.007267755  Zr
  1     6       0.011346329       0.000660937       0.004295653  C
  2    40       0.003811833      -0.000133000       0.022759423  Zr
  1     6       0.032036362       0.012307918       0.005322697  C
  2    40       0.026727155      -0.015054912      -0.009906976  Zr
  2    40       0.002989048       0.002997602      -0.006847255  Zr
  1     6      -0.008280098       0.002142285      -0.021146596  C
  2    40       0.011570083       0.004905921       0.005443011  Zr
  1     6       0.029327216       0.007133510      -0.001787599  C
  1     6      -0.012168458      -0.023089144       0.002990708  C
  2    40       0.019397982       0.008439829       0.027093231  Zr
  1     6      -0.009063283      -0.018252769      -0.009303710  C
  2    40      -0.006799334       0.002973624       0.003482989  Zr
  2    40      -0.033871168       0.006710315      -0.003987017  Zr
  1     6      -0.005948332      -0.012306421      -0.019873279  C
  2    40      -0.004607892       0.018211963       0.007602293  Zr
  1     6       0.007203641       0.000515874       0.002894724  C
  2    40      -0.026005168       0.008306504      -0.011410001  Zr
  1     6       0.008083497       0.003233466       0.012238282  C
  2    40       0.005883621      -0.003718012      -0.010475328  Zr
  1     6       0.018836322       0.011292565       0.000401458  C
  1     6       0.005506883      -0.003398533       0.003405167  C
  2    40       0.020465300      -0.014935294      -0.011945778  Zr
  1     6       0.002622540      -0.004428434      -0.006621134  C
  2    40      -0.018686829       0.006037615      -0.020524166  Zr
  2    40      -0.001814556       0.009235449      -0.009295343  Zr
  1     6      -0.004977083      -0.002382081       0.018452239  C
  2    40       0.014456347       0.007177617       0.003141490  Zr
  1     6       0.009652268       0.006645106       0.010803834  C
  1     6       0.023390740      -0.003967203      -0.001428833  C
  2    40       0.001807432      -0.000473962      -0.000032035  Zr
  1     6       0.001986652      -0.005080724      -0.006279685  C
  2    40      -0.007762718       0.001961668      -0.020810694  Zr
