1282234450
5.19600969870837925412843105732463300228118896484375
0.463120689562120990689919608485070057213306427001953125
1.5614877838510563545781906213960610330104827880859375
0.7072698730417499302092210200498811900615692138671875
3.96733846065704032213261598371900618076324462890625
5.9703401548529058118219836615025997161865234375
0.8528640357187484699608148730476386845111846923828125
5.54974149357229862289386801421642303466796875
2.761384093319171117997257169918157160282135009765625
2.755661222165347812307345520821399986743927001953125
4.8411438146401462034873475204221904277801513671875
1.3147807905158261920774975806125439703464508056640625
1.8969382024689374066639402371947653591632843017578125
3.71795592181926881636400139541365206241607666015625
3.299500336044907999877295878832228481769561767578125
3.488722659843258355749640031717717647552490234375
1.33070488786476115450341239920817315578460693359375
3.08431029471875550740378457703627645969390869140625
0.84306847378090654654414493052172474563121795654296875
1.1064011068295094286639823621953837573528289794921875
6.14370002867013997871481478796340525150299072265625
2.767919267290974705275630185496993362903594970703125
5.82278909347597473100677234469912946224212646484375
3.582564313666997346530251888907514512538909912109375
5.21682116836410880722496585804037749767303466796875
4.945310911033022449601048720069229602813720703125
2.098836070657437602449135738424956798553466796875
3.605035218112293993186767693259753286838531494140625
1.3127960554107003243728968300274573266506195068359375
5.67030389322712391475533877382986247539520263671875
2.35291433368207680842942863819189369678497314453125
0.54143582035722193079863018283504061400890350341796875
0.54449929662408835806530760237365029752254486083984375
0.292626593262654888238927242127829231321811676025390625
1.134140985762318809548787612584419548511505126953125
6.19797470484294166226391098462045192718505859375
2.192583658848743510816348134540021419525146484375
1.70803447589551016250197790213860571384429931640625
4.7171841271455168254078671452589333057403564453125
4.0331753332681916646151876193471252918243408203125
5.34563902246901623271924108848907053470611572265625
1.14241436973636911744733879459090530872344970703125
2.672207339998390107638215340557508170604705810546875
5.15706406332699263117547161527909338474273681640625
5.78725543070606196494054529466666281223297119140625
2.314114483938862321110718767158687114715576171875
1.1368386037728248627587390728876926004886627197265625
5.54060368593497543088233214803040027618408203125
0.198111119372061661447759206566843204200267791748046875
3.068905673727744254364324660855345427989959716796875
0.949072676363958311895885344711132347583770751953125
2.326907819566839119573842253885231912136077880859375
5.66640374777876498768591773114167153835296630859375
4.873843784611583629384767846204340457916259765625
3.042355785024855929776776974904350936412811279296875
1.4680372645822339361387776079936884343624114990234375
5.3191347563293174260934392805211246013641357421875
3.26609929769448914527174565591849386692047119140625
1.074715925093101986931287683546543121337890625
5.6931601888109621967259954544715583324432373046875
0.400975411723924646256733694826834835112094879150390625
2.43577051433562896676221498637460172176361083984375
4.5796396741200720015285696717910468578338623046875
3.21915192174533526525692650466226041316986083984375
1.2432338736165615689088781437021680176258087158203125
6.1100029015523507069929110002703964710235595703125
2.9885673711179290279460474266670644283294677734375
5.33396288519322236965081174275837838649749755859375
6.188667716581537803222090587951242923736572265625
0.1890030908951399191142428435341571457684040069580078125
0.265269878907071710028020561367156915366649627685546875
5.0526477032485939133721331018023192882537841796875
4.2674919927218137871705039287917315959930419921875
1.0093761257124234109738836195901967585086822509765625
4.1755397590387275386092369444668292999267578125
5.9209939706882419585554089280776679515838623046875
2.143440381421536589101606296026147902011871337890625
6.114329189185237822812268859706819057464599609375
3.766768082368638470569521814468316733837127685546875
5.21764555195957857591793072060681879520416259765625
3.0551681034778166434762169956229627132415771484375
0.91912320596571983610800771202775649726390838623046875
0.91500326877944526682284731577965430915355682373046875
2.132335990566602834661580345709808170795440673828125
3.894522158037910575245632571750320494174957275390625
3.768323881115704931943355404655449092388153076171875
3.97837943986495279347082032472826540470123291015625
3.461011372181370671086142465355806052684783935546875
4.573347982381545051566718029789626598358154296875
1.021708747475844614172046931344084441661834716796875
4.88973851241717927251784203690476715564727783203125
0.7590323063312525153634169328142888844013214111328125
2.733096600262121089741640389547683298587799072265625
1.1898883493803242838993128316360525786876678466796875
3.640472003521228128164466397720389068126678466796875
5.226681341541794978411417105235159397125244140625
5.168811749000159494471517973579466342926025390625
0.1730049786689525637140008029746240936219692230224609375
6.1157053386664568250807860749773681163787841796875
0.62111539728891485001582850600243546068668365478515625
4.6266800536231347251714396406896412372589111328125
1.60364893364934868458249184186570346355438232421875
0.64404025984308177488202318272669799625873565673828125
4.28456032022318122898241199436597526073455810546875
3.251862503724513242531202195095829665660858154296875
1.3999053777932264353012214996851980686187744140625
5.9657864858631111104614319629035890102386474609375
2.6084093099804075421843663207255303859710693359375
2.749113879640969759776680803042836487293243408203125
2.6323771658301549081215853220783174037933349609375
3.922646257774798694839546442381106317043304443359375
0.51885538723540458594385427204542793333530426025390625
1.4384924519536277376374755476717837154865264892578125
2.608902421628724876967453383258543908596038818359375
2.997201338065748732475412907660938799381256103515625
4.998054684398614000429006409831345081329345703125
1.336271797322259313745007602847181260585784912109375
3.662570279325298105987940289196558296680450439453125
5.38317862387868206752727928687818348407745361328125
0.91451499646413114685827849825727753341197967529296875
0.687029064321667437553742274758405983448028564453125
4.21027154081905141680408632964827120304107666015625
4.473358058381837309980255668051540851593017578125
2.78532803045833787791707436554133892059326171875
4.33379320723435501605536046554334461688995361328125
1.045687221185003235035537727526389062404632568359375
0.71039310073460526506750056796590797603130340576171875
4.7815268688582737155456925393082201480865478515625
2.25640297725060090527904321788810193538665771484375
3.4198980433083168151142672286368906497955322265625
4.3372618064788017733235392370261251926422119140625
0.31111510115356055816704383687465451657772064208984375
2.45328574282905709225133250583894550800323486328125
1.3706603580405654074780841256142593920230865478515625
5.63763067710150078681863305973820388317108154296875
3.90513488845926115544671120005659759044647216796875
4.5995957287620541364958626218140125274658203125
0.41110468575627445719788966016494669020175933837890625
2.367716677151933790668181245564483106136322021484375
3.7290551251666972376597186666913330554962158203125
2.330952615428941054886990968952886760234832763671875
2.391578746469603888868959984392859041690826416015625
0.056099651846271365862595104090360109694302082061767578125
5.19023127177761534056799064273945987224578857421875
1.997164299963202438448206521570682525634765625
1.2829216414873860774292779751704074442386627197265625
4.461711436941190100924359285272657871246337890625
5.72477441024306532568743932642973959445953369140625
5.56772212311980485566209608805365860462188720703125
2.18509094062631259447471165913157165050506591796875
3.097424822788326093103705716202966868877410888671875
4.963641938718637902638874948024749755859375
1.6392616583638843774650695195305161178112030029296875
4.2036037386942712856807702337391674518585205078125
2.287994043615360961752003277069889008998870849609375
4.425302919902105003302494878880679607391357421875
0.1410306043609949877559728292908403091132640838623046875
1.377107072282011568375992283108644187450408935546875
1.423616678773749644193458152585662901401519775390625
2.509632888229975211658029365935362875461578369140625
2.611097053293885750235858722589910030364990234375
3.472021788104792339169080150895752012729644775390625
5.386591275284143165436034905724227428436279296875
1.4214350670794855258094457894912920892238616943359375
3.725860363705649991317159219761379063129425048828125
3.310110292773581708303254345082677900791168212890625
3.4135665397172072488274352508597075939178466796875
1.9539351380443559236255168798379600048065185546875
1.082128255967131469361675044638104736804962158203125
2.77662123067107291518595957313664257526397705078125
1.5238271347479217521225791642791591584682464599609375
1.70588365570095756851287660538218915462493896484375
1.452435216944886864354202771210111677646636962890625
1.86198799531618330860283094807527959346771240234375
3.3671437720425956285907886922359466552734375
0.013647574455588486197488151674406253732740879058837890625
1.880990113263518725972289757919497787952423095703125
0.484678712645719989016157569494680501520633697509765625
0.11609495798240054842409563207183964550495147705078125
5.65552418109993748629449328291229903697967529296875
5.51263979328267605950486540677957236766815185546875
4.38205520818202653998696405324153602123260498046875
4.6730161053657379710557506768964231014251708984375
1.4126639252293016202344233533949591219425201416015625
6.21034392003917279367897208430804312229156494140625
2.842081357989525880469727781019173562526702880859375
5.108024006473552702800589031539857387542724609375
3.115843490970175100329697670531459152698516845703125
1.347770438747616150720887162606231868267059326171875
3.15332581913707610254959945450536906719207763671875
3.06626706983251562377290611038915812969207763671875
4.4099697361266922968070502975024282932281494140625
0.0028005526414143634521269898840500900405459105968475341796875
0.13878081279750020815555444642086513340473175048828125
0.50522311148476928277517572496435604989528656005859375
0.71578244479176700298950208889436908066272735595703125
0.374351502570487326693182694725692272186279296875
0.67492799166353789619421377210528589785099029541015625
0.80042731426676139161457967929891310632228851318359375
0.456645063337238976686194291687570512294769287109375
0.506486051020438754477481779758818447589874267578125
0.420857081385728470923623945054714567959308624267578125
0.325280210620388476883135808748193085193634033203125
0.972984330250408646634241449646651744842529296875
0.212613442546042363812119901922415010631084442138671875
0.266509666697359481890572396878269501030445098876953125
0.2089877078351507488918059607385657727718353271484375
0.352102417197126149606134504210785962641239166259765625
0.6289554041013845075980270848958753049373626708984375
0.460306760603704845369321674297680146992206573486328125
0.60344872698348417383584774142946116626262664794921875
0.76560004277415572015996758636902086436748504638671875
0.1262983536004546880615606596620636992156505584716796875
0.11353775677901588314622216557836509309709072113037109375
0.323796826099882306682076205106568522751331329345703125
0.36621359613082071771117398384376429021358489990234375
0.00875992514600973902483271871233228011988103389739990234375
0.60077484585380869219761734711937606334686279296875
0.99632453964852007999297711648978292942047119140625
0.635947227774163348357205904903821647167205810546875
0.1654902394700284162798453735376824624836444854736328125
0.734069770543868571621715091168880462646484375
0.45770435103108375596292489717598073184490203857421875
0.58626620824740560689036783514893613755702972412109375
0.5770554177356210789895385460113175213336944580078125
0.2208382697872995625854031231938279233872890472412109375
0.2226621742465822728629376570097520016133785247802734375
0.1583043733417542620056650548576726578176021575927734375
0.426966346067826407750800399298896081745624542236328125
0.275686195248591781048475013449206016957759857177734375
0.84202495023702506049545490895980037748813629150390625
0.581046048822368543795846562716178596019744873046875
0.428970468430300455597858899636776186525821685791015625
0.1848250106837716899566004258304019458591938018798828125
0.75558007031473339853988591130473650991916656494140625
0.6342329893420604047804545189137570559978485107421875
0.72322913292945789631716024814522825181484222412109375
0.29554825662427963717249213004834018647670745849609375
0.4544749466956010675033894585794769227504730224609375
0.267593238627348684044449100838392041623592376708984375
0.92838743418845692811913750119856558740139007568359375
0.2120345082190048524584113920354866422712802886962890625
0.474869820976103584886374164852895773947238922119140625
0.50001013581641495786556106395437382161617279052734375
0.6421810121471904775347638860694132745265960693359375
0.6525993392116387070700511685572564601898193359375
0.41759612197875795036594581688405014574527740478515625
0.334990837301589017283021121329511515796184539794921875
0.415466282244523199551622383296489715576171875
0.2718615975565563669391622170223854482173919677734375
0.3405880864432957455534278778941370546817779541015625
0.0921166614126957272734586013029911555349826812744140625
0.2743973458532231735063078303937800228595733642578125
0.2447507028676339790873583979191607795655727386474609375
0.269479382908660636264386312177521176636219024658203125
0.7604026569800463875026252935640513896942138671875
0.00077544944396961920131394752075948417768813669681549072265625
0.348916424600834218505696071588317863643169403076171875
0.34277604675981032666953751686378382146358489990234375
0.37748143746400319997746919398196041584014892578125
0.6246228910165945169552514926181174814701080322265625
0.469163021291216397745671429220237769186496734619140625
0.263726163778326527786788346929824911057949066162109375
0.88878560293874964148841399946832098066806793212890625
0.323969706578166094512738482080749236047267913818359375
0.8502387981164449826110285357572138309478759765625
0.06674178646260024716507786024521919898688793182373046875
0.7283750123942154264256032547564245760440826416015625
0.3300203775661161298415890996693633496761322021484375
0.0700114248646476478032951717977994121611118316650390625
0.485469656291170836848181124878465197980403900146484375
0.7973665775718943304894992252229712903499603271484375
0.8028512465780839324480666618910618126392364501953125
0.96189037662087495395013547749840654432773590087890625
0.99520956258997761434414996983832679688930511474609375
0.130584352244895118833056812945869751274585723876953125
0.369452589829197430848495287136756815016269683837890625
0.66205146613626342233516197666176594793796539306640625
0.403901231663255588788530303645529784262180328369140625
0.312371199630373741484845595550723373889923095703125
0.71148426910465778494341293480829335749149322509765625
0.392428731728544810675174403513665311038494110107421875
0.10496545681029811891704639492672868072986602783203125
0.11936518788308146665766429350696853362023830413818359375
0.0939294589189484108171512843910022638738155364990234375
0.034485594851190966292353579092377913184463977813720703125
0.019790694126761841642458961132433614693582057952880859375
0.06564422094525966533407057568183518014848232269287109375
0.978135174130152496019263708149082958698272705078125
0.968269234042740123413750552572309970855712890625
0.36690641118535138875955681214691139757633209228515625
0.59317718939537977806963908733450807631015777587890625
0.69860095935808541600664511861396022140979766845703125
0.369537755087734065551074991162749938666820526123046875
0.80606572367533380063520098701701499521732330322265625
0.83037312972842391989303223454044200479984283447265625
0.84451895246492647562064348676358349621295928955078125
0.295776047881588344257153266880777664482593536376953125
0.343605604648406448564657011957024224102497100830078125
0.38447024365163884329632537628640420734882354736328125
0.604517848512398980886928256950341165065765380859375
0.0169341787774740619443303302205094951204955577850341796875
0.25080801046025380518500469406717456877231597900390625
0.4469504828783452676788101598503999412059783935546875
0.11011299728886829452090267977837356738746166229248046875
0.20228792037921394797450602709432132542133331298828125
0.514073302743059290520477588870562613010406494140625
0.2133784099544298040740386568359099328517913818359375
0.050693764374914469794664029222985845990478992462158203125
0.3151764531224856558111468984861858189105987548828125
0.26482511929461038935329497689963318407535552978515625
0.3743094803645785617618457763455808162689208984375
0.3683514433765557871680584867135621607303619384765625
0.058828481034761521961673480518584256060421466827392578125
0.08522676354517544350386515361606143414974212646484375
0.1494921115923170396033725637607858516275882720947265625
0.8622545636548915037877804934396408498287200927734375
0.314053154231073883284608427857165224850177764892578125
0.2490046900925248218872098959764116443693637847900390625
0.342005758239890322869314331910572946071624755859375
0.1762233540305045143004036845013615675270557403564453125
0.83613709678693537430405058330507017672061920166015625
0.339758788393698052399116704691550694406032562255859375
0.90297091887470848359242836522753350436687469482421875
0.63243167131786781620661486158496700227260589599609375
0.247212041284522066053597200152580626308917999267578125
0.363696953916781084981124649857520125806331634521484375
0.006600861906353785828194258300527508254162967205047607421875
0.291607049895267478323290788466692902147769927978515625
0.4440054453182991078818986352416686713695526123046875
0.508728068093176943875732831656932830810546875
0.06657842549801730458458592920578666962683200836181640625
0.75992384728040729413578446838073432445526123046875
0.484045204931891126509668765720562078058719635009765625
0.1416352168385103527104007525849738158285617828369140625
0.3680462247543252463088947479263879358768463134765625
0.3703446422565470630416939457063563168048858642578125
0.008155227642578644076110094829346053302288055419921875
0.2536988273513032243755560557474382221698760986328125
0.10055598341885767232906090384858543984591960906982421875
0.129273518048819868742072003442444838583469390869140625
0.783387289281649135119778293301351368427276611328125
0.96928954681814161187247691486845724284648895263671875
0.225018869258937825872379789871047250926494598388671875
0.85541749459477955941366644765366800129413604736328125
0.63773040968819072471518438760540448129177093505859375
0.262521871022191766176234750673756934702396392822265625
0.73512819350470237633743408878217451274394989013671875
0.08494041491529923104675248168859980069100856781005859375
0.031374254744208539269489932621581829153001308441162109375
0.0452243611427137481850735412081121467053890228271484375
0.54443420308848577970906035261577926576137542724609375
0.6036038010397943853746483000577427446842193603515625
0.125672434049505954423153752941288985311985015869140625
0.463715576782690153123667187173850834369659423828125
0.74343312706026865033237527313758619129657745361328125
0.573996442637404680198187634232454001903533935546875
0.085959566797110975588935843916260637342929840087890625
0.316808567064259472001452877520932815968990325927734375
0.8041825852376327521398025055532343685626983642578125
0.98000275063328567970444282764219678938388824462890625
0.5363716234156730156001913201180286705493927001953125
0.1462218296463702882359569912296137772500514984130859375
0.2649703390267539315772182817454449832439422607421875
0.490673214425646320169249747777939774096012115478515625
0.457737876315479130795438322820700705051422119140625
0.6957650737351575020994687292841263115406036376953125
0.951466579433282166888830033713020384311676025390625
0.5547615096693678804484761712956242263317108154296875
0.15667150316604949722432138514705002307891845703125
0.30336743095115170643083502000081352889537811279296875
0.61146618128356811094903378034359775483608245849609375
0.426925046102574590189959735653246752917766571044921875
0.420649862112780048573057456451351754367351531982421875
0.00840418367106662324295118793315850780345499515533447265625
0.91595967436021175078764144927845336496829986572265625
0.66674544134491375846351957079605199396610260009765625
0.2309315550285072904390659687123843468725681304931640625
0.72383111376493758370997966267168521881103515625
0.04412951508729230643002239276029285974800586700439453125
0.79224648829188504262077685780241154134273529052734375
0.7504019037589439999891283150645904242992401123046875
0.50403947080673627834102035194518975913524627685546875
0.78738043633633314488662335861590690910816192626953125
