              -3389.8668780645
         -0.000258003      -0.000006714       0.000005290
         -0.000006714      -0.000459250      -0.000023142
          0.000005290      -0.000023142      -0.000135807
          64
  1     6       0.012374884      -0.014912144       0.015985656  C
  1     6       0.002055445      -0.015820734       0.014675763  C
  2    40      -0.032753565       0.014875899      -0.005268850  Zr
  1     6      -0.122433716      -0.014835658      -0.034048915  C
  2    40       0.061111034       0.117902550       0.027234602  Zr
  2    40       0.009463425      -0.014777067      -0.025772272  Zr
  1     6       0.004807525      -0.007429264       0.012428927  C
  2    40      -0.033297036      -0.047862840       0.052604131  Zr
  1     6      -0.028237747       0.052942597      -0.038683632  C
  1     6      -0.016715065       0.000275309       0.000723971  C
  2    40       0.015828112       0.016629730      -0.022930618  Zr
  1     6       0.005622241      -0.008426061       0.008779638  C
  2    40       0.000316549      -0.006834156       0.011072069  Zr
  2    40       0.003113869      -0.009556289      -0.016594619  Zr
  1     6      -0.007169972      -0.000896839       0.007716177  C
  2    40      -0.012217421       0.006420588       0.017551965  Zr
  2    40       0.006221769      -0.015564776      -0.004395902  Zr
  1     6       0.015100011      -0.016272439       0.004775958  C
  2    40       0.154567404       0.001887095      -0.052985724  Zr
  1     6      -0.079659758       0.069313763       0.009543393  C
  1     6       0.008459438      -0.050243531      -0.001172910  C
  2    40       0.014580675       0.029128934       0.008181554  Zr
  1     6      -0.069070988       0.555484584      -0.000235900  C
  2    40      -0.144826926      -0.701165603      -0.014469370  Zr
  2    40       0.020859589       0.016013756       0.008656106  Zr
  1     6      -0.010723076      -0.003271195       0.000710125  C
  2    40       0.002202946       0.037564031      -0.050662022  Zr
  1     6       0.004052649       0.004457012      -0.001791809  C
  1     6       0.003147370      -0.006781695      -0.005089424  C
  2    40       0.012649635      -0.014343293       0.010516384  Zr
  1     6      -0.007276285      -0.008363930       0.025231392  C
  2    40      -0.001818606       0.005846665      -0.001891725  Zr
  1     6       0.003871335      -0.005442975      -0.007112563  C
  2    40      -0.027910136       0.001760547       0.002803255  Zr
  1     6       0.032893097       0.010809384       0.009585128  C
  2    40       0.037823709      -0.002188912       0.014973162  Zr
  2    40      -0.004784496       0.006944442       0.013068600  Zr
  1     6       0.004569580      -0.008193313      -0.004209526  C
  2    40       0.080746251       0.098589671       0.009618424  Zr
  1     6       0.062579699      -0.007699142      -0.005852161  C
  1     6      -0.028553219      -0.008127896      -0.014328545  C
  2    40       0.016991037       0.014452077       0.021866556  Zr
  1     6       0.000502827       0.000155820       0.006856426  C
  2    40       0.019517779       0.011128389      -0.014968682  Zr
  2    40       0.007345533      -0.007202504       0.021377521  Zr
  1     6      -0.015135328       0.004974648      -0.015753456  C
  2    40      -0.011762047      -0.017192664       0.000807372  Zr
  1     6      -0.011213289       0.008528494       0.002191420  C
  2    40      -0.015355618      -0.028245902       0.005691577  Zr
  1     6       0.011465455      -0.001290083       0.004351623  C
  2    40      -0.002399197      -0.009081675      -0.000127441  Zr
  1     6       0.007490617      -0.002495172       0.005484130  C
  1     6      -0.003912337      -0.000547348      -0.004958642  C
  2    40      -0.001348741      -0.016152166       0.001909138  Zr
  1     6       0.024364087      -0.013710618      -0.001751962  C
  2    40      -0.012501673       0.025218384      -0.008672182  Zr
  2    40       0.030134241      -0.010650880       0.006571834  Zr
  1     6      -0.013191054       0.004183184      -0.000522798  C
  2    40       0.009977046      -0.010161750      -0.010375388  Zr
  1     6      -0.001058292       0.005786697       0.011003368  C
  1     6       0.000044508       0.032466059      -0.007787101  C
  2    40       0.008746134      -0.033763776       0.004995167  Zr
  1     6       0.000937657       0.010840969      -0.003580352  C
  2    40      -0.003775165      -0.025427913      -0.003135749  Zr
