526534389
5.85484780208530875000860760337673127651214599609375
0.9782306261584368112238507819711230695247650146484375
4.55934937780723803513183156610466539859771728515625
5.05988480872104329222338492400012910366058349609375
3.5920291332340301693193396204151213169097900390625
6.054226162539332989354079472832381725311279296875
0.06516526740226773195541198901992174796760082244873046875
4.6356042167043067792064903187565505504608154296875
4.34024586970070647140573782962746918201446533203125
5.03970258694416006761684911907650530338287353515625
1.289924194378509358926976346992887556552886962890625
5.69150245100636453798870206810534000396728515625
6.12112996178582502437848233967088162899017333984375
5.5292174434314080855301654082722961902618408203125
4.9341092478292285505858671967871487140655517578125
6.20913312711417830769278225488960742950439453125
3.754937065955897157465415148180909454822540283203125
6.04597387384397233489607970113866031169891357421875
3.00346821578783274020452154218219220638275146484375
4.15998298871590321823532576672732830047607421875
3.728436032865151350534915764001198112964630126953125
0.9250625246267325518800817008013837039470672607421875
1.04717914015126378757258862606249749660491943359375
6.1504134504322731658021439216099679470062255859375
0.7891818132216783521215575092355720698833465576171875
5.11149392234427057957191209425218403339385986328125
0.287307704010311637521368766101659275591373443603515625
1.55287763028371461615506632369942963123321533203125
2.264545418353300920699666676227934658527374267578125
5.02907088540117097608117546769790351390838623046875
4.582895541669248729022001498378813266754150390625
5.42124111317122991948735943879000842571258544921875
5.85919716286212821643175630015321075916290283203125
4.08574844846244378260280427639372646808624267578125
3.723517760802707687872725728084333240985870361328125
2.891792121820149219502127380110323429107666015625
5.89356998843358415030024843872524797916412353515625
4.96236979100944086695790247176773846149444580078125
3.09433609070375670313524096854962408542633056640625
6.044988835510981317611367558129131793975830078125
3.453343370040637072548861397081054747104644775390625
5.962623914451459228303065174259245395660400390625
3.1099232253542137272006584680639207363128662109375
3.865903442772921305703448524582199752330780029296875
2.03122601552446013783992384560406208038330078125
0.00675270696420693199157891939421460847370326519012451171875
1.283622434837767389836926668067462742328643798828125
2.385583561893017900956692756153643131256103515625
4.32883820129896523809520658687688410282135009765625
3.439114373424018378244682025979273021221160888671875
2.150692847533808294002710681525059044361114501953125
2.937939152843694667893714722595177590847015380859375
3.864575844616884747750873430049978196620941162109375
2.41864135870056617960699441027827560901641845703125
0.1635362794431762523128526254367898218333721160888671875
4.55924453632024029303693168913014233112335205078125
0.77055704621512599583610381159815005958080291748046875
1.074345423534761589934305447968654334545135498046875
5.470999392581035181137849576771259307861328125
2.971763612351017602719593924120999872684478759765625
1.268852591555937436851309030316770076751708984375
1.549976362373367777536259382031857967376708984375
2.1233248365248247324643671163357794284820556640625
3.412109324093599571625645694439299404621124267578125
4.12370663462184694481038604862987995147705078125
1.938148396999626488224066633847542107105255126953125
0.61575959276178438006610349475522525608539581298828125
1.7522917122713741466810688507393933832645416259765625
0.210025887844784431290889870069804601371288299560546875
5.1560620697734744766194125986658036708831787109375
0.068192662257651359691834613840910606086254119873046875
3.990441819697610359440886895754374563694000244140625
1.38761915101374011527468610438518226146697998046875
4.7192299800421171340758519363589584827423095703125
3.72185080954005353959246349404565989971160888671875
1.7944733487744344291314746442367322742938995361328125
4.38632461170835785679855689522810280323028564453125
1.2599931245638595900260270354920066893100738525390625
0.99682433541418735689632057983544655144214630126953125
0.395441883131136651119419411770650185644626617431640625
5.2401408491009124901438553933985531330108642578125
5.1117451521916894563446476240642368793487548828125
0.92649252704824813786643744606408290565013885498046875
4.05305057631553022901016447576694190502166748046875
4.75178463543500395616092646378092467784881591796875
1.510080585106829520469773342483676970005035400390625
0.07486334340520932328910674868893693201243877410888671875
5.65872700616543244933609457802958786487579345703125
4.2821243451109740618676369194872677326202392578125
2.03791574093956118218784467899240553379058837890625
5.50257997274901100581701030023396015167236328125
0.428307949895346207203061794643872417509555816650390625
0.893653500861797400744990227394737303256988525390625
3.832183429764715487664261672762222588062286376953125
0.077218226042500670569523890662821941077709197998046875
0.7278235033861826241974313234095461666584014892578125
0.2780302901007785099096736303181387484073638916015625
4.8900742140802737623062057537026703357696533203125
0.137234917115098109530180181536707095801830291748046875
2.341041232042059494489194548805244266986846923828125
5.5858668306331349384663553792051970958709716796875
3.4258115473169201692371643730439245700836181640625
3.068458919027491571540622317115776240825653076171875
0.84002736845729331083276747449417598545551300048828125
0.61293963091239189733272496596327982842922210693359375
2.788187815863657714743339965934865176677703857421875
0.4271468991108495760755658920970745384693145751953125
3.4380535851929341362165359896607697010040283203125
4.904796846069881866014839033596217632293701171875
3.211278236248631845484169389237649738788604736328125
5.2146770249276652720027414034120738506317138671875
4.01618884432995937316945855855010449886322021484375
3.495485095212685688892406687955372035503387451171875
0.41404482925163355044873014776385389268398284912109375
5.28301724295436425649086231715045869350433349609375
2.23855426195204909589620001497678458690643310546875
0.323022578442581143054468384434585459530353546142578125
3.963243641774169656599724476109258830547332763671875
2.18253375689964901340545111452229321002960205078125
4.45887946160853854138395035988651216030120849609375
1.3980288196283170432110409819870255887508392333984375
2.62780768854760626851430060924030840396881103515625
4.18037774615703572322900072322227060794830322265625
3.14597611871181381815176791860722005367279052734375
0.7697276828465169362658571117208339273929595947265625
1.5008190584876264228597619876381941139698028564453125
4.0131707945952594940308699733577668666839599609375
5.193926719876788666852007736451923847198486328125
1.856900355376145395069897858775220811367034912109375
4.8581905992098928237510335748083889484405517578125
2.079872310422114622951994533650577068328857421875
5.4424310660663337557707563973963260650634765625
0.194740064579237703856762209397857077419757843017578125
5.79437638633476836957925115711987018585205078125
1.6425751151461305266110457523609511554241180419921875
5.1727472092909270173777258605696260929107666015625
4.933952525415502776695575448684394359588623046875
4.86577965643945020701721659861505031585693359375
1.3000455686532366161856089092907495796680450439453125
5.6331342579477823306888240040279924869537353515625
1.802639527185872392323062740615569055080413818359375
1.7709926592739348993887915639788843691349029541015625
0.0845906134013210131428195381886325776576995849609375
0.7580956057374041989760371507145464420318603515625
0.006520325353308826198117653660801806836389005184173583984375
2.798223264182138958489076685509644448757171630859375
0.1466604602575652116502880062398617155849933624267578125
4.48928752464011981970770648331381380558013916015625
5.07995843223730414450756143196485936641693115234375
2.718674346315689493991385461413301527500152587890625
1.6873638530665215906623188857338391244411468505859375
3.4799521850837180636517587117850780487060546875
3.1256058505193120566900688572786748409271240234375
3.16927604420288933084748350665904581546783447265625
3.791117013748595443445310593233443796634674072265625
0.2122393677464657069098308284083032049238681793212890625
3.369993012734406878649906502687372267246246337890625
5.1263815627155988607910330756567418575286865234375
2.664966106171123616519480492570437490940093994140625
5.39607459491319385591623358777724206447601318359375
5.217578073400300553430497529916465282440185546875
4.75787906729985632381385585176758468151092529296875
3.868581583492133102453180981683544814586639404296875
5.7056390614205039213402415043674409389495849609375
0.6812745941373534730445271634380333125591278076171875
3.10470296311287174972903812886215746402740478515625
3.749364360416972630218879203312098979949951171875
2.70676952568589879177807233645580708980560302734375
2.3640163838680852137485999264754354953765869140625
5.0174363271829971466786446399055421352386474609375
2.112085269113622043590794419287703931331634521484375
5.4657046414769840936287437216378748416900634765625
0.929722421949862987133883507340215146541595458984375
2.65347660798375617474675891571678221225738525390625
3.910192769719750049972617489402182400226593017578125
6.26617495964541948438863983028568327426910400390625
3.677478459066446436764863392454572021961212158203125
1.9256387767779148401103839205461554229259490966796875
1.4216647101077410919600652050576172769069671630859375
3.92822945828801639578387039364315569400787353515625
3.489220643008775990523417931399308145046234130859375
4.47157775730064255270690409815870225429534912109375
1.051216963745804644503323288518004119396209716796875
1.5471846114361966773032008859445340931415557861328125
0.4880222499494915044948584181838668882846832275390625
3.287181445230569654114560762536711990833282470703125
5.51111133647449324968192740925587713718414306640625
1.7990005038369785150820234775892458856105804443359375
0.495416385048463581153299628567765466868877410888671875
3.75233698654534197913790194434113800525665283203125
6.21884301471768452529431669972836971282958984375
0.96700939496242721560292920912615954875946044921875
0.99537675548129567193456068707746453583240509033203125
0.24513078166410828817589617756311781704425811767578125
0.334112343068286909986142063644365407526493072509765625
0.33882206973564910068574818069464527070522308349609375
0.825846717146153874722358523285947740077972412109375
0.0975222676515217212767083765356801450252532958984375
0.5410218590595861076764094832469709217548370361328125
0.375098304066387167043927775011979974806308746337890625
0.2405945869351711896566570203503943048417568206787109375
0.956084203420246137028470911900512874126434326171875
0.264764159109799279701036311962525360286235809326171875
0.91624815245915580685931445259484462440013885498046875
0.6410633235429707976749114095582626760005950927734375
0.780466958312535208364124628133140504360198974609375
0.6022400407131016653039523589541204273700714111328125
0.7171158467964808824746114623849280178546905517578125
0.14390446997429451325700711095123551785945892333984375
0.3232597868532220974913116151583380997180938720703125
0.767552308164328511708163205184973776340484619140625
0.04970600598012377135948014483801671303808689117431640625
0.625641878054310485168798550148494541645050048828125
0.60377039974730950522285866099991835653781890869140625
0.88500760024646651924484785922686569392681121826171875
0.85743532183460668960606199107132852077484130859375
0.78096228268973633124261368720908649265766143798828125
0.33089999916539525326442117147962562739849090576171875
0.7193502745215549776247598856571130454540252685546875
0.019934533173187884980137596357963047921657562255859375
0.127150439250818647618501699980697594583034515380859375
0.1457014745779807995962329414396663196384906768798828125
0.7886157221107816805982793084695003926753997802734375
0.3270072756926563073420766158960759639739990234375
0.82506395030071211227351568595622666180133819580078125
0.41053700512765767260958682527416385710239410400390625
0.312348919134749547499296795649570412933826446533203125
0.1860152828442004080411464883582084439694881439208984375
0.60747128520508819615741913366946391761302947998046875
0.10465453337163409253118828701190068386495113372802734375
0.7686543859395451594451742494129575788974761962890625
0.618081071701869877443868972477503120899200439453125
0.7756093799954324463641341935726813971996307373046875
0.5953431099631558698348499092389829456806182861328125
0.196129221560493671727698483664426021277904510498046875
0.85537325211585180095852365411701612174510955810546875
0.415679134156405505340359241017722524702548980712890625
0.052670140775232639207548146487170015461742877960205078125
0.8638920485339556254444914884516038000583648681640625
0.136815047886602147997336942353285849094390869140625
0.0299444790137673166885434739015181548893451690673828125
0.281572255902724444265317060853703878819942474365234375
0.007595064122041251565564667913577068247832357883453369140625
0.28028419487191558179262074190774001181125640869140625
0.257373221338434710059317467312212102115154266357421875
0.10754523384736162927577396430933731608092784881591796875
0.347028582984129252420046896077110432088375091552734375
0.57564427544160012839569162679254077374935150146484375
0.674607376416496595794569657300598919391632080078125
0.61759761749654895623962147510610520839691162109375
0.78626502807543852124894101507379673421382904052734375
0.1940162587883026701351951714968890883028507232666015625
0.474045595840572209223040545111871324479579925537109375
0.4062390180333699252201995477662421762943267822265625
0.62636381649708550156674391473643481731414794921875
0.02689364181221166882895801109043532051146030426025390625
0.0904061189342318660688846421180642209947109222412109375
0.99860169365936968244312765818904154002666473388671875
0.776053437393183553894004944595508277416229248046875
0.7130675323834025913782852512667886912822723388671875
0.6638246163091736651296059790183790028095245361328125
0.0594542655439368739056504864493035711348056793212890625
0.54623907131433446782153851017937995493412017822265625
0.133491162272864560822682733487454243004322052001953125
0.80608592639029297277630803364445455372333526611328125
0.09158304524216011321957608970478759147226810455322265625
0.2240596484504917829116976690784213133156299591064453125
0.79429511669757546510339807355194352567195892333984375
0.53228570405965935918857212527655065059661865234375
0.036042888199930490922273662590669118799269199371337890625
0.74358820065091746354113411143771372735500335693359375
0.81495781606759776227733027553767897188663482666015625
0.371402428658400840522091357343015260994434356689453125
0.9319955026414223908659550943411886692047119140625
0.09244539732693014821851562601295881904661655426025390625
0.1808825238518801115095158138501574285328388214111328125
0.4656758003242666976717600846313871443271636962890625
0.767123213395068059838877161382697522640228271484375
0.8754353313126765900875625447952188551425933837890625
0.2327613189037709140460918888493324629962444305419921875
0.65170315497168485041612484565121121704578399658203125
0.273872211237378537784792342790751717984676361083984375
0.60994366817639378286486362412688322365283966064453125
0.57386804771324062546256072891992516815662384033203125
0.268701462200238105904048779848380945622920989990234375
0.300878892792798058319903020674246363341808319091796875
0.67284746685663587850712019644561223685741424560546875
0.846283981970643583991886771400459110736846923828125
0.9293962181217019224988007408683188259601593017578125
0.1917057606352985665854049557310645468533039093017578125
0.42334251823990720620116690042777918279170989990234375
0.77811162955039725463990407661185599863529205322265625
0.6129250743486569508178263276931829750537872314453125
0.900933189737113782058486322057433426380157470703125
0.44584921768207530501371138598187826573848724365234375
0.1698816624329805569093565509319887496531009674072265625
0.458038872321154422184719123833929188549518585205078125
0.973315175610275584716646335436962544918060302734375
0.51192120160531306982676369443652220070362091064453125
0.2102119127336013748585941129931597970426082611083984375
0.1570941592366873196251475519602536223828792572021484375
0.79291232619104545786825610775849781930446624755859375
0.62692751392113399422356678769574500620365142822265625
0.87419152114269860209816442875307984650135040283203125
0.417475791376771321328220665236585773527622222900390625
0.57816534749146797356189608763088472187519073486328125
0.4384855657995145872263265118817798793315887451171875
0.72983662771519119960572652416885830461978912353515625
0.90151181905600796806510288661229424178600311279296875
0.539771045343843791641802454250864684581756591796875
0.764464325627528307194324952433817088603973388671875
0.4449134084605208538931719886022619903087615966796875
0.1534065814471834154897322832766803912818431854248046875
0.290485737980569591609736335158231668174266815185546875
0.96541180692865136148128613058361224830150604248046875
0.445950446392386401495144809814519248902797698974609375
0.01178845577490909846130051619184087030589580535888671875
0.95244759179300053641981094187940470874309539794921875
0.87805907981379849314151897488045506179332733154296875
0.1950397017388789400182957933793659321963787078857421875
0.89253639378237370483049062386271543800830841064453125
0.1363531798759257396280730745274922810494899749755859375
0.12948202534088959492208914525690488517284393310546875
0.382432599730059774589818744061631150543689727783203125
0.496959624112099207504655851153074763715267181396484375
0.378354880203658205939376557580544613301753997802734375
0.6318563528507279425383558191242627799510955810546875
0.483927147222648901259134390784311108291149139404296875
0.2414968718036528960713127389681176282465457916259765625
0.450590716884746556036844822301645763218402862548828125
0.27511053591738943158162555846502073109149932861328125
0.32941464443198154032899083176744170486927032470703125
0.1354039349292423255466388809509226121008396148681640625
0.92561496185400293779110825198586098849773406982421875
0.10850134822935859901793520521096070297062397003173828125
0.30899788500228797527569213343667797744274139404296875
0.89385971235756744857070543730515055358409881591796875
0.332059701593620582027455157003714703023433685302734375
0.31154087200366931131867431759019382297992706298828125
0.054335581164032024925614194899026188068091869354248046875
0.636695945931922580030004610307514667510986328125
0.06992444538973478784793513796103070490062236785888671875
0.25595874956620801032869394475710578262805938720703125
0.053815232149239271286500496671578730456531047821044921875
0.32826447734994090854598880468984134495258331298828125
0.7043643005678263957491935798316262662410736083984375
0.4009471118454575044864895971841178834438323974609375
0.89027400542529022686721873469650745391845703125
0.31564118075912872551924692743341438472270965576171875
0.54981406105207930590239584489609114825725555419921875
0.93654363040651367189326492734835483133792877197265625
0.425180271465880943448922835159464739263057708740234375
0.30416301046691973652968954411335289478302001953125
0.8537450799968768766490256894030608236789703369140625
0.471732273917520539274761404158198274672031402587890625
0.4242043785863576221828452617046423256397247314453125
0.340771122528599146317418444596114568412303924560546875
0.37698051816643241007653841734281741082668304443359375
0.047980416122814832646792382320199976675212383270263671875
0.09418549346466804916833126526398700661957263946533203125
0.93520169981531875436076006735675036907196044921875
0.97961990720574743107817994314245879650115966796875
0.832328739032302422629072680138051509857177734375
0.8724998584354761721471049895626492798328399658203125
0.6857828785133468496582054285681806504726409912109375
0.5721124487799185143188651636592112481594085693359375
0.281125865076261527431000786236836574971675872802734375
0.452729850752619011888810973687213845551013946533203125
0.75453269283963952940297303939587436616420745849609375
0.2009927580137703395646298076826496981084346771240234375
0.2145555909790823057026187825613305903971195220947265625
0.33469318614094201169706366272293962538242340087890625
0.11932596011055911222609182686937856487929821014404296875
0.152056585602488636421725232139579020440578460693359375
0.1424694541573847950122200245459680445492267608642578125
0.54355126970612965831008978057070635259151458740234375
0.0447918730996511305075813424991792999207973480224609375
0.413819965167818548668066114260000176727771759033203125
0.393065088145930829899299396856804378330707550048828125
0.025090530992062078097237787233098060823976993560791015625
0.70863374215952756873804219139856286346912384033203125
0.70117447511347685829008469227119348943233489990234375
0.59449570001777995997827019891701638698577880859375
0.57504848277897036012973330798558890819549560546875
