              -3390.1573934104
         -0.000111411       0.000004524       0.000005124
          0.000004524      -0.000089434      -0.000000597
          0.000005124      -0.000000597      -0.000094015
          64
  1     6      -0.002576823      -0.001513300       0.000405192  C
  1     6       0.000343415       0.022870132      -0.014947859  C
  2    40      -0.022082416       0.024573722      -0.009389628  Zr
  1     6       0.056877320      -0.026563800       0.017504194  C
  2    40      -0.035656564      -0.001318007      -0.025941693  Zr
  2    40      -0.001758912      -0.003677054       0.016510772  Zr
  1     6      -0.008219803       0.029345986       0.007247959  C
  2    40       0.091863378      -0.071800289       0.015822184  Zr
  1     6       0.078068974      -0.028274333       0.002840771  C
  1     6      -0.002510962       0.004057502      -0.010113501  C
  2    40      -0.001289096       0.016598966      -0.024380186  Zr
  1     6      -0.007919369      -0.002763459      -0.006838868  C
  2    40       0.015963644       0.009821982      -0.002910403  Zr
  2    40       0.006005433       0.004467731       0.010194815  Zr
  1     6       0.016981577      -0.012254111       0.001137763  C
  2    40      -0.018439425       0.012137410      -0.012526710  Zr
  2    40       0.003583555      -0.008314121      -0.015870634  Zr
  1     6       0.002608986       0.029224259      -0.003244499  C
  2    40       0.040988894      -0.050705139       0.085034737  Zr
  1     6      -0.045619691      -0.034040432       0.035420719  C
  1     6       0.000454851       0.015040543      -0.003414889  C
  2    40       0.005216683       0.034098894      -0.028743552  Zr
  1     6      -0.016019554      -0.049072445       0.098089397  C
  2    40      -0.063645828       0.004420679       0.024928762  Zr
  2    40       0.006021650      -0.016004324       0.006384716  Zr
  1     6       0.001223777       0.003700321      -0.003053234  C
  2    40      -0.001757317      -0.002228520      -0.035524808  Zr
  1     6      -0.006210187       0.003809607      -0.014421427  C
  1     6      -0.009573680       0.003001917      -0.003890424  C
  2    40      -0.017768125      -0.003382443      -0.009400728  Zr
  1     6       0.008353565       0.004853323      -0.031196583  C
  2    40       0.025790090       0.009207320      -0.013934411  Zr
  1     6      -0.007394573      -0.003618795      -0.001443384  C
  2    40      -0.013221500      -0.002193022       0.006294077  Zr
  1     6      -0.011731492       0.010755056      -0.000634031  C
  2    40       0.016914925       0.007641314      -0.002300612  Zr
  2    40       0.015943629       0.002164299       0.009400491  Zr
  1     6       0.006276871       0.000477292       0.004321674  C
  2    40       0.021831844       0.009427199      -0.012563359  Zr
  1     6      -0.004784452       0.002844353      -0.002208253  C
  1     6       0.002879456      -0.006437489      -0.002821907  C
  2    40      -0.014483748       0.003922231      -0.006298735  Zr
  1     6       0.011299063       0.005047472      -0.001154905  C
  2    40       0.010295334       0.005742330      -0.024655456  Zr
  2    40       0.016972521       0.003613368      -0.002650066  Zr
  1     6       0.020637524      -0.008301213      -0.004105523  C
  2    40      -0.017124823      -0.001003120      -0.003091870  Zr
  1     6      -0.005869859      -0.000024493       0.004141116  C
  2    40       0.016777039       0.004576585       0.008882112  Zr
  1     6      -0.004613406      -0.000030511       0.004266223  C
  2    40      -0.025835725      -0.001735116      -0.001371159  Zr
  1     6       0.006171674       0.005332577       0.000688984  C
  1     6       0.001982045      -0.005760670      -0.004642564  C
  2    40      -0.033378437       0.023621925      -0.004674870  Zr
  1     6      -0.027979567       0.006279656      -0.006435559  C
  2    40      -0.025856417       0.004500895       0.005446470  Zr
  2    40       0.004185106       0.011522340       0.008326357  Zr
  1     6      -0.013520905      -0.010840767       0.006208124  C
  2    40      -0.002923355       0.014771535      -0.008913505  Zr
  1     6      -0.017173366      -0.003489834      -0.002953584  C
  1     6      -0.010655899      -0.007461107       0.000504753  C
  2    40      -0.015565732       0.017390253      -0.003489749  Zr
  1     6       0.005657268      -0.009838076      -0.000901235  C
  2    40      -0.008427647      -0.000104890      -0.011278679  Zr
