476592803
4.73904618556748769009345778613351285457611083984375
4.1439036874622079409391517401672899723052978515625
0.94435156469676062584994724602438509464263916015625
5.13352627320806131905328584252856671810150146484375
4.8238697101560514823859193711541593074798583984375
5.926000263605619267082147416658699512481689453125
1.213158021725540880453309000586159527301788330078125
0.9367536012219421781566097706672735512256622314453125
1.914228908147384000670854220516048371791839599609375
2.47900405623120168030482091126032173633575439453125
4.29058211235377484626951627433300018310546875
1.0223331999092291066943971600267104804515838623046875
2.47495137524065800249672975041903555393218994140625
6.22379267807625158326345626846887171268463134765625
4.24075029497800937150486788596026599407196044921875
4.14844630264300295863222345360554754734039306640625
5.3654287901388766357513304683379828929901123046875
5.348754133892374085235132952220737934112548828125
5.51809890908449407476155101903714239597320556640625
3.53751084901699730522750542149879038333892822265625
3.728051408295682822569006020785309374332427978515625
4.458988463634550925007715704850852489471435546875
0.32329375956675132641748859896324574947357177734375
0.94768915962729816104825886213802732527256011962890625
3.9072314519481263772604506812058389186859130859375
3.1935031349877789352831314317882061004638671875
5.05975732126219401862954327953048050403594970703125
5.2064585559724374519419143325649201869964599609375
1.0620687174261285168341828466509468853473663330078125
1.1727288089367762236037151524215005338191986083984375
2.352688444501609854597745652426965534687042236328125
1.7162448900237989857231468704412691295146942138671875
1.047154495833316989461536650196649134159088134765625
1.4615269836244506596045766855240799486637115478515625
4.9809088280907705126310247578658163547515869140625
4.3408514212325197689779088250361382961273193359375
1.8961783452640634806130037759430706501007080078125
1.083799060556003723831963725388050079345703125
1.629211346797727610891115546110086143016815185546875
4.4569947725449505782080450444482266902923583984375
5.45818143896763796618643027613870799541473388671875
1.167885757196081453201941258157603442668914794921875
5.58314894242973647209282717085443437099456787109375
5.48627685088101113564107436104677617549896240234375
5.2382249442913693115997375571168959140777587890625
5.6648513722600029041132074780762195587158203125
5.69699547139756479197103544720448553562164306640625
2.7426600175817927862453871057368814945220947265625
1.8797246832741369981789603116340003907680511474609375
0.74303277214869301037225568506983108818531036376953125
2.920039533847690993439982776180841028690338134765625
3.003223141899687309575028848485089838504791259765625
1.317353475322447398099257043213583528995513916015625
0.7525046810167330679774977397755719721317291259765625
6.11851042556482926926264553912915289402008056640625
2.199822317940192561991352704353630542755126953125
0.2936267581685749750164404758834280073642730712890625
3.245074715984789026634871333953924477100372314453125
3.45886708537895604109735359088517725467681884765625
6.23880806045417557470500469207763671875
2.82398662375775000299427119898609817028045654296875
3.721634812611632536771821833099238574504852294921875
0.435199789146305693332550390550750307738780975341796875
2.69876146238619707418138204957358539104461669921875
4.38529653139966857366971453302539885044097900390625
2.89237268085951360063745596562512218952178955078125
2.2424931249902666507978210574947297573089599609375
5.83836864435911451209904043935239315032958984375
3.699432725214891082288204415817745029926300048828125
0.2232261195070528170258938871484133414924144744873046875
5.51718747893753036493080799118615686893463134765625
2.5450791065346773933697477332316339015960693359375
5.7907565125835187558323013945482671260833740234375
5.40440463477857946372751030139625072479248046875
1.95513478353359371197939253761433064937591552734375
5.3803450247069637413233067491091787815093994140625
4.6973162250210958035268049570731818675994873046875
0.73373290244665845261096137619460932910442352294921875
2.9999040645861843046304784365929663181304931640625
1.16425518658784366010650046519003808498382568359375
0.591103296441909176195395048125647008419036865234375
2.12416605830737648119566074456088244915008544921875
3.6690383902065573096251682727597653865814208984375
0.11025772174488997212637997336059925146400928497314453125
1.987037422190665036936252363375388085842132568359375
4.62004366034949498498463071882724761962890625
2.756532281625024172200255634379573166370391845703125
0.748668532382627205379321821965277194976806640625
0.38890598355196648316933760725078172981739044189453125
5.23054178924518087256956277997232973575592041015625
5.22991526239396176123364057275466620922088623046875
0.83997687437690349288033075936255045235157012939453125
0.86331074834490351133098329228232614696025848388671875
2.4933768957307851366067552589811384677886962890625
5.00620414165641758330593802384100854396820068359375
4.9652301089169412762203137390315532684326171875
1.4310746497659854181705441078520379960536956787109375
2.14771855953050216925248605548404157161712646484375
2.485560264039134548141873892745934426784515380859375
6.18539885246815401842468418180942535400390625
2.591460122527335041553442351869307458400726318359375
5.69363728735799412561391363851726055145263671875
5.40419467385014939964094082824885845184326171875
1.3289105954350655114382107058190740644931793212890625
0.0290083839759915050604544006773721775971353054046630859375
1.8539561215618396428084224680787883698940277099609375
4.60396859570655436755259870551526546478271484375
2.619784527933336715221912527340464293956756591796875
4.267642775688141654200080665759742259979248046875
3.04730885698254549964758552960120141506195068359375
2.487608205982750231299860388389788568019866943359375
2.304783752517048700525492677115835249423980712890625
2.535564527272130330715071977465413510799407958984375
2.735610592795441942115530764567665755748748779296875
0.427293290397106562128470841344096697866916656494140625
3.2105371746152275846952761639840900897979736328125
0.87689604930373599156467889770283363759517669677734375
2.083560517076800788771606676164083182811737060546875
2.780109678788006188909776028594933450222015380859375
5.79100607763016483886531204916536808013916015625
3.688738197192111822886317895608954131603240966796875
1.78485640913395027240540002821944653987884521484375
4.05570989805658310700664515024982392787933349609375
1.193615534024287772041361677111126482486724853515625
3.234617060731408866303127069841139018535614013671875
5.030828988163445814052465721033513545989990234375
5.970278053980482724227840662933886051177978515625
3.357722822462894551875933757401071488857269287109375
5.50492975272804496711387400864623486995697021484375
0.960596766712205063498686286038719117641448974609375
2.44797225759609471396061053383164107799530029296875
2.66779115897542862256841544876806437969207763671875
0.50893780037481761713280548065085895359516143798828125
3.32277373005371590153345096041448414325714111328125
1.8806374885640948502185665347496978938579559326171875
6.098165541926821475726683274842798709869384765625
4.1923714068758837214545565075241029262542724609375
1.2957118728032004373318386569735594093799591064453125
6.0044775881280596507849622867070138454437255859375
4.0050633728255178311883355490863323211669921875
0.447066494908484823866956503479741513729095458984375
2.394949312647789430030798030202277004718780517578125
3.8051345016694568812454235740005970001220703125
2.356816524289908176825747432303614914417266845703125
5.562820253294855632475446327589452266693115234375
2.675916694596816025608632116927765309810638427734375
1.205361932329545471276333046262152493000030517578125
5.0524755177907803016523757833056151866912841796875
3.8118742296244736422750065685249865055084228515625
5.00334721186718667240711511112749576568603515625
4.9226584555283761091004635090939700603485107421875
4.97870210101893828635866157128475606441497802734375
0.13497879900310738587876357996719889342784881591796875
4.79674056148505290053662974969483911991119384765625
2.48055608064962651582163744024001061916351318359375
2.812180430138961018116106060915626585483551025390625
5.271325692373697080483907484449446201324462890625
3.06178182444707847054132798803038895130157470703125
4.67661658082327047480930559686385095119476318359375
5.8201538455148185136067695566453039646148681640625
2.452826339739099470449446016573347151279449462890625
5.6838587391574026952412168611772358417510986328125
1.27340779075804189091059015481732785701751708984375
5.37248800477300836320182497729547321796417236328125
0.262027601866842319022765650515793822705745697021484375
4.49460843564524648030555908917449414730072021484375
2.62779206165669432238018998759798705577850341796875
1.7333453139478043336652035577571950852870941162109375
3.18135390463465039800894373911432921886444091796875
2.619041944865131199549068696796894073486328125
2.765519203891753985402601756504736840724945068359375
2.30634726084238739218790215090848505496978759765625
4.35516682071667826647853871691040694713592529296875
4.54693448738276639886635166476480662822723388671875
4.5035421311006160749457194469869136810302734375
0.42166432688056409983090588866616599261760711669921875
0.013602967157545671483820370895045925863087177276611328125
4.3313714399825240519703584141097962856292724609375
4.2754867200603126065061587723903357982635498046875
0.08910747537226597347892464995311456732451915740966796875
1.2301387526182174791955503678764216601848602294921875
3.439015076396537029523869932745583355426788330078125
1.4906558418300244195364712140872143208980560302734375
0.337516374934712704014572182131814770400524139404296875
5.41926096285136082997269113548099994659423828125
4.05073443174895064800011823535896837711334228515625
2.10459539772977155536182181094773113727569580078125
3.655254463008564602688466038671322166919708251953125
5.4420254749549688000342939631082117557525634765625
2.9251750141347248046486129169352352619171142578125
6.00290668036307994981370939058251678943634033203125
4.335565473969463567982529639266431331634521484375
0.298673504636936593126250727436854504048824310302734375
0.422101661759475998980661870518815703690052032470703125
0.55846422703865183922999904098105616867542266845703125
0.558779604527531059687817105441354215145111083984375
0.9250310673029307206860494261491112411022186279296875
0.06369462705389346279805096173731726594269275665283203125
0.54528922613025143650844484000117518007755279541015625
0.364411507902858533558543285835185088217258453369140625
0.76309617784018446418059511415776796638965606689453125
0.1521490170397558350234845647719339467585086822509765625
0.259910224592271366095275197949376888573169708251953125
0.5239110638033184219608529019751586019992828369140625
0.498062293742812356445170962615520693361759185791015625
0.98745945281696478890154367036302573978900909423828125
0.55526100963133429022633436034084297716617584228515625
0.42917899900543454716483893207623623311519622802734375
0.319768491815667854627491806240868754684925079345703125
0.00423273397806693540967870603708433918654918670654296875
0.6683067431060163432476883826893754303455352783203125
0.64597542846853628351055931489099748432636260986328125
0.506164574300015601693303324282169342041015625
0.786417906538777966574116362608037889003753662109375
0.85875902225205624773707313579507172107696533203125
0.356112793253787252023556675339932553470134735107421875
0.54537516438652533512509990032413043081760406494140625
0.30472255232963829651993137304089032113552093505859375
0.67097119319763554035063179981079883873462677001953125
0.1991861347105289559156204859391436912119388580322265625
0.8191809862941414888126701043802313506603240966796875
0.8439698591101774116651768053998239338397979736328125
0.84689132303320402428425950347445905208587646484375
0.228376510193746773413892015014425851404666900634765625
0.1244295184148613009345041291453526355326175689697265625
0.044892533237530167500306532701870310120284557342529296875
0.79562158314307296347323017471353523433208465576171875
0.3860740719298245693380522425286471843719482421875
0.4005380172284962458917334515717811882495880126953125
0.353239956942033028752803147654049098491668701171875
0.323321392444577693225937764509581029415130615234375
0.881152239572793316568777299835346639156341552734375
0.217614560023701997248934958406607620418071746826171875
0.67398194627556107239030325217754580080509185791015625
0.01450840710406583154712389926999094313941895961761474609375
0.05761923969612421647656930190350976772606372833251953125
0.059813668047922506632030348328044055961072444915771484375
0.2081313893236831635835670795131591148674488067626953125
0.17473795645625234129738601041026413440704345703125
0.0733648054643370184368933450969052501022815704345703125
0.66911714368924368745439323902246542274951934814453125
0.0919037368576525459662462935739313252270221710205078125
0.80912530040793362307027791757718659937381744384765625
0.7665248833440825304563759345910511910915374755859375
0.650469786790418336153152267797850072383880615234375
0.468960357116982529124271650289301760494709014892578125
0.82911759001627449716664841616875492036342620849609375
0.8424877365317604560601694174692966043949127197265625
0.5359873876608849396774303386337123811244964599609375
0.93531790326131414303745259530842304229736328125
0.38963776286208895438534227650961838662624359130859375
0.384185188163158108931583001321996562182903289794921875
0.89452624176373995990019238888635300099849700927734375
0.356156421991138005811450284454622305929660797119140625
0.02882447653860993608265772536469739861786365509033203125
0.368431673091105971185044154481147415935993194580078125
0.5477785661573422171244374112575314939022064208984375
0.1626803465945088900124204656094661913812160491943359375
0.93831321873623563245558898415765725076198577880859375
0.56656718373604453287128990268683992326259613037109375
0.04897006975904576175917526370540144853293895721435546875
0.56257418476164999798783128426293842494487762451171875
0.385640136611480333073131987475790083408355712890625
0.92481981028095805452693412007647566497325897216796875
0.921531603169409407882994855754077434539794921875
0.472123319037316024893158328268327750265598297119140625
0.85307485603404920038173031571204774081707000732421875
0.76062079694150985798017927663750015199184417724609375
0.4486250846873154340954670260543935000896453857421875
0.81686529508645888686402258827001787722110748291015625
0.5462984459224615729766583172022365033626556396484375
0.175391181453778965959600100177340209484100341796875
0.6456323781263233474447815751773305237293243408203125
0.45098087771375705568033254166948609054088592529296875
0.2672767584525406192597074550576508045196533203125
0.1727286019235516889569481691069086082279682159423828125
0.053075601837167328544975219983825809322297573089599609375
0.1943344879869066677002820142661221325397491455078125
0.1403647070472895663773016394770820625126361846923828125
0.36034326272101291355198782184743322432041168212890625
0.97929201134447563248386359191499650478363037109375
0.37306567531687473415757949624094180762767791748046875
0.688775088958803127781038710963912308216094970703125
0.5799679637793302422466013013035990297794342041015625
0.25046369025970982580275858708773739635944366455078125
0.61484973440638268638025465406826697289943695068359375
0.58213022657769275536310260577010922133922576904296875
0.8908391477963137905504709124215878546237945556640625
0.128312444374110767864038962216000072658061981201171875
0.81170820156657519373055720279808156192302703857421875
0.35936808695987243478242589844739995896816253662109375
0.71183603103823778202041694385115988552570343017578125
0.71973958970966733783569679872016422450542449951171875
0.85115942771134867061988416025997139513492584228515625
0.0253248168273478811707288826937656267546117305755615234375
0.92200060650799453565440444435807876288890838623046875
0.043969271725029346331581336926319636404514312744140625
0.836983694619025886396457281080074608325958251953125
0.428752753617592519130852224407135508954524993896484375
0.87014453386428980419253775835386477410793304443359375
0.81378491679848397044594321414479054510593414306640625
0.47597858005947368820187648452701978385448455810546875
0.275235184130834031890344704152084887027740478515625
0.6236777476145316523314932055654935538768768310546875
0.7086377529001970376754115932271815836429595947265625
0.79913683133159618687813008364173583686351776123046875
0.419822751739911126378501649014651775360107421875
0.480449528657109270479708129641949199140071868896484375
0.4171433809293170202892042652820236980915069580078125
0.9996666377408740533638820124906487762928009033203125
0.54311164633515829347487624545465223491191864013671875
0.447085025928488477564570757749606855213642120361328125
0.2167335251424152009480650349360075779259204864501953125
0.319825278744020169430228861529030837118625640869140625
0.70102037848020926080749859465868212282657623291015625
0.3247027221716487499492131973966024816036224365234375
0.67496408087898240868440780104720033705234527587890625
0.9107204381892086697547483709058724343776702880859375
0.1674990296212486018401222054308163933455944061279296875
0.3537468930490998975102456824970431625843048095703125
0.96978413451918588084055272702244110405445098876953125
0.94414262238151513972894690596149303019046783447265625
0.663856585819207367649141815491020679473876953125
0.52916922724301429514781602847506292164325714111328125
0.75620110647575977669276880988036282360553741455078125
0.52346816497085069119776790103060193359851837158203125
0.45050310830143425189220351967378519475460052490234375
0.88639367133676716381529558930196799337863922119140625
0.254621910981192189904476208539563231170177459716796875
0.31272291173819588561144655614043585956096649169921875
0.39618876222343590853824935038574039936065673828125
0.4704475842744333391465261229313910007476806640625
0.438106936140967018200598204202833585441112518310546875
0.0213521071809120964457573421668712398968636989593505859375
0.91556620780172115470207927501178346574306488037109375
0.481742747818000027759666181736974976956844329833984375
0.52798272414504676675051086931489408016204833984375
0.2749572271830202918607710671494714915752410888671875
0.85047752030681700308178960767691023647785186767578125
0.27283927671277863336030122809461317956447601318359375
0.33296231894426153719024341626209206879138946533203125
0.90599137959349496096450593540794216096401214599609375
0.76686063211730715050151729883509688079357147216796875
0.450702060223883982370551848362083546817302703857421875
0.99860400007972682789869622865808196365833282470703125
0.97712483302556207842570756838540546596050262451171875
0.400850605406263216234918900227057747542858123779296875
0.465945604939919710840712241406436078250408172607421875
0.82874043929797613916576892734155990183353424072265625
0.444563506843784594924073871879954822361469268798828125
0.8623967128165050954891057699569500982761383056640625
0.62965698802362057850956489346572197973728179931640625
0.352191624395638502864613883502897806465625762939453125
0.5822187469258059966392693240777589380741119384765625
0.7087406696326754573789230562397278845310211181640625
0.80934777148503245225441560251056216657161712646484375
0.65136546485655266724990042348508723080158233642578125
0.82516841535697149634387415062519721686840057373046875
0.5077242006118056760755052891909144818782806396484375
0.439708639606697759827369509366690181195735931396484375
0.039295446611612779019839791772028547711670398712158203125
0.90112096252903384208110537656466476619243621826171875
0.86440588946659391300642027999856509268283843994140625
0.279103593565106222751381892521749250590801239013671875
0.85436428005544673425220025819726288318634033203125
0.43745297446728359513912209877162240445613861083984375
0.6499733550706754403591958180186338722705841064453125
0.107140428902181061854292920543230138719081878662109375
0.97172417723188375671128369504003785550594329833984375
0.204834124168769504681364423959166742861270904541015625
0.54441719900091045669654477023868821561336517333984375
0.72216783451017352302159224564093165099620819091796875
0.72952104580100674002807181750540621578693389892578125
0.61400876036566154336782119571580551564693450927734375
0.82320672451667797897556511088623665273189544677734375
0.74357344617302223443999764640466310083866119384765625
0.470550872138957909651679756279918365180492401123046875
0.302648223146166739372375786842894740402698516845703125
0.01176097570534840978939694622340539353899657726287841796875
0.0281030889731380580098818455780929070897400379180908203125
0.305418916654502492491474185953848063945770263671875
0.5828862477014242760020579225965775549411773681640625
0.53266602546566443887599007211974821984767913818359375
0.9575572516571531078710677320486865937709808349609375
