              -3390.1944353446
         -0.000101888      -0.000006843      -0.000016554
         -0.000006843      -0.000076121      -0.000009083
         -0.000016554      -0.000009083      -0.000107365
          64
  1     6      -0.016394896       0.016392359      -0.001132236  C
  1     6      -0.001619659       0.004468588       0.011837290  C
  2    40       0.023796260      -0.003166138      -0.009085006  Zr
  1     6      -0.017903006       0.012847307      -0.000669530  C
  2    40      -0.004350918      -0.036979884       0.015696908  Zr
  2    40      -0.035821221       0.004188125       0.003530693  Zr
  1     6      -0.041232162      -0.017842173      -0.018065128  C
  2    40       0.059398366       0.015592103       0.005237283  Zr
  1     6      -0.039430739       0.008735755       0.032716513  C
  1     6      -0.009536201       0.002626913       0.001549301  C
  2    40      -0.013354571      -0.002837715      -0.010618510  Zr
  1     6      -0.007766525       0.009550677      -0.013837970  C
  2    40      -0.002934879       0.010983964      -0.016414450  Zr
  2    40       0.008130869      -0.002319957       0.009422513  Zr
  1     6      -0.024927960       0.006183139       0.012607226  C
  2    40      -0.035128300       0.000966613      -0.002008253  Zr
  2    40      -0.025090961      -0.020766691      -0.029375290  Zr
  1     6       0.007909489      -0.031363018       0.023871939  C
  2    40       0.012062114       0.049371132       0.016374049  Zr
  1     6      -0.024630191       0.005449307      -0.006029833  C
  1     6       0.023397944      -0.002024334      -0.005238124  C
  2    40       0.009290913       0.006441123      -0.014348192  Zr
  1     6       0.047018126       0.013350756       0.015119848  C
  2    40       0.035113579       0.011969079       0.002737558  Zr
  2    40       0.009683138      -0.011035904      -0.001410236  Zr
  1     6       0.000495416       0.005140463       0.025520578  C
  2    40      -0.050645557      -0.048232812       0.012957357  Zr
  1     6      -0.026399982      -0.003515641       0.001828417  C
  1     6      -0.022975106       0.001827391      -0.002122319  C
  2    40       0.019342218      -0.001453177      -0.023494664  Zr
  1     6       0.032781741       0.006846294      -0.018203497  C
  2    40      -0.003066937       0.021918450      -0.033802100  Zr
  1     6       0.004151011       0.002029623      -0.019394471  C
  2    40      -0.012954716      -0.014134461       0.014046873  Zr
  1     6      -0.000507638       0.010101491      -0.001954105  C
  2    40       0.003701452      -0.008440025       0.003529291  Zr
  2    40      -0.010753843      -0.012380535       0.013221325  Zr
  1     6      -0.010034587       0.016904810      -0.009337639  C
  2    40       0.002307290      -0.022947001       0.016836656  Zr
  1     6      -0.007799211      -0.008575820       0.015021384  C
  1     6      -0.009251046       0.000354241      -0.006373760  C
  2    40       0.024792828       0.038547718       0.010613124  Zr
  1     6       0.006702823       0.013165303       0.013641882  C
  2    40       0.041780194       0.028002874       0.008375064  Zr
  2    40       0.005522538       0.008100130       0.008637459  Zr
  1     6      -0.024755443       0.010005650      -0.002442112  C
  2    40      -0.007240436       0.003299567      -0.023018777  Zr
  1     6      -0.021479913      -0.026208640      -0.003942649  C
  2    40      -0.001517565       0.011407003      -0.038654660  Zr
  1     6      -0.001077622      -0.012564971      -0.006063382  C
  2    40       0.019785284      -0.009944674       0.006045640  Zr
  1     6       0.011245005      -0.016632202       0.008602876  C
  1     6       0.026989069       0.003074121      -0.021978052  C
  2    40      -0.003526625       0.004928350      -0.010934147  Zr
  1     6      -0.031635744       0.007273357       0.009644267  C
  2    40       0.000872225      -0.006517877      -0.004048804  Zr
  2    40       0.015722688      -0.007767836       0.011028128  Zr
  1     6       0.021786834       0.013866524      -0.008503339  C
  2    40      -0.008925525       0.002966032      -0.025646170  Zr
  1     6       0.023191873      -0.040899116       0.014905980  C
  1     6       0.023858888       0.003008812       0.025191426  C
  2    40       0.033364036      -0.012482545       0.006482766  Zr
  1     6       0.021867738       0.004201225       0.011122708  C
  2    40      -0.020144090      -0.015271714      -0.000171819  Zr
