1777803491
4.9808006774830797525055459118448197841644287109375
5.33044070218540344541224840213544666767120361328125
4.828875690008960219756772858090698719024658203125
3.3423101846808140891198490862734615802764892578125
4.400454498551010118490012246184051036834716796875
3.8275267274546678208935190923511981964111328125
2.910260198597173886270184084423817694187164306640625
0.07179120081164734601397725555216311477124691009521484375
6.075730888591504452733715879730880260467529296875
2.187600240118438232883590899291448295116424560546875
4.69714351583861056127489064238034188747406005859375
4.2731547789043258234187305788509547710418701171875
6.048037234944132478631217963993549346923828125
3.63528361241313913154726833454333245754241943359375
3.70645900078557222201425247476436197757720947265625
4.017568955393333141046241507865488529205322265625
1.089364752865660701530714504770003259181976318359375
1.605445566747969454723943272256292402744293212890625
2.404804476793976686366249850834719836711883544921875
0.596152964880307223438649089075624942779541015625
1.2771170049163316217999408763716928660869598388671875
5.298658455834502234438332379795610904693603515625
1.108949015655557257531427239882759749889373779296875
6.197189539155314008667119196616113185882568359375
6.06458417259073012672843105974607169628143310546875
4.2134617116431680727828279486857354640960693359375
4.57754861120318157219344357145018875598907470703125
5.333205427173997037471053772605955600738525390625
4.13088941902021389296351117081940174102783203125
2.155348370731884788398247110308147966861724853515625
3.590416582043034932070213471888564527034759521484375
3.958237498074436810924225937924347817897796630859375
2.954556377852281645601806303602643311023712158203125
4.31483647485747923155940952710807323455810546875
4.22825351332535337434137545642443001270294189453125
5.881434527065408701673732139170169830322265625
3.051483829146925064179640685324557125568389892578125
3.409562421755189642880168321426026523113250732421875
3.984172039546059362891128330375067889690399169921875
5.06192744904954405882335777278058230876922607421875
5.42517113433258213461840568925254046916961669921875
1.9609279947144566680350408205413259565830230712890625
5.19563504538853226932815232430584728717803955078125
1.7787496858314042480486705244402401149272918701171875
3.69625185854975146781953299068845808506011962890625
4.5975022812886958689659877563826739788055419921875
3.823830082688506326604738205787725746631622314453125
5.68326447257564471016166862682439386844635009765625
1.5530522383338654091033959048218093812465667724609375
5.854562015187045886932537541724741458892822265625
2.342719781319237970507174395606853067874908447265625
5.00349096990090291825481472187675535678863525390625
4.06653362222652692281599229318089783191680908203125
3.271451155268644495066610033973120152950286865234375
5.45343474671492334238109833677299320697784423828125
5.53309126805770201684708808897994458675384521484375
5.04239715915922648292735175346024334430694580078125
2.031769720731596340357327790115959942340850830078125
2.221782081734775093906364418216980993747711181640625
0.71500076017899660829613139867433346807956695556640625
1.4614321631262889855662479021702893078327178955078125
0.6383317750256403133590765719418413937091827392578125
1.3018722179049875276035663773654960095882415771484375
5.78046340928141955117780526052229106426239013671875
3.75332658918273676107446590322069823741912841796875
2.353044910823907098773588586482219398021697998046875
4.52146606086924496281653773621656000614166259765625
5.20706468096813779311560210771858692169189453125
3.20321866945506616985994696733541786670684814453125
4.07233473901668485694926857831887900829315185546875
4.2455238347032970835925880237482488155364990234375
0.68570339136582225680882629603729583323001861572265625
4.53307466984654627850659380783326923847198486328125
0.6763972896327741235467101432732306420803070068359375
0.244807215734582417354658900876529514789581298828125
0.10652008894001142869090159592815325595438480377197265625
0.420715791279462514307141418612445704638957977294921875
0.708316327601502759847562629147432744503021240234375
0.7832628115669366675177798242657445371150970458984375
4.57751247127497595812428698991425335407257080078125
5.55743455549971354656690891715697944164276123046875
4.3494504712516484090656376793049275875091552734375
1.7207226569720202036251066601835191249847412109375
6.1005296965388939867125372984446585178375244140625
5.4686603826048933996162304538302123546600341796875
1.01422413967123947742265954730100929737091064453125
0.92873453970412811475654280002345331013202667236328125
0.1525493023932051050994829211049363948404788970947265625
4.4174006431344796652638251543976366519927978515625
5.9334806582061592195032062591053545475006103515625
2.2203446418377499327334589906968176364898681640625
0.08526193772993374830893031912637525238096714019775390625
0.501667311111821501157237435108982026576995849609375
4.36364844815333530192447142326273024082183837890625
0.99917269928852192606427706778049468994140625
5.821519523428431597267262986861169338226318359375
3.3053476956755201143778322148136794567108154296875
4.06913727115719314753050639410503208637237548828125
0.87792923812235501568324025356560014188289642333984375
3.6668263790746262742459293804131448268890380859375
1.4929754973999909140047748223878443241119384765625
3.494403232183766139229419422917999327182769775390625
0.0977927468570911617717911212821491062641143798828125
1.6003339437289565427846582679194398224353790283203125
4.475899126602950417463944177143275737762451171875
2.89421594593479714063732899376191198825836181640625
1.0074447461554487670554181022453121840953826904296875
3.054118904483748675460219601518474519252777099609375
3.773056151922003831344909485778771340847015380859375
2.794042179946028880976882646791636943817138671875
3.792557666213720590775437813135795295238494873046875
5.0456508089245968307068324065767228603363037109375
6.22016109512870318809518721536733210086822509765625
5.8407904116109445880056227906607091426849365234375
0.434899139000366752316750762474839575588703155517578125
0.8783093510524697666852489419397898018360137939453125
1.6222967035797639656635737992473877966403961181640625
4.3495846764303127685025174287147819995880126953125
1.7364798178132068162682344336644746363162994384765625
6.23528284042842617651558612124063074588775634765625
0.91736262209438390602400659190607257187366485595703125
0.34225211285685708251236292198882438242435455322265625
5.825791372953791125155476038344204425811767578125
3.43391942844293840408909090911038219928741455078125
4.5309530670518523010059652733616530895233154296875
1.8047057731604836394723179182619787752628326416015625
2.277152708837590910917469955165870487689971923828125
2.855045489303141170722710739937610924243927001953125
3.398774056315197800159921825979836285114288330078125
3.029033537217351135240051007713191211223602294921875
5.6370820886738197685872364672832190990447998046875
5.761547837567594143592941691167652606964111328125
1.996870171506056390597905192407779395580291748046875
2.69628294269043866648871698998846113681793212890625
3.49468053123133959303459050715900957584381103515625
3.6625436366612564853539879550226032733917236328125
5.494693966556251751853778841905295848846435546875
0.053665221575555636934762304690593737177550792694091796875
1.1179814639328828906883472882327623665332794189453125
2.069776958534163657787985357572324573993682861328125
3.432360955481625008900437023839913308620452880859375
1.406074658398635879308358198613859713077545166015625
4.44165401377972823837581017869524657726287841796875
1.64045686828550874025722805527038872241973876953125
0.3905854427641897164136253195465542376041412353515625
5.39091596541048989621458531473763287067413330078125
2.293647990846844120227387975319288671016693115234375
0.72067572076575625583672035645577125251293182373046875
2.414040411124318108448960629175417125225067138671875
1.74068285459799998449170743697322905063629150390625
6.06533914364922299711224695784039795398712158203125
4.03757879568138111636699250084348022937774658203125
3.124836937851533935628367544268257915973663330078125
4.03096254386384345025362563319504261016845703125
1.295643364349594595097414639894850552082061767578125
3.608567629843315582860441281809471547603607177734375
3.692036934092654210104456069529987871646881103515625
4.15433268415043510657369552063755691051483154296875
2.992577133017892521138492156751453876495361328125
3.407748412115635172625616178265772759914398193359375
4.18109465501296728717761652660556137561798095703125
3.12764480722009086122170629096217453479766845703125
1.101572274652535821104493152233771979808807373046875
4.48207551113854751889675753773190081119537353515625
0.9820938885162053821886729565449059009552001953125
3.14114832813251165788415164570324122905731201171875
5.3427995540699679821727841044776141643524169921875
6.04109553944506583178508662967942655086517333984375
4.986785838144992766274299356155097484588623046875
0.144084287854245263194030712838866747915744781494140625
3.60642698278107953768767401925288140773773193359375
4.727248219399971418397399247623980045318603515625
2.48410890301367626165074398159049451351165771484375
2.865784258894443770060433962498791515827178955078125
2.1099998530605130753201592597179114818572998046875
2.57666330888781391905695272726006805896759033203125
2.5058264485362027329529155394993722438812255859375
0.19946655393329126848556143158930353820323944091796875
3.2694433411679160172980118659324944019317626953125
0.839826108965592510458009201101958751678466796875
4.621115127882550410731710144318640232086181640625
5.0157849618495493615455416147597134113311767578125
4.87651625798616095153192873112857341766357421875
5.8651805680223478844936835230328142642974853515625
2.27938267875185029964768546051345765590667724609375
3.579360692774068208876769858761690557003021240234375
3.478731470648317003480087805655784904956817626953125
0.6179029754808269547794452591915614902973175048828125
4.62181921279860841167419494013302028179168701171875
5.15634110676772561276948181330226361751556396484375
3.474034608311184602058574455440975725650787353515625
0.45654297393260134807491112951538525521755218505859375
0.0293246018836854950573300726546221994794905185699462890625
0.8728942772712997566486592404544353485107421875
0.8949545742454727559334060060791671276092529296875
0.1529634698075072185563527682461426593363285064697265625
0.415799698520358529396645508313667960464954376220703125
0.7602170802467582699790682454477064311504364013671875
0.472444227185307152883098069651168771088123321533203125
0.319871567804306533577829441128415055572986602783203125
0.110474939043854802900312961355666629970073699951171875
0.527115937102174303419133138959296047687530517578125
0.3940587483318795936071410324075259268283843994140625
0.1360238474495819860354828279014327563345432281494140625
0.306764505480772109446974127422436140477657318115234375
0.6519198355506732323050300692557357251644134521484375
0.1440531830974170757198038472779444418847560882568359375
0.3826203212992382862722706704516895115375518798828125
0.4877819463088093332459038720116950571537017822265625
0.94191722196616101125954401140916161239147186279296875
0.7874597859510499286983531419537030160427093505859375
0.0830906057185915314367008477347553707659244537353515625
0.7040504904948410302978345498559065163135528564453125
0.66644178129101250274146650554030202329158782958984375
0.85473361092374366965174203869537450373172760009765625
0.143477322134877238735128912594518624246120452880859375
0.3344807412170249794058918269001878798007965087890625
0.71278215977958503390965461221639998257160186767578125
0.350686965673550454791751462835236452519893646240234375
0.69111451259400435986890443018637597560882568359375
0.42737936388113506591679424673202447593212127685546875
0.247352743170854039167494420325965620577335357666015625
0.98245030687304690797390094303409568965435028076171875
0.74481033289097731131533919324283488094806671142578125
0.885487662574969025541804512613452970981597900390625
0.8529687728048156447613337149959988892078399658203125
0.78160824569948406104202831556904129683971405029296875
0.8762069325317660695162658157641999423503875732421875
0.7793670644887569221026524246553890407085418701171875
0.66215345340881193170190499586169607937335968017578125
0.528962062918097775110481961746700108051300048828125
0.59930922444877643417981971651897765696048736572265625
0.476224035246402055410186449080356396734714508056640625
0.5919822932183660402216673901421017944812774658203125
0.160897390526205941174708868857123889029026031494140625
0.484362471608613842644075475618592463433742523193359375
0.62613115349138670495676706195808947086334228515625
0.1597093018515544360358404674116172827780246734619140625
0.361688278783898919943595728909713216125965118408203125
0.07881371261496734892393334348525968380272388458251953125
0.5912471886683474675550087340525351464748382568359375
0.92012338941922566792896986953564919531345367431640625
0.86784186394319029478339189154212363064289093017578125
0.85851416963083393429911893690587021410465240478515625
0.33897903484244784610979195349500514566898345947265625
0.2813096024474639467172210061107762157917022705078125
0.326298398583335036438057841223780997097492218017578125
0.7313839014300069774066059835604391992092132568359375
0.1927102106589405894343514091815450228750705718994140625
0.62943343428402831474244294440723024308681488037109375
0.6064629999950821304111059362185187637805938720703125
0.94188435605814879725272703581140376627445220947265625
0.84551112067211009470923954722820781171321868896484375
0.8411756133852412720131042078719474375247955322265625
0.006113291720912462402781617498703781166113913059234619140625
0.454375340349215728341647491106414236128330230712890625
0.8517718109543304105812921989127062261104583740234375
0.970215914291430170379726405371911823749542236328125
0.17082905032244932730378650376223959028720855712890625
0.366822601932484004816359401957015506923198699951171875
0.34939770649624879439443247974850237369537353515625
0.37774918292544279463385237249894998967647552490234375
0.52875103127618838794177236195537261664867401123046875
0.4782185384436596908841465847217477858066558837890625
0.432499279003822845179882961019757203757762908935546875
0.075068842654614165166293560105259530246257781982421875
0.2214478776890076161532050491587142460048198699951171875
0.2715564320197125791622738688602112233638763427734375
0.118546856156804991666575688213924877345561981201171875
0.274158397351465354940813767825602553784847259521484375
0.03272137047383998076366395935110631398856639862060546875
0.7220206287326387251113146703573875129222869873046875
0.103032466537799904937600103949080221354961395263671875
0.6041068558600297677685375674627721309661865234375
0.520966626480671823884449622710235416889190673828125
0.78366960249080774847385555403889156877994537353515625
0.61906166217246172411847737748757936060428619384765625
0.54606043759084321731478439687634818255901336669921875
0.27055186977170031514816628259723074734210968017578125
0.86927393491811766335075617462280206382274627685546875
0.131930947830868394721193226359901018440723419189453125
0.7420134273087668486112988830427639186382293701171875
0.961295976285494901958372793160378932952880859375
0.420337823880993666225691640647710300981998443603515625
0.126301903802110759844623544267960824072360992431640625
0.2045029807856786063791076912821154110133647918701171875
0.423029958467478817141227409592829644680023193359375
0.0435164557041211319532436618828796781599521636962890625
0.618760152076724967429299795185215771198272705078125
0.799923941865527954320214121253229677677154541015625
0.6185527688910033017322120940661989152431488037109375
0.010091110602994966816137178966528153978288173675537109375
0.74501232977258613487947513931430876255035400390625
0.385427123580792507784309464113903231918811798095703125
0.5804305237626798952277340504224412143230438232421875
0.71861534785414826753680017645820043981075286865234375
0.1990438356059807400999517312811804004013538360595703125
0.0657402971134243008233255523009574972093105316162109375
0.47419863402573325661393255359143950045108795166015625
0.24018264386811416510880690111662261188030242919921875
0.1805743417612157564189345748673076741397380828857421875
0.7595238125694561137635218983632512390613555908203125
0.371209234172110102978336954038240946829319000244140625
0.1296667247683120638424014714473742060363292694091796875
0.450663579372066802619656300521455705165863037109375
0.1296961643405706576803737561931484378874301910400390625
0.51318421052451446140452162580913864076137542724609375
0.306830778860873898405969839586759917438030242919921875
0.69593882360306513756853519225842319428920745849609375
0.273760738910064471696159671409986913204193115234375
0.9469589609405766328364961736951954662799835205078125
0.9887308189592933782563477507210336625576019287109375
0.45300486146146656807331964955665171146392822265625
0.3063426075067103848681426825351081788539886474609375
0.540549236601474358820951238158158957958221435546875
0.52770403284938260934922027445281855762004852294921875
0.99121087649427863652817904949188232421875
0.324727878125723401492308539673103950917720794677734375
0.09026811276109335258066579399383044801652431488037109375
0.352389496449562467095262263683252967894077301025390625
0.38398526906221419618958634600858204066753387451171875
0.6101480403962302734299782969173975288867950439453125
0.621872935733698728455465243314392864704132080078125
0.1553660194181678833036386322419275529682636260986328125
0.609236721233109346229639413650147616863250732421875
0.5941811062368476115125304204411804676055908203125
0.42150284509244506647718253589118830859661102294921875
0.7021984777889207496315293610678054392337799072265625
0.6373830403375360109663461116724647581577301025390625
0.801711201575450171930015130783431231975555419921875
0.55506633713611697178436088506714440882205963134765625
0.8990558548360392254750195206725038588047027587890625
0.61664307937801032810654078275547362864017486572265625
0.90869732383112300500016544901882298290729522705078125
0.6781783353901367217275719667668454349040985107421875
0.247842884272263808131953055635676719248294830322265625
0.74317248060515728180774885913706384599208831787109375
0.95933308403907957551126628459314815700054168701171875
0.77496974345993707711244269376038573682308197021484375
0.68285717520995870000177774272742681205272674560546875
0.54382586225114104561129124704166315495967864990234375
0.940402146401071004078175974427722394466400146484375
0.85995020571162472666770781870582140982151031494140625
0.83983641389749774663897596838069148361682891845703125
0.6511417094856228882093773790984414517879486083984375
0.67526552205684853280587276458390988409519195556640625
0.97096284943211952356278970910352654755115509033203125
0.75248525932081289369079968309961259365081787109375
0.79810510892332764409928813620354048907756805419921875
0.294517120949233490723173645164933986961841583251953125
0.9222694025012987406597630979376845061779022216796875
0.53844704783449282015084236263646744191646575927734375
0.400350929889991380417058053353684954345226287841796875
0.03048729851398956913755000641685910522937774658203125
0.612479235330819715699135485920123755931854248046875
0.55952713757731353805269236545427702367305755615234375
0.9903827547050931823235941919847391545772552490234375
0.12163380399422431266120980808409512974321842193603515625
0.1425299077027150917995612644517677836120128631591796875
0.3476662050688947847021381676313467323780059814453125
0.60301783289900878770595227251760661602020263671875
0.99987966334441658045051326553220860660076141357421875
0.59725310308730839015112223933101631700992584228515625
0.1615866102099356160781695734840468503534793853759765625
0.4135475048858427982167995651252567768096923828125
0.8716416553927779364840944253955967724323272705078125
0.998463736846327609697482330375351011753082275390625
0.0012587895622750695616420824052283933269791305065155029296875
0.9078688346351817539670037149335257709026336669921875
0.5741353391549248730285626152181066572666168212890625
0.7450905618002128250054738600738346576690673828125
0.67665316661663965636108741819043643772602081298828125
0.633591760710622953212123320554383099079132080078125
0.5858062755250401654194547518272884190082550048828125
0.75975718850258611158920984962605871260166168212890625
0.5697932851360147932240352020016871392726898193359375
0.9564042072540168692995621313457377254962921142578125
0.9367557032670619232561648459522984921932220458984375
0.322037869748677041403794873986043967306613922119140625
0.949015521420638830107918693101964890956878662109375
0.55444604463616664613567763808532617986202239990234375
0.07140228155600013282278126780511229299008846282958984375
0.2307458786437035780370052862053853459656238555908203125
0.9517244472874908378656755303381942212581634521484375
