              -3390.1708230192
         -0.000095836       0.000000316       0.000010624
          0.000000316      -0.000079088       0.000002920
          0.000010624       0.000002920      -0.000090198
          64
  1     6       0.005579406      -0.007865091      -0.002251186  C
  1     6       0.005172794       0.033034927      -0.021772090  C
  2    40      -0.031036616       0.031433372      -0.025706446  Zr
  1     6       0.049567986      -0.024772343       0.015393405  C
  2    40      -0.029183298      -0.008589854      -0.025546007  Zr
  2    40      -0.009032829      -0.016399672       0.035460304  Zr
  1     6      -0.004882054       0.021244724       0.020699405  C
  2    40       0.086333357      -0.061912250       0.007632101  Zr
  1     6       0.058604858      -0.022507090       0.000889872  C
  1     6      -0.007098183       0.005995271      -0.020809305  C
  2    40       0.003122245       0.023634946      -0.030914668  Zr
  1     6      -0.008173336      -0.014480855       0.000691347  C
  2    40       0.025759258       0.016181629      -0.002584295  Zr
  2    40       0.006630390       0.012329546       0.022997581  Zr
  1     6       0.007546094      -0.022248817       0.000100733  C
  2    40      -0.027532072       0.014781364      -0.012447157  Zr
  2    40       0.000759883      -0.007568065      -0.018522954  Zr
  1     6       0.001558841       0.021870297      -0.003948641  C
  2    40       0.042975379      -0.042778377       0.074898761  Zr
  1     6      -0.038621108      -0.025830652       0.029319228  C
  1     6       0.011154584       0.003152186       0.001671596  C
  2    40       0.006416614       0.022057291      -0.029258975  Zr
  1     6      -0.018116984      -0.034122849       0.067960362  C
  2    40      -0.048655943       0.013321447       0.013691286  Zr
  2    40       0.009884246      -0.021627996       0.002317070  Zr
  1     6       0.009861337       0.001660244      -0.006229553  C
  2    40       0.012835099      -0.012697167       0.003714050  Zr
  1     6      -0.006500662      -0.001423923      -0.001472651  C
  1     6      -0.004245533      -0.000923234      -0.005019870  C
  2    40      -0.012787621       0.009368493      -0.014582971  Zr
  1     6       0.016067022      -0.000718600      -0.035166294  C
  2    40       0.029554082       0.009960840      -0.018735495  Zr
  1     6      -0.015464531      -0.009809356       0.005212390  C
  2    40      -0.009602524       0.000883916       0.016644405  Zr
  1     6      -0.012730673       0.009262003      -0.002860815  C
  2    40       0.025169159       0.006611126      -0.006311190  Zr
  2    40       0.007993285       0.030028215       0.016472485  Zr
  1     6       0.002562010      -0.000956429       0.012481288  C
  2    40       0.021309525       0.005120589      -0.008452864  Zr
  1     6      -0.004176246      -0.005174513      -0.000374757  C
  1     6       0.000384704      -0.009448358      -0.000138851  C
  2    40      -0.021878247      -0.002816146      -0.007907736  Zr
  1     6       0.005590900       0.014121360      -0.004941373  C
  2    40       0.001966694       0.008043840      -0.029950502  Zr
  2    40       0.023199696       0.003105696      -0.012866925  Zr
  1     6       0.010699628      -0.008246001      -0.008506373  C
  2    40      -0.018172444      -0.009689369       0.010370374  Zr
  1     6      -0.007486000       0.002440419       0.005364666  C
  2    40       0.018992939       0.010053307       0.019462446  Zr
  1     6      -0.010526500       0.001362062       0.010043793  C
  2    40      -0.029781773      -0.008436146       0.004616725  Zr
  1     6       0.004734053       0.003125170       0.006276064  C
  1     6       0.014403567      -0.008256777      -0.011657819  C
  2    40      -0.041673689       0.021610126      -0.008023453  Zr
  1     6      -0.021714325      -0.002552722      -0.000266582  C
  2    40      -0.012109907       0.020470525       0.009211099  Zr
  2    40      -0.005959459       0.011137962       0.004621543  Zr
  1     6      -0.026690951      -0.002773926       0.011083352  C
  2    40       0.007900627       0.013374167      -0.006557067  Zr
  1     6      -0.020146910       0.004100820       0.005960010  C
  1     6      -0.007159144      -0.000382074      -0.004775752  C
  2    40      -0.000243845       0.016021835      -0.008282706  Zr
  1     6       0.009755186      -0.008465242      -0.009052837  C
  2    40      -0.031425728      -0.018883996      -0.028734636  Zr
