              -3389.8671915415
         -0.000461468      -0.000013681      -0.000006678
         -0.000013681      -0.000247018      -0.000006324
         -0.000006678      -0.000006323      -0.000122213
          64
  1     6      -0.001114643      -0.006005475       0.008249259  C
  1     6       0.005892222      -0.007271842       0.006921213  C
  2    40      -0.004428075       0.020877566       0.008329024  Zr
  1     6      -0.021872160       0.126244429      -0.002836465  C
  2    40       0.067393404      -0.083546285       0.065917609  Zr
  2    40      -0.003596218       0.013544827       0.002603619  Zr
  1     6       0.006724412       0.065023994       0.007470419  C
  2    40       0.308831087      -0.171672806       0.015508144  Zr
  1     6      -0.268486882      -0.041162592      -0.041107960  C
  1     6      -0.002889557      -0.001426889       0.005362137  C
  2    40       0.005124529       0.013638205      -0.009984508  Zr
  1     6      -0.009179393      -0.002977980      -0.002526937  C
  2    40      -0.023426978       0.036125286      -0.001136764  Zr
  2    40       0.009626616       0.004465508      -0.008874611  Zr
  1     6      -0.013573873      -0.001415997       0.000554379  C
  2    40      -0.024050128       0.011093317       0.000772158  Zr
  2    40      -0.008704583      -0.002274868      -0.010463564  Zr
  1     6      -0.014258355       0.044552752      -0.007298190  C
  2    40       0.029563657       0.059624279       0.056922265  Zr
  1     6       0.094529156      -0.144274455      -0.019331755  C
  1     6       0.002910681       0.004532809       0.001774851  C
  2    40      -0.013825967       0.014305934      -0.015414917  Zr
  1     6      -0.087506797       0.027602104       0.050547554  C
  2    40       0.274864056      -0.081467958      -0.076982217  Zr
  2    40       0.020562374      -0.006031608       0.011617331  Zr
  1     6       0.006186917       0.006089594      -0.007715612  C
  2    40      -0.016282933       0.000758609      -0.025412335  Zr
  1     6      -0.003918225       0.008351937       0.013171340  C
  1     6      -0.016574897       0.010708851       0.004444586  C
  2    40       0.028460209       0.002554612       0.005636308  Zr
  1     6       0.015523188      -0.002858004      -0.008436292  C
  2    40      -0.025697548      -0.003125095      -0.020645900  Zr
  1     6      -0.013495036       0.007060284      -0.009387427  C
  2    40       0.006247176       0.013097196       0.008568817  Zr
  1     6       0.006474462      -0.010425508       0.003033544  C
  2    40      -0.025705689      -0.000995176       0.000088303  Zr
  2    40      -0.012258684       0.008738816       0.010115471  Zr
  1     6      -0.002617561       0.006440186       0.000080390  C
  2    40       0.029888835       0.000098455       0.020072504  Zr
  1     6       0.034535717      -0.001064684       0.011756185  C
  1     6      -0.022321095       0.025080921      -0.006179660  C
  2    40       0.005197108      -0.017547204       0.013677709  Zr
  1     6       0.013672340       0.011106851      -0.011680238  C
  2    40      -0.007656393      -0.013458214       0.016312131  Zr
  2    40       0.035166223      -0.009455862       0.001692413  Zr
  1     6      -0.030795071      -0.003224791      -0.012906934  C
  2    40      -0.000669998       0.000142222       0.001530895  Zr
  1     6       0.006425073       0.007565530      -0.006836308  C
  2    40       0.014680912      -0.014940813      -0.007271917  Zr
  1     6      -0.006630567      -0.001043141       0.000047220  C
  2    40      -0.050386406       0.014423742       0.015044972  Zr
  1     6      -0.054176263       0.016213524       0.007719363  C
  1     6       0.008689966      -0.007494067      -0.005412183  C
  2    40      -0.073136245       0.074379212       0.004316713  Zr
  1     6      -0.118662856      -0.011096195       0.001139785  C
  2    40      -0.043744590       0.006810573      -0.021050002  Zr
  2    40       0.007342073       0.026272294       0.002066773  Zr
  1     6       0.008532773      -0.022640098      -0.011308372  C
  2    40      -0.039233408      -0.006235166      -0.029718225  Zr
  1     6       0.005486918      -0.010295900      -0.003994210  C
  1     6      -0.020422887       0.012683904       0.002458601  C
  2    40       0.007115033      -0.019685962      -0.014681028  Zr
  1     6       0.018298028       0.004845912      -0.006779901  C
  2    40      -0.000345075       0.000714973       0.017404934  Zr
