              -3390.1388100536
         -0.000131072      -0.000001320      -0.000016992
         -0.000001320      -0.000136972      -0.000017483
         -0.000016992      -0.000017483      -0.000127306
          64
  1     6       0.012217327      -0.002964417       0.010732620  C
  1     6       0.012542789      -0.022053373       0.015280510  C
  2    40      -0.006076496       0.066108602      -0.032631991  Zr
  1     6       0.078778458      -0.009476305      -0.028777153  C
  2    40      -0.034682285       0.108789928       0.133380079  Zr
  2    40      -0.002615605      -0.049253098      -0.044613524  Zr
  1     6      -0.008827664      -0.003004133      -0.005053927  C
  2    40       0.014083616      -0.027347332       0.078175170  Zr
  1     6      -0.005887690      -0.049037843      -0.031717203  C
  1     6       0.002475807      -0.011143732       0.016810383  C
  2    40      -0.028556981       0.002980178      -0.000476730  Zr
  1     6       0.005101109       0.006686647      -0.017029612  C
  2    40       0.016540673       0.045476576      -0.006180906  Zr
  2    40       0.012051342       0.000772232       0.005546052  Zr
  1     6       0.006778877      -0.000256943       0.015575861  C
  2    40      -0.028549950      -0.018056165       0.011994237  Zr
  2    40       0.009200062      -0.010182215       0.023268816  Zr
  1     6      -0.004902531      -0.006873935       0.023030348  C
  2    40       0.010430330      -0.057485383      -0.040179278  Zr
  1     6       0.015913238       0.002904301      -0.008139359  C
  1     6      -0.042310587       0.002037175       0.005978827  C
  2    40      -0.009693162       0.005686219       0.021497480  Zr
  1     6       0.002827636      -0.048956136      -0.006799560  C
  2    40       0.013699973      -0.039746071      -0.065280888  Zr
  2    40      -0.018002545      -0.020371669      -0.016950317  Zr
  1     6       0.010490228      -0.013511236       0.016096670  C
  2    40       0.018088918       0.006843835       0.003078265  Zr
  1     6      -0.007726478       0.012840434      -0.006921464  C
  1     6      -0.012729946      -0.008256780      -0.002452293  C
  2    40       0.016436782       0.033383030       0.010599157  Zr
  1     6      -0.018196327       0.016214492       0.021500775  C
  2    40      -0.014413656       0.004877542      -0.008116632  Zr
  1     6       0.011031724       0.016118363       0.002149353  C
  2    40      -0.003121682       0.020371894       0.014136144  Zr
  1     6      -0.013887852       0.003544772       0.013541628  C
  2    40       0.006833363      -0.009669927      -0.000900632  Zr
  2    40       0.008933497      -0.014101594       0.028608300  Zr
  1     6      -0.002103742      -0.002084175      -0.001424094  C
  2    40      -0.038892490       0.026827535      -0.050864783  Zr
  1     6      -0.002013651       0.015614958       0.007456941  C
  1     6       0.012568805       0.001571198      -0.030290819  C
  2    40      -0.024121496       0.002368057       0.005057564  Zr
  1     6      -0.005524051      -0.009724185      -0.000782072  C
  2    40      -0.005398221       0.030596566       0.020195599  Zr
  2    40       0.001673604       0.000626341       0.008888171  Zr
  1     6      -0.012870827      -0.003182979      -0.008856849  C
  2    40       0.022545319       0.000727738      -0.021333984  Zr
  1     6      -0.004613226      -0.007918599      -0.012506112  C
  2    40      -0.006846682      -0.004110181      -0.016020887  Zr
  1     6      -0.009892290       0.007797744      -0.017010403  C
  2    40      -0.024725159      -0.018530468      -0.007934777  Zr
  1     6       0.001753565       0.001547601       0.004643789  C
  1     6      -0.011613573       0.008870026       0.012890003  C
  2    40       0.027781468       0.006411608      -0.001918377  Zr
  1     6       0.016539346       0.004367899      -0.013740925  C
  2    40       0.032721524       0.043149613      -0.020430932  Zr
  2    40      -0.015714452      -0.001912100       0.027905817  Zr
  1     6       0.013288978      -0.006183347      -0.001516385  C
  2    40       0.000401111      -0.001791207      -0.030708088  Zr
  1     6       0.000318711      -0.010030272       0.011231697  C
  1     6       0.008899825      -0.006059860      -0.001501033  C
  2    40      -0.007251049      -0.033510837       0.010223579  Zr
  1     6      -0.015199058       0.017612930       0.018532021  C
  2    40       0.024085376       0.004277585      -0.039042280  Zr
