1330475
1.378330893955410640927539134281687438488006591796875
6.10359626248874054255111332167871296405792236328125
2.965208150631304828692691444302909076213836669921875
4.69800379066621331958231166936457157135009765625
4.41288868486493424114769368316046893596649169921875
6.0886755601688431482898522517643868923187255859375
4.587337180392609070622711442410945892333984375
5.17592515011990972340072403312660753726959228515625
1.703260593847392811994723160751163959503173828125
2.3675839407430192551373693277128040790557861328125
2.276219659687265473024808670743368566036224365234375
2.85563178298137199107031847233884036540985107421875
6.153027272495254607065362506546080112457275390625
2.674363175076115428652201444492675364017486572265625
5.083229455617772174491619807668030261993408203125
2.6170078538298806591910761198960244655609130859375
0.74979735508185940684455772498040460050106048583984375
2.367414347576040967169319628737866878509521484375
0.2676087338138974924817148348665796220302581787109375
4.07289012708759390335444550146348774433135986328125
4.729935172737686599475637194700539112091064453125
2.00735202342445173684382098144851624965667724609375
0.11024510846521906604067453372408635914325714111328125
6.22289340477851737887249328196048736572265625
5.3842197738974828524760596337728202342987060546875
3.010341669084384275123511542915366590023040771484375
5.61525882976512047406458805198781192302703857421875
5.6404605077962504111610542167909443378448486328125
2.7961876868221207104170389357022941112518310546875
5.03295394104053794848141478723846375942230224609375
0.312935913362179241037352994680986739695072174072265625
1.774606889087238403845958600868470966815948486328125
3.8041953082632034011112409643828868865966796875
4.7777387770830390678611365729011595249176025390625
4.92425407490553279643563655554316937923431396484375
2.469116163681767783799614335293881595134735107421875
0.162638685575396457760888324628467671573162078857421875
0.12190569199600508054626146758891991339623928070068359375
5.37656005772474454573739421903155744075775146484375
2.086389502204899937254367614514194428920745849609375
2.36890583644438645904983786749653518199920654296875
5.85484866520697533331940576317720115184783935546875
4.679519320429204043421123060397803783416748046875
0.9028948626182096148795608314685523509979248046875
0.9605769500239167424382458193576894700527191162109375
2.78875354676538034226496165501885116100311279296875
1.0194399985291660026831550567294470965862274169921875
2.336246134755970871310637448914349079132080078125
2.42219636959006123788640252314507961273193359375
2.61225404886946943605607884819619357585906982421875
3.398243210157969595996974021545611321926116943359375
4.43426908628714055993214060436002910137176513671875
3.27465309673161986125933253788389265537261962890625
3.833765695625654057465681034955196082592010498046875
4.6177885750576681544998791650868952274322509765625
0.5624370831527543135308633281965740025043487548828125
4.7337010661940013278581318445503711700439453125
2.404488477711560268090806857799179852008819580078125
5.34622431551128141080653222161345183849334716796875
4.32255679094869282863555781659670174121856689453125
2.960046843988517029089280185871757566928863525390625
1.297128828921293663967162501648999750614166259765625
5.39148547064085459368243391509167850017547607421875
2.519936849310051574235558291547931730747222900390625
4.4641745725904371511205681599676609039306640625
2.593761681800673013498226282536052167415618896484375
3.93037581073075781290526720113120973110198974609375
5.140114378481772661189097561873495578765869140625
5.3010202463709585884998887195251882076263427734375
3.28987145899290478467946741147898137569427490234375
2.32766466608630739898444517166353762149810791015625
4.33913263293068052206535867298953235149383544921875
3.98640898757955230991001371876336634159088134765625
3.908215515977676801639972836710512638092041015625
3.767819148046174237975947107770480215549468994140625
3.073063965700195243613279671990312635898590087890625
2.775712038788768598607248350162990391254425048828125
4.42416753455237454772941418923437595367431640625
1.720382455372917007707656011916697025299072265625
3.414508743808866153557346478919498622417449951171875
5.79310998204194671501454649842344224452972412109375
1.4806042077859249417315368191339075565338134765625
0.46993059077151622116019780150963924825191497802734375
4.36214409438340933178324121399782598018646240234375
3.028228057449287913271973593509756028652191162109375
3.123389055645265699467927333898842334747314453125
5.22113879552197257538637131801806390285491943359375
6.13407315581590406594614250934682786464691162109375
1.63977219336651369729906946304254233837127685546875
5.9738104861923577715288047329522669315338134765625
5.706690372868276739382054074667394161224365234375
5.85227203637321480300670373253524303436279296875
0.85069664358820518135217980670859105885028839111328125
4.08322931523499565997781246551312506198883056640625
4.65417335186217773213002146803773939609527587890625
2.472450826924476263712904255953617393970489501953125
0.93963788172756423922038493401487357914447784423828125
1.321213217899319669612623329157941043376922607421875
4.29058831805226237321448934380896389484405517578125
0.89733400671571927897929299433599226176738739013671875
0.7690022627332055993321091591496951878070831298828125
0.1083384961113094402396228588258964009582996368408203125
5.20005945093693089376074567553587257862091064453125
2.631318241356702447575344194774515926837921142578125
3.718329717869121697759737799060530960559844970703125
5.9642376886419672388228718773461878299713134765625
5.08563257358994036394506110809743404388427734375
5.3410518965427709048299220739863812923431396484375
3.24339338716326164302472534473054111003875732421875
2.22422301613926709507040868629701435565948486328125
4.35564866496995595213093110942281782627105712890625
5.7784794670778918401765622547827661037445068359375
2.366543574848308129077167905052192509174346923828125
0.42166971627076443862591759170754812657833099365234375
0.2166793943341034089922203520472976379096508026123046875
1.40957766547628438047468080185353755950927734375
5.33972679119914150902559413225390017032623291015625
0.69263741532248701560092740692198276519775390625
1.4771425105889708362383316853083670139312744140625
4.813247283513678809185876161791384220123291015625
5.64589908130241280304062456707470118999481201171875
2.054121713343818544927898983587510883808135986328125
3.7444387883933192284757751622237265110015869140625
4.10149026914466130477876504301093518733978271484375
4.25308421581268447653201292268931865692138671875
2.31902831165618383835180793539620935916900634765625
4.73920182542183621166032025939784944057464599609375
1.3376488245543243227331231537391431629657745361328125
2.630829860785450335924906539730727672576904296875
1.196506690244877546547286328859627246856689453125
3.078322266737408607895076784188859164714813232421875
3.833190915112699048705735549447126686573028564453125
4.12400051730875549793609025073237717151641845703125
0.108279394220947067228877358502359129488468170166015625
1.566598687114375110240871435962617397308349609375
4.5134299534299824330219053081236779689788818359375
3.132641046964434128341281393659301102161407470703125
5.3776588203833046719637422938831150531768798828125
1.396354670808718001495662974775768816471099853515625
1.2985414079884971538803029034170322120189666748046875
3.23849177188605796828824168187566101551055908203125
1.6918011615523698143448427799739874899387359619140625
5.43189220130459293756075567216612398624420166015625
2.5170683946522007801149811712093651294708251953125
4.78876852985761924941243705688975751399993896484375
4.62704601720959640687169667216949164867401123046875
0.0364741376924036242446192090937984175980091094970703125
3.71876925160573978956790597294457256793975830078125
0.4196946569058084275383180283824913203716278076171875
3.478432379973049659582784443045966327190399169921875
2.46539002063547574294943842687644064426422119140625
2.915605812436970811774017420248128473758697509765625
1.99304339432516020025332181830890476703643798828125
6.19192560295766281086571325431577861309051513671875
5.20604311942240460808761781663633882999420166015625
2.7556516488294438005368647282011806964874267578125
4.82485143059084098382527372450567781925201416015625
3.85585788861635503366187549545429646968841552734375
1.1937174964885073347176103197853080928325653076171875
5.75309509105963901021141282399185001850128173828125
3.8033160681656337231970610446296632289886474609375
1.28320622001531692291109720827080309391021728515625
6.27400743473985844644857934326864778995513916015625
1.7170795608591962189137802852201275527477264404296875
2.545838814521907078614049169118516147136688232421875
2.39681013566584955043481386383064091205596923828125
0.6210036713094406746193953949841670691967010498046875
4.3260746027572931637905639945529401302337646484375
1.039309975071422087466999073512852191925048828125
6.0034451336943153165748299215920269489288330078125
5.44209661080944240296730640693567693233489990234375
2.1235173858022875492679304443299770355224609375
0.640178989979735657556147998548112809658050537109375
1.674135767444042688367744631250388920307159423828125
6.06911625476136151746686664409935474395751953125
1.53319721281436915916174257290549576282501220703125
5.2410013609212438012718848767690360546112060546875
1.145851925859195485912778167403303086757659912109375
1.535193601524906359401256850105710327625274658203125
5.64234028438093115909168773214332759380340576171875
1.7752581246248002599941173684783279895782470703125
2.809075951204196730515150193241424858570098876953125
0.78519576229792764632264834290253929793834686279296875
5.01030886449467782739475296693854033946990966796875
5.086780153824772554571609362028539180755615234375
1.786673531863175679035293796914629638195037841796875
0.9232948719352422894957044263719581067562103271484375
1.946268900182824612699050703668035566806793212890625
3.606380889158268931993234218680299818515777587890625
3.39737035423489341923186657368205487728118896484375
4.764450226130549026493099518120288848876953125
0.69837356099495251360309566734940744936466217041015625
0.39287394908856321240619990931008942425251007080078125
0.348396425763329686819957942134351469576358795166015625
0.654664000335458684531886319746263325214385986328125
0.056959106613397182672375862466651597060263156890869140625
0.6282963411082962412734786994406022131443023681640625
0.57455569625578617465322395219118334352970123291015625
0.40028264392180490371941914418130181729793548583984375
0.50751429400756686849405241446220315992832183837890625
0.7136711220786307041663576455903239548206329345703125
0.19048235993389150966237366446875967085361480712890625
0.5264792663634192404487066596630029380321502685546875
0.67851036865194813696433584482292644679546356201171875
0.5114284206700643320431254323921166360378265380859375
0.928038592882472368472690504859201610088348388671875
0.7264600068919639941356081180856563150882720947265625
0.0283892704306120367829802120240856311284005641937255859375
0.38792725297991526023366759545751847326755523681640625
0.5912614905234712114889816803042776882648468017578125
0.12449622253165404384134262727457098662853240966796875
0.74492430162845379992830885385046713054180145263671875
0.6172634105278473892752799656591378152370452880859375
0.482889952362929475437880455501726828515529632568359375
0.14325407060946060422423897762200795114040374755859375
0.28862839764385872509677710695541463792324066162109375
0.367216934155308150078411699723801575601100921630859375
0.2191968035042271001344715841696597635746002197265625
0.93359867200888635441202723086462356150150299072265625
0.87298090656892435301728028207435272634029388427734375
0.323345291113176058761524700457812286913394927978515625
0.254048187869623409707031669313437305390834808349609375
0.2175292355090050200328022356188739649951457977294921875
0.169139253054344684823462330314214341342449188232421875
0.6592231549598384088284319659578613936901092529296875
0.64804774180429414176529689939343370497226715087890625
0.4086213407146843668016344963689334690570831298828125
0.5365119415971040250923351777601055800914764404296875
0.7124520403856653416596600436605513095855712890625
0.0434308052265228727861767765716649591922760009765625
0.009806139864868550215515341506034019403159618377685546875
0.71263130368321725427449564449489116668701171875
0.81116996044813183264210465495125390589237213134765625
0.27071927453890409775993930452386848628520965576171875
0.82953527887795830420003539984463714063167572021484375
0.18979572420464629889380603344761766493320465087890625
0.9447196800935639959817535782349295914173126220703125
0.2026858675306131563065292766623315401375293731689453125
0.72628137130582770542019943604827858507633209228515625
0.7677054036258279534621351558598689734935760498046875
0.132225864628435052505750491036451421678066253662109375
0.169223903291497335121817968683899380266666412353515625
0.80872518793154746230555929287220351397991180419921875
0.5667319565856512308954506806912831962108612060546875
0.72513773884863486074436877970583736896514892578125
0.376883338846677629074832793776295147836208343505859375
0.94222196468255570156458134079002775251865386962890625
0.111966952733680125131598970256163738667964935302734375
0.0213427487860167151845214306149500771425664424896240234375
0.49816055619072197035990257063531316816806793212890625
0.52638640791475144187216983482358045876026153564453125
0.0037585971894481206255489436074412878951989114284515380859375
0.1318001929352992096511343333986587822437286376953125
0.63335500267956168496397140188491903245449066162109375
0.5782695862363416150486727929092012345790863037109375
0.2435860895754704547044866558280773460865020751953125
0.816813551269850446345799355185590684413909912109375
0.251342655742234855065220244796364568173885345458984375
0.1185458377555691777960333865848951973021030426025390625
0.1467159665872882767789775471101165749132633209228515625
0.428237373674398902334559124938095919787883758544921875
0.57862745531770742868360457578091882169246673583984375
0.6131139474981994741398239057161845266819000244140625
0.12385126209065842883827457399092963896691799163818359375
0.0732806348583105171545781786335282959043979644775390625
0.485334723948191271158947301955777220427989959716796875
0.309968099142409914126261583078303374350070953369140625
0.070773130315715970795054090558551251888275146484375
0.69553778632336193954444070186582393944263458251953125
0.299849855853174751540990428111399523913860321044921875
0.1051885388350060901441196392624988220632076263427734375
0.98430282295881899035094875216600485146045684814453125
0.9562459387612742833795209662639535963535308837890625
0.54754082930625458391915572065045125782489776611328125
0.05372009056327868570246408808088744990527629852294921875
0.91847535312104755522710775039740838110446929931640625
0.2178561013275087387963679930180660448968410491943359375
0.85241680259463226132510271781939081847667694091796875
0.1876972155588200463771642034771502949297428131103515625
0.465426745109924488996711033905739895999431610107421875
0.59827988343233240442486930987797677516937255859375
0.8606448936558537265995028064935468137264251708984375
0.439854789730093787003539773650118149816989898681640625
0.350016274186790099509636320362915284931659698486328125
0.6355461565011861768681455941987223923206329345703125
0.40919994814749804934450594373629428446292877197265625
0.1933020750029487977439401902302051894366741180419921875
0.66273678590671014632107471697963774204254150390625
0.62914824980737094062277492412249557673931121826171875
0.2243397902810665700545911249719210900366306304931640625
0.904534410640846164852746369433589279651641845703125
0.164825804608327242117837840851279906928539276123046875
0.6399179513752077941290963281062431633472442626953125
0.953360560794063172096457492443732917308807373046875
0.9935106723539115503029961473657749593257904052734375
0.0885930173511584317935785293229855597019195556640625
0.3695487740307807911221971153281629085540771484375
0.5000385374296636431523666033172048628330230712890625
0.88065593451292067950220143757178448140621185302734375
0.9447961398143303046737173644942231476306915283203125
0.499920941190757306404890414341934956610202789306640625
0.25693678588463775280814616053248755633831024169921875
0.74749885906814539371367800413281656801700592041015625
0.8427710299579291852722917610662989318370819091796875
0.1299511860729899159760947213726467452943325042724609375
0.05951544831484344155736465609152219258248805999755859375
0.2099259631754485655452668879661359824240207672119140625
0.1568761082165297526813674267032183706760406494140625
0.2415838605917915160592457368693430908024311065673828125
0.67745908101902296838403572110109962522983551025390625
0.52902397398325795574436369861359708011150360107421875
0.82688508780062430769675074770930223166942596435546875
0.7152900089115323822852587909437716007232666015625
0.707976311774913380503448934177868068218231201171875
0.1769784359154190911400661434527137316763401031494140625
0.11214803350723723252002628214540891349315643310546875
0.006768538619749499274380610813750536181032657623291015625
0.3701223928342212143860479045542888343334197998046875
0.288758391183222828946242088932194747030735015869140625
0.1309145056320887567924415861853049136698246002197265625
0.28000424256548483992190767821739427745342254638671875
0.453195173970048881262329132368904538452625274658203125
0.414771207801425456640487254844629205763339996337890625
0.339774119825928533344949755701236426830291748046875
0.72030795119717161423267270947690121829509735107421875
0.89144960087325875175423561813659034669399261474609375
0.78328529921513301292890218974207527935504913330078125
0.1479046727288070572914335798486717976629734039306640625
0.04525831250718716225467375124935642816126346588134765625
0.09452125061979575748605242324629216454923152923583984375
0.50865343562730280790873393925721757113933563232421875
0.8991361255287826370619086446822620928287506103515625
0.57575410398456927651977821369655430316925048828125
0.26968937193494724180453658846090547740459442138671875
0.482151940689492963798556957044638693332672119140625
0.283222071958343535325042239492177031934261322021484375
0.5910338319796295536434627138078212738037109375
0.25208638899591118143206358581664972007274627685546875
0.3464885285806322823276559574878774583339691162109375
0.66216010770861066792036808692500926554203033447265625
0.609093710132452503813738076132722198963165283203125
0.316128404492572123718474585984949953854084014892578125
0.271944395858768561691221066212165169417858123779296875
0.89095431700858951362675952623249031603336334228515625
0.31991406172509961880479067986016161739826202392578125
0.53943945678856197734063471216359175741672515869140625
0.1921448517554182888744662704993970692157745361328125
0.343989471599454754713320880910032428801059722900390625
0.70783410021468717854276064826990477740764617919921875
0.6324114504421183280413742977543734014034271240234375
0.01428272063577674423628938171759727993048727512359619140625
0.9521422241591579460617822405765764415264129638671875
0.65205076879451551175037593566230498254299163818359375
0.6111215923964612439789334530360065400600433349609375
0.796089122442570129578598425723612308502197265625
0.06533577622162912990066985230441787280142307281494140625
0.8268914082212799332438635246944613754749298095703125
0.79756184099128557551949825210613198578357696533203125
0.84549725886690307863347015882027335464954376220703125
0.416038512446004205003191600553691387176513671875
0.6739917256282603741368575356318615376949310302734375
0.99397881794440501312948299528216011822223663330078125
0.394053551086249564949781643008464016020298004150390625
0.6340355331236662284055682903272099792957305908203125
0.95164713261260047705292208775063045322895050048828125
0.29187369173945565403727187003823928534984588623046875
0.18208050550058507699446863625780679285526275634765625
0.57124640586378350182172880522557534277439117431640625
0.4482445285880214402851606791955418884754180908203125
0.8326705712045872065374396697734482586383819580078125
0.455649698365316602188812566964770667254924774169921875
0.6495164826742916286406170911504887044429779052734375
0.279470528606078849609417602550820447504520416259765625
0.381376910200983687548870193495531566441059112548828125
0.135594481199790950487482632524915970861911773681640625
0.290379107133661940043367621910874731838703155517578125
0.75289339234721541771477859583683311939239501953125
0.67572278374606875583907594773336313664913177490234375
0.62232621369060414640017597776022739708423614501953125
0.24883459426874043884936327231116592884063720703125
0.576205299969858142361545105814002454280853271484375
0.5399031990859206597832553597982041537761688232421875
0.784724201441148405677949995151720941066741943359375
0.59241707976554380810085831399192102253437042236328125
