              -3390.0442390222
         -0.000234821      -0.000001995      -0.000000828
         -0.000001995      -0.000217173       0.000010541
         -0.000000828       0.000010541      -0.000229103
          64
  1     6       0.015204023       0.040420864       0.021859091  C
  1     6      -0.007675198       0.015725503       0.011180377  C
  2    40      -0.034265467      -0.001716877      -0.016641338  Zr
  1     6      -0.081811307       0.064576424      -0.003537290  C
  2    40      -0.027675578      -0.056796959      -0.044438135  Zr
  2    40       0.006266844       0.007715066      -0.048102347  Zr
  1     6       0.017332511       0.018587734      -0.000066538  C
  2    40       0.000622773      -0.077912026       0.038148804  Zr
  1     6       0.014719565      -0.027560276       0.102208956  C
  1     6      -0.021612051      -0.003116266       0.005180041  C
  2    40       0.007336987      -0.004207724      -0.021347329  Zr
  1     6      -0.008687955       0.019894427      -0.050129003  C
  2    40       0.011189875      -0.033082414      -0.043045796  Zr
  2    40       0.001969055      -0.038333778      -0.047273004  Zr
  1     6       0.028437577       0.026090391       0.029890724  C
  2    40       0.027620520       0.012998424       0.010837619  Zr
  2    40      -0.033830153       0.017238109       0.003842870  Zr
  1     6      -0.023955959      -0.036040852      -0.023337057  C
  2    40       0.126699637       0.007894224       0.049110729  Zr
  1     6      -0.008975510       0.012621108       0.031273532  C
  1     6      -0.000377005       0.005941469       0.012728581  C
  2    40       0.000178975       0.007162164       0.024889388  Zr
  1     6      -0.089221257       0.045161852      -0.013804206  C
  2    40      -0.043241708       0.040226642      -0.107215571  Zr
  2    40      -0.030966392       0.003131322       0.007498590  Zr
  1     6      -0.035142174       0.024290021      -0.022315961  C
  2    40       0.008907853      -0.016782845       0.026345897  Zr
  1     6      -0.017235105      -0.001707325      -0.010060762  C
  1     6      -0.021486410      -0.029524260       0.034262022  C
  2    40      -0.033937814      -0.038592744      -0.011608480  Zr
  1     6      -0.040646307      -0.011207621      -0.006698730  C
  2    40       0.015853987       0.012550405       0.022165816  Zr
  1     6       0.025806557      -0.025725973      -0.047351450  C
  2    40      -0.017310862      -0.015255144       0.045693659  Zr
  1     6      -0.008324136      -0.027829216      -0.009429180  C
  2    40       0.012226323       0.015681466       0.045088741  Zr
  2    40      -0.029404207       0.046211319      -0.004134964  Zr
  1     6       0.034684365      -0.007104234      -0.033824794  C
  2    40       0.071766195       0.064493724       0.009546864  Zr
  1     6       0.035099509      -0.042740021      -0.019314830  C
  1     6       0.016115624      -0.002964045      -0.004547049  C
  2    40       0.092211282      -0.009376938      -0.005154274  Zr
  1     6       0.006319054       0.006441076       0.002679429  C
  2    40      -0.015660223      -0.003101226       0.011015124  Zr
  2    40       0.014249090       0.048315272       0.015788653  Zr
  1     6       0.030050481      -0.016625707       0.007324825  C
  2    40       0.021093967       0.024770073      -0.003047703  Zr
  1     6       0.022772288      -0.016153161      -0.027815613  C
  2    40       0.011801724       0.009868639       0.024159782  Zr
  1     6       0.001149090       0.004648949      -0.015244811  C
  2    40       0.023757585       0.013495234      -0.014503548  Zr
  1     6      -0.001048068      -0.010503579      -0.019377826  C
  1     6       0.013291945       0.001248944       0.033387072  C
  2    40       0.007344879      -0.003863582      -0.022138095  Zr
  1     6      -0.014431264      -0.017692279       0.003687380  C
  2    40      -0.009016415      -0.041871707       0.062656088  Zr
  2    40      -0.019070456      -0.009163755      -0.035196402  Zr
  1     6       0.010910515       0.028237041       0.003727081  C
  2    40      -0.016475511       0.046508572       0.060830809  Zr
  1     6      -0.012319828      -0.051334077       0.004556861  C
  1     6       0.006040441      -0.006336631       0.016857536  C
  2    40      -0.019033263       0.036996426       0.022592497  Zr
  1     6      -0.006784894      -0.012914811      -0.028892431  C
  2    40      -0.008227695      -0.030435882      -0.040318691  Zr
