1305164829
2.74572499480260745485793449915945529937744140625
1.6180572401348218836147907495615072548389434814453125
1.8317289334167112802020938033820129930973052978515625
1.595576519509219526327115090680308640003204345703125
3.31405961567605888973275796161033213138580322265625
3.992309369212993619413509804871864616870880126953125
5.63989825278788092788317953818477690219879150390625
5.122525655909928588016555295325815677642822265625
5.27976089849389307318006103741936385631561279296875
2.52362962904665000252180107054300606250762939453125
4.39453140657732177487559965811669826507568359375
2.46465430450472933188166280160658061504364013671875
1.7785300052752617272489032984594814479351043701171875
0.034103639867544756347772505478133098222315311431884765625
2.674065576577287828285989235155284404754638671875
3.878207637112244920984949203557334840297698974609375
2.54374275135102489997507291263900697231292724609375
3.32808051219604283943453992833383381366729736328125
3.41628269582560140094074085936881601810455322265625
2.367102374444176149381746654398739337921142578125
1.7433239308247807652918481835513375699520111083984375
0.204190152561222137972407608685898594558238983154296875
1.06271635125938157528935334994457662105560302734375
4.37909946120244431000401164055801928043365478515625
3.84840171408751974269080164958722889423370361328125
0.319859316533595616771634695396642200648784637451171875
3.07255841047070443750044432817958295345306396484375
2.1479791549794580163279533735476434230804443359375
3.852278145633828643212837050668895244598388671875
5.60241014024289807338163882377557456493377685546875
5.55387046866646105769405039609409868717193603515625
5.66294899359101133740068689803592860698699951171875
2.41051205167637316861828367109410464763641357421875
6.1898996077110570723789351177401840686798095703125
1.348315934566480134293442461057566106319427490234375
6.2739517590036353311688799294643104076385498046875
2.3500431228865661381632889970205724239349365234375
4.19167674607808660169894210412167012691497802734375
5.52167242003600744482127993251197040081024169921875
3.4720514238992219446799936122260987758636474609375
2.9071346946037888159253270714543759822845458984375
5.04663665186253052041820410522632300853729248046875
0.2932390614711424259297700700699351727962493896484375
4.5475962237462947967969739693216979503631591796875
3.09351329876315528366603757604025304317474365234375
4.38867562931608734544397520949132740497589111328125
0.78106823256682689216034987111925147473812103271484375
4.17862638452126500254735219641588628292083740234375
0.19309821991664311013892074697650969028472900390625
2.735189731745174324117897413088940083980560302734375
0.07597206853588218955497524120801244862377643585205078125
4.6330540198743843660622587776742875576019287109375
2.920912796461993199415019262232817709445953369140625
5.83877466849423143457897822372615337371826171875
4.8291363732330001568016086821444332599639892578125
5.246288747695690091177311842329800128936767578125
0.53636622990043403280679967792821116745471954345703125
1.149593569985444485581638218718580901622772216796875
4.9211706005485371662189209018833935260772705078125
4.9751225014023834347653973964042961597442626953125
3.280825551869259282256052756565622985363006591796875
4.09569706381547149476318736560642719268798828125
0.56586684484805960249076406398671679198741912841796875
0.970288768679285595908368122763931751251220703125
6.07647883764322127575496779172681272029876708984375
2.300379222173661641903663621633313596248626708984375
0.148249385321596260922660803771577775478363037109375
2.295280794675714997055138155701570212841033935546875
3.191793405074679679245264196651987731456756591796875
5.2285621012074248170620194287039339542388916015625
4.87851095556339942049817182123661041259765625
3.190830243218631512291949547943659126758575439453125
1.9182203426096628984254266470088623464107513427734375
6.2444824797612454858608543872833251953125
3.75442830693581441892092698253691196441650390625
2.28770423954405455191363216727040708065032958984375
1.73384720310459083947307590278796851634979248046875
4.81396234324115912528441185713745653629302978515625
2.091354145844588341418557320139370858669281005859375
3.058679112717353376638129702769219875335693359375
3.206544312344904223976982393651269376277923583984375
1.7539132838152402538156593436724506318569183349609375
6.009306276939060609265652601607143878936767578125
0.1407705823759259067262661346831009723246097564697265625
5.90006424458673794930518852197565138339996337890625
4.65565885739558371625435029272921383380889892578125
3.27781292663479373317159115686081349849700927734375
3.627081779762297397695647305226884782314300537109375
5.9037276108924547912693014950491487979888916015625
5.75223891240265583491009238059632480144500732421875
2.2416133319096633869094148394651710987091064453125
4.12703917370750605897455898229964077472686767578125
1.856973849454561786842532455921173095703125
6.27517458296690477936863317154347896575927734375
2.158882025943273053059101584949530661106109619140625
5.83297567878695932819255176582373678684234619140625
2.12654142764943543397748726420104503631591796875
2.43703473888051380669139689416624605655670166015625
5.35289774109315441563694548676721751689910888671875
4.770576783676400367539827129803597927093505859375
1.6639527019139548347226309488178230822086334228515625
3.181981277052519541115316314972005784511566162109375
4.7063541358345251097716754884459078311920166015625
3.854613597793204338159966937382705509662628173828125
4.11425671341252296997481607832014560699462890625
1.418681758703575379598760264343582093715667724609375
5.08042505629089635732498209108598530292510986328125
4.04814528033644105420307823806069791316986083984375
1.9203518435080735304865129364770837128162384033203125
4.60254159811877183727801821078173816204071044921875
0.8076176560617660538099471523310057818889617919921875
3.161474910665359683292763293138705193996429443359375
5.45603563658209367304152692668139934539794921875
4.78682148829969822401153578539378941059112548828125
1.893129667876477295607173800817690789699554443359375
3.212339457503466721988161225453950464725494384765625
0.1340780042705723429374842226025066338479518890380859375
2.21566269541334381898423089296557009220123291015625
0.637013188444966349521791926235891878604888916015625
2.884143280980404622226842548116110265254974365234375
3.11075819755073457173466522363014519214630126953125
4.82395465010551305340413819067180156707763671875
3.565360669169225449337545796879567205905914306640625
2.56221155373541620292598963715136051177978515625
0.345863887893625321368062941473908722400665283203125
3.281761085054480719946923272800631821155548095703125
5.0338998258340819091927187400870025157928466796875
4.08764063059242932496317735058255493640899658203125
5.75856034233987745807326064095832407474517822265625
2.449312934239750827458692583604715764522552490234375
5.86548978501655238204648412647657096385955810546875
4.9255870770809497827258383040316402912139892578125
5.772787823373366933310535387136042118072509765625
4.55681462646638646418750795419327914714813232421875
0.6451554627750051285062227179878391325473785400390625
4.8778856166016595352630247361958026885986328125
5.46059764713077111508710004272870719432830810546875
5.66391161416737087819228690932504832744598388671875
6.0075695912974520496163677307777106761932373046875
1.9453002260514573595884257883881218731403350830078125
2.824505716831137380751215459895320236682891845703125
1.2237297231464678848311677938909269869327545166015625
5.3871120038999418255798445898108184337615966796875
5.78197040215555890796395033248700201511383056640625
1.6194618667793516664232811308465898036956787109375
6.23099175060450161112157729803584516048431396484375
1.3265651222868537484345097254845313727855682373046875
0.91814883523135593090813699745922349393367767333984375
5.73145799725390947543246511486358940601348876953125
0.94278335747855412929396834442741237580776214599609375
0.349550766218696129516985138252493925392627716064453125
3.849341817428817424939779812120832502841949462890625
2.956138634935711717588446845184080302715301513671875
2.269736123797789328904173089540563523769378662109375
5.17300599657313764367927433340810239315032958984375
2.750771102498403397618176313699223101139068603515625
3.15891236095518479487509466707706451416015625
3.289546653143657461981774758896790444850921630859375
3.002685879383767630912416279898025095462799072265625
0.84214080524327361576553130362299270927906036376953125
4.7364297887686870325296695227734744548797607421875
5.823914097959022484474189695902168750762939453125
5.66334078060739098958720205700956284999847412109375
0.595977256715761516403517816797830164432525634765625
5.9338410948881215034589331480674445629119873046875
5.20504163203854108843415815499611198902130126953125
1.0762442853486924310146832794998772442340850830078125
5.81035497153044655505027549224905669689178466796875
6.00126627813771040820256530423648655414581298828125
0.429720540665894101817201544690760783851146697998046875
6.011942148103319283336531952954828739166259765625
0.322228082263449844280245315530919469892978668212890625
0.87180717173500388295082075273967348039150238037109375
5.1505082709877942903631264925934374332427978515625
0.11692118778048586624773719222503132186830043792724609375
2.213455497281890504979173783794976770877838134765625
0.49941103207884218750933769115363247692584991455078125
4.63316059053054996041964841424487531185150146484375
2.213061928431292013641495941556058824062347412109375
4.99117998762169623461204537306912243366241455078125
0.48471315851479113145927613004459999501705169677734375
1.86392428150039268786031243507750332355499267578125
0.40104916327592288194381353605422191321849822998046875
5.59334036414788737801018214668147265911102294921875
3.18799974543323916265080697485245764255523681640625
5.01021711319864504474708155612461268901824951171875
2.920367247978078228953791040112264454364776611328125
5.80442579966922522771710646338760852813720703125
2.6610346308692012229357715114019811153411865234375
1.38348217083185343057039062841795384883880615234375
4.38121254396225001670472920523025095462799072265625
1.3481214951988602646082426872453652322292327880859375
0.86821255780207573504725360180600546300411224365234375
0.66709400465110968436732719055726192891597747802734375
0.66896055437110391039823298342525959014892578125
0.68035809634270061341254631770425476133823394775390625
0.49383426573771715961669315220206044614315032958984375
0.96133062427925441983944665480521507561206817626953125
0.1570047452845632907081352414024877361953258514404296875
0.52187901899306055053529007636825554072856903076171875
0.76471900416757865315275921602733433246612548828125
0.0414705844789140798400950416180421598255634307861328125
0.390409403196726623175294434986426495015621185302734375
0.0299579473351863911911863169734715484082698822021484375
0.169940002341726792423060032888315618038177490234375
0.119576565976988791195623207386233843863010406494140625
0.53663667595788677733281701875966973602771759033203125
0.8625864609436069141423786277300678193569183349609375
0.87475772475579649523069747374393045902252197265625
0.69637794825079757377039868515566922724246978759765625
0.78362435558048282313592380887712351977825164794921875
0.07116724833434785735253313987414003349840641021728515625
0.01213181531621693350075918971242572297342121601104736328125
0.1750763073447515749681002716897637583315372467041015625
0.8477731527983085602073742848006077110767364501953125
0.009436606433911531865987853961996734142303466796875
0.09860345632704135832025116314980550669133663177490234375
0.311903552763119151780557558595319278538227081298828125
0.4431691074013566211675652084522880613803863525390625
0.772074702089687203709900131798349320888519287109375
0.347289263432514483387336667874478735029697418212890625
0.03869986442788497793543456282350234687328338623046875
0.508887184089462873970433065551333129405975341796875
0.28877517268470265232593874316080473363399505615234375
0.430966790500547147768628519770572893321514129638671875
0.92736318750649837650001927613629959523677825927734375
0.36188916459767572764150145303574390709400177001953125
0.492049767399229953657169289726880379021167755126953125
0.0310283079887872133284520970164521713741123676300048828125
0.54315754098033419694502299535088241100311279296875
0.364081401081793654128659909474663436412811279296875
0.49129361682166050595554906976758502423763275146484375
0.603501338792732600069257387076504528522491455078125
0.9516977173982643645189227754599414765834808349609375
0.1450586701487464325044385304863681085407733917236328125
0.659779555937172634827447836869396269321441650390625
0.6154236866233049330077164995600469410419464111328125
0.37627387250600097257091647406923584640026092529296875
0.5997657462022107921484348480589687824249267578125
0.50795577909236577784923838407848961651325225830078125
0.6502021656605425636854533877340145409107208251953125
0.2453236823181266235138764386647380888462066650390625
0.433849402439710429835173499668599106371402740478515625
0.386112310172110950734492007541120983660221099853515625
0.4044995244613380780407396741793490946292877197265625
0.34367917121559343751613369022379629313945770263671875
0.481863998566690820979374620947055518627166748046875
0.23126578248630547118835920628043822944164276123046875
0.63816995762203354569663815709645859897136688232421875
0.1320357830878513827332909613687661476433277130126953125
0.9067359184411987182983239108580164611339569091796875
0.275576560886379606785112628131173551082611083984375
0.490294759855742945386936071372474543750286102294921875
0.6464704753116101709764507177169434726238250732421875
0.31689947858308420425288431943044997751712799072265625
0.1207930418293890750813801560070714913308620452880859375
0.58974522053717881586720750419772230088710784912109375
0.97919297496750623555072934323106892406940460205078125
0.1034901738648722757663023230634280480444431304931640625
0.488472333405386816007620609525474719703197479248046875
0.294575135826400991145845864593866281211376190185546875
0.276570623403680826424277938713203184306621551513671875
0.6671242921925728541765465706703253090381622314453125
0.8618044712868540013772644670098088681697845458984375
0.69079990577455607780876789547619409859180450439453125
0.08852287711972504913315873409374034963548183441162109375
0.7856555938653906334678822531714104115962982177734375
0.11969542834893587279765370112727396190166473388671875
0.01594987186414649482646410660890978761017322540283203125
0.36601085884776474177471072835032828152179718017578125
0.92059215806452188157749105812399648129940032958984375
0.299950994690857342117595862873713485896587371826171875
0.85292062529033074724793550558388233184814453125
0.53393200111292860032818907711771316826343536376953125
0.64444925433231947664580729906447231769561767578125
0.46440049748141343233243105714791454374790191650390625
0.85455583867363438255182472857995890080928802490234375
0.71546352408615110363143685390241444110870361328125
0.248807527240741788165934167409432120621204376220703125
0.8269743802151523492938167692045681178569793701171875
0.5711082492820491740559418758493848145008087158203125
0.5371432567653913192629033801495097577571868896484375
0.279596695806643313897410507706808857619762420654296875
0.632714195937250867274315169197507202625274658203125
0.4230045887748732358346615001210011541843414306640625
0.628395918118020535558798655983991920948028564453125
0.48552895546216934263838993501849472522735595703125
0.85393412497543452754911186275421641767024993896484375
0.2074908820015801402814048515210743062198162078857421875
0.2948603794420419088595508583239279687404632568359375
0.41027045967535602510878334214794449508190155029296875
0.7909645260269588806778529033181257545948028564453125
0.50023199827421083174527893788763321936130523681640625
0.78650642828387506977350085435318760573863983154296875
0.08369604455479236204684667654873919673264026641845703125
0.68864695806458919857817591037019155919551849365234375
0.52897806583390483137208093467052094638347625732421875
0.0115681365186200181549569521166631602682173252105712890625
0.8826289004099689972093756296089850366115570068359375
0.104121328845676652807838991066091693937778472900390625
0.64300738724088635223097298876382410526275634765625
0.64923023555857606314845043016248382627964019775390625
0.66086415977257495502072970339213497936725616455078125
0.46698592252423332116251231127534992992877960205078125
0.89103048569105125498168717967928387224674224853515625
0.72029517810805476774049793675658293068408966064453125
0.5211071793553918585217843428836204111576080322265625
0.5661272427840751131356000769301317632198333740234375
0.017687753316800926273177907432909705676138401031494140625
0.7703787026788939673593858969979919493198394775390625
0.9661144791013163146686792970285750925540924072265625
0.75618809217409610479165849028504453599452972412109375
0.6848158751078023964709018400753848254680633544921875
0.30366730564444666118362192719359882175922393798828125
0.41203856068292565861810317073832266032695770263671875
0.873078264236952339416575341601856052875518798828125
0.140305881453820446846947334051947109401226043701171875
0.1835822896955452421252630301751196384429931640625
0.0254728589325551209310294353826975566335022449493408203125
0.6695250830005505804365384392440319061279296875
0.412414514651715080617577768862247467041015625
0.217804289058691036284898245867225341498851776123046875
0.90107996524361888557308475355966947972774505615234375
0.95486087117104834209868613470462150871753692626953125
0.136565201979393702202969507197849452495574951171875
0.0201515164320131383302037164639841648750007152557373046875
0.184265233196441668983567296891123987734317779541015625
0.5977722255502697645823673155973665416240692138671875
0.54409583683316398161622373663703911006450653076171875
0.436525883356354171827007348838378675282001495361328125
0.30922816568483979526860139230848290026187896728515625
0.01118034497424044877711413192855616216547787189483642578125
0.83191264645751228368197871532174758613109588623046875
0.25070408836505564398322576380451209843158721923828125
0.84533084735522556751874390101875178515911102294921875
0.77388884954801240301236475715995766222476959228515625
0.310049432008550229777910089978831820189952850341796875
0.1912670550827249293934784191151265986263751983642578125
0.7756246699838083014100220680120401084423065185546875
0.129897115346927716217351189698092639446258544921875
0.871367499172392978579182454268448054790496826171875
0.01486955304391195629987176829445161274634301662445068359375
0.9263882403850500768527354011894203722476959228515625
0.92471384113874000032495814593858085572719573974609375
0.51408130978889821083299693782464601099491119384765625
0.426618473802981179598958760834648273885250091552734375
0.67084387162273928506550646488904021680355072021484375
0.272843522612398248217147056493558920919895172119140625
0.63256145391266860311674236072576604783535003662109375
0.36014202300465758543879246644792146980762481689453125
0.443776782343060116620137023346615023910999298095703125
0.7356376628091734204417662112973630428314208984375
0.1257240106937121681962565844514756463468074798583984375
0.96495561160377951726019318812177516520023345947265625
0.07303264368001029238630650297636748291552066802978515625
0.813538552640722389952543380786664783954620361328125
0.2449013582639868180645947859375155530869960784912109375
3.28747555766602771176732034064116305671632289886474609375e-05
0.441049884278816139993040223998832516372203826904296875
0.6417736749359284065263864249573089182376861572265625
0.2859864399237495025118960256804712116718292236328125
0.77844066954145241243878672321443445980548858642578125
0.50619096751613124052227021820726804435253143310546875
0.45958682869541778170940915515529923141002655029296875
0.57483180313130455285630660000606440007686614990234375
0.61664472176537132863671786253689788281917572021484375
0.9537597242527453555993588452110998332500457763671875
0.7724347998259750713856419679359532892704010009765625
0.279187102000781839361565062063164077699184417724609375
0.98083241515831665058300359305576421320438385009765625
0.83224313744913935853020348076825030148029327392578125
0.2966198880675341431611968801007606089115142822265625
0.62277907301801216366499147625290788710117340087890625
0.24843409343084044138549870694987475872039794921875
0.2213994787174274614383051584809436462819576263427734375
0.01896015089888132554296618081934866495430469512939453125
0.95859991664001709121833982862881384789943695068359375
0.46421622972200449197544003254733979701995849609375
0.84868501259418438475989887592731975018978118896484375
0.603543304653625600764144110144115984439849853515625
0.74353191011749764083305080930585972964763641357421875
0.442125400734192430807212303989217616617679595947265625
0.57247041052788050219390925121842883527278900146484375
0.7767753683853779733681221841834485530853271484375
