              -3390.1201179701
         -0.000178169      -0.000003350       0.000000201
         -0.000003350      -0.000104132      -0.000006902
          0.000000201      -0.000006902      -0.000265054
          64
  1     6      -0.001440430       0.002244508      -0.002225394  C
  1     6       0.012611838      -0.011533609       0.021946667  C
  2    40      -0.025391538      -0.018439631      -0.016857080  Zr
  1     6      -0.009737310      -0.007388844       0.028351127  C
  2    40      -0.078767072       0.020385770       0.007767359  Zr
  2    40      -0.011305642      -0.041912203      -0.068158501  Zr
  1     6       0.049826331       0.000822979       0.008079684  C
  2    40      -0.103663385       0.038990428      -0.005383222  Zr
  1     6       0.042158690       0.034714121       0.065876128  C
  1     6       0.000097484      -0.003334732       0.020084667  C
  2    40       0.024020100       0.010232387      -0.014012264  Zr
  1     6      -0.022008827       0.001553455      -0.000133686  C
  2    40      -0.009164254       0.009291847      -0.049040784  Zr
  2    40      -0.003151001      -0.034453220      -0.002228789  Zr
  1     6      -0.022276745       0.020866834       0.011439458  C
  2    40       0.026458534       0.009369762       0.006850972  Zr
  2    40       0.023562901       0.010106333      -0.026742603  Zr
  1     6      -0.007059918      -0.015222341      -0.016531566  C
  2    40      -0.052456629       0.011098761       0.027744416  Zr
  1     6       0.082849139      -0.009563492      -0.017643123  C
  1     6       0.008780433      -0.011512804       0.027132685  C
  2    40       0.006087683       0.003942193       0.016619343  Zr
  1     6       0.034648208      -0.043455813       0.007583291  C
  2    40       0.008727067      -0.056830895       0.019338005  Zr
  2    40      -0.018392005      -0.036321377       0.018197000  Zr
  1     6      -0.004400927      -0.006423889      -0.040793510  C
  2    40       0.015519691       0.026706064      -0.001921640  Zr
  1     6       0.015427061      -0.007481036      -0.031987115  C
  1     6       0.000626060      -0.009556239       0.032094779  C
  2    40       0.012523308       0.017439084      -0.009849256  Zr
  1     6       0.001533311       0.009238417      -0.007245970  C
  2    40      -0.023181467       0.013625375      -0.025194513  Zr
  1     6       0.009820016       0.000273831       0.012321771  C
  2    40       0.046513512       0.014591626       0.027399964  Zr
  1     6       0.007248725       0.005562120      -0.036862403  C
  2    40      -0.001596838       0.039924467       0.020472839  Zr
  2    40       0.003692708      -0.036052877      -0.017848994  Zr
  1     6       0.001886006       0.008761497      -0.024498590  C
  2    40       0.050175898       0.004621804      -0.003763974  Zr
  1     6      -0.008840957       0.018096261      -0.018954297  C
  1     6       0.007047100       0.011549296       0.021815986  C
  2    40      -0.026626605       0.024735207       0.001055356  Zr
  1     6      -0.011105263       0.004798212      -0.041485768  C
  2    40       0.008087983       0.012836636       0.054546556  Zr
  2    40      -0.018004044      -0.004579411      -0.012299399  Zr
  1     6      -0.001886972      -0.010558618       0.005530350  C
  2    40      -0.000719398      -0.001134895       0.025587650  Zr
  1     6       0.006956107      -0.022790922      -0.035783371  C
  2    40      -0.014382952      -0.009066046      -0.002729001  Zr
  1     6       0.013475595       0.028183670      -0.020530537  C
  2    40       0.022359231       0.019596555       0.015793836  Zr
  1     6      -0.012534178       0.008558493      -0.007920113  C
  1     6      -0.002259245       0.012915507       0.024497805  C
  2    40      -0.088934581      -0.030684765       0.019090688  Zr
  1     6      -0.000739397      -0.004842471      -0.011965168  C
  2    40       0.025963198      -0.010476498       0.015416273  Zr
  2    40      -0.033419730       0.029068973      -0.017971352  Zr
  1     6       0.045741759       0.000071990       0.000435417  C
  2    40      -0.016761129       0.032985663       0.025728358  Zr
  1     6      -0.011693018      -0.030530839      -0.002720514  C
  1     6      -0.003292655      -0.015034341       0.022434020  C
  2    40      -0.000702753      -0.017653622       0.012798760  Zr
  1     6      -0.001808809      -0.008306201      -0.021007440  C
  2    40       0.032368816      -0.002049634      -0.012064837  Zr
