              -3390.1390696047
         -0.000129776      -0.000006505      -0.000005659
         -0.000006505      -0.000111384      -0.000008249
         -0.000005659      -0.000008249      -0.000156803
          64
  1     6      -0.024956668      -0.002652776       0.083575714  C
  1     6       0.010620492      -0.011756418      -0.008996062  C
  2    40      -0.023077485      -0.010392623       0.036286468  Zr
  1     6      -0.034279566       0.018828784       0.004874197  C
  2    40       0.058977873       0.044196663      -0.204351186  Zr
  2    40       0.027293093       0.007582076       0.017373525  Zr
  1     6       0.003538120      -0.007073715      -0.007227483  C
  2    40      -0.029170311      -0.038964741      -0.009418951  Zr
  1     6      -0.000422165       0.045957229      -0.042516699  C
  1     6       0.007838469       0.003686553      -0.036463076  C
  2    40       0.009340056      -0.008166242      -0.019644430  Zr
  1     6       0.013100739      -0.007859570       0.047617373  C
  2    40       0.000275134      -0.007279589       0.016996223  Zr
  2    40       0.005055674      -0.006591086       0.061518279  Zr
  1     6       0.001544966      -0.008589981       0.003522301  C
  2    40      -0.011896255       0.032678159      -0.013472059  Zr
  2    40       0.015831451       0.002818557      -0.003549590  Zr
  1     6      -0.003681655      -0.003538386       0.019935640  C
  2    40       0.047133624       0.013989582      -0.012996468  Zr
  1     6       0.021134518      -0.023573423       0.012791351  C
  1     6       0.008008205      -0.001699147       0.002396635  C
  2    40      -0.000003353       0.012152069      -0.035075650  Zr
  1     6       0.019497562      -0.004402116      -0.041983650  C
  2    40      -0.105627414       0.033374645       0.000376457  Zr
  2    40      -0.027160338      -0.014919018       0.012919501  Zr
  1     6      -0.018166914      -0.014094406       0.016795857  C
  2    40       0.010150693      -0.016991433       0.003040799  Zr
  1     6      -0.008764953       0.013781124       0.015610707  C
  1     6      -0.019369022      -0.004037397       0.010476134  C
  2    40       0.025427350       0.013005854      -0.014752421  Zr
  1     6      -0.029708029      -0.006807841       0.005580479  C
  2    40       0.046269453       0.018964747       0.009118764  Zr
  1     6       0.006678894      -0.000261875       0.055107716  C
  2    40      -0.024264501      -0.019472080       0.005679891  Zr
  1     6       0.005121186      -0.001171133      -0.016857647  C
  2    40      -0.011529149      -0.012308575       0.003266382  Zr
  2    40       0.012906373      -0.027399435      -0.040221609  Zr
  1     6      -0.005708291      -0.006101824       0.010768639  C
  2    40      -0.022374591      -0.007372629       0.032398101  Zr
  1     6       0.028416699       0.002821700       0.004111118  C
  1     6       0.007329366       0.010297343       0.018404087  C
  2    40      -0.014064287      -0.022915733      -0.030494991  Zr
  1     6       0.011473730       0.001874796      -0.003220026  C
  2    40       0.029507071      -0.019029625      -0.008384903  Zr
  2    40      -0.011087271       0.009962430      -0.030940040  Zr
  1     6      -0.004439319      -0.008509689      -0.010818413  C
  2    40      -0.022041158       0.012497015       0.024731951  Zr
  1     6      -0.006701206       0.005107500      -0.008516151  C
  2    40      -0.003664576       0.004938321       0.002699876  Zr
  1     6      -0.003523775      -0.009793672       0.004909556  C
  2    40       0.032606489      -0.009214855      -0.007853406  Zr
  1     6      -0.025282646      -0.010611242       0.007310016  C
  1     6      -0.006734462       0.000194446       0.002133356  C
  2    40       0.022435549       0.025949827       0.026376395  Zr
  1     6       0.003196387       0.011806418       0.007727298  C
  2    40       0.018191196      -0.003372324       0.034878750  Zr
  2    40       0.013631581       0.002880910      -0.037388970  Zr
  1     6      -0.002760174      -0.011880934       0.013148110  C
  2    40      -0.029703770       0.018765980      -0.004461953  Zr
  1     6      -0.009210627       0.005122643       0.018689414  C
  1     6       0.015197187      -0.022192138      -0.008605177  C
  2    40       0.018650597       0.011608115      -0.002228577  Zr
  1     6       0.009215203      -0.012767226      -0.013129231  C
  2    40      -0.027310005       0.019581482       0.019410053  Zr
