              -3390.1791108123
         -0.000118273      -0.000014245      -0.000001144
         -0.000014245      -0.000154484       0.000002393
         -0.000001144       0.000002393      -0.000059535
          64
  1     6      -0.013867039      -0.022489042      -0.004728955  C
  1     6      -0.016680644      -0.028940983      -0.006076131  C
  2    40      -0.031125621       0.015931656      -0.000729784  Zr
  1     6       0.040831999       0.046934754      -0.002667811  C
  2    40       0.026361009       0.023721290      -0.020780573  Zr
  2    40      -0.007990558      -0.021783678      -0.014828510  Zr
  1     6       0.002022568      -0.001582209      -0.004652940  C
  2    40      -0.030606517      -0.055672160       0.032893316  Zr
  1     6      -0.035436601       0.065447553       0.011782067  C
  1     6       0.007247775      -0.002380295       0.004193159  C
  2    40      -0.004527491       0.028066765      -0.001255819  Zr
  1     6       0.025187010      -0.018010420      -0.007955796  C
  2    40       0.015843444      -0.004063072       0.006232478  Zr
  2    40      -0.022173328      -0.003651586       0.010655021  Zr
  1     6      -0.018613962       0.014520679      -0.011138210  C
  2    40      -0.006916234       0.054591483       0.001289315  Zr
  2    40       0.011019620      -0.004625903      -0.007134441  Zr
  1     6       0.008574937       0.000129994       0.013419745  C
  2    40       0.008235831      -0.046972228      -0.021280404  Zr
  1     6       0.062192218       0.002500503      -0.010507118  C
  1     6       0.001781250      -0.011599789       0.000796402  C
  2    40      -0.016525158       0.008355930      -0.014791524  Zr
  1     6       0.031617085       0.016030232      -0.014680618  C
  2    40       0.027407943      -0.090381997       0.042442224  Zr
  2    40      -0.039249072      -0.017430485       0.005339759  Zr
  1     6      -0.011278204      -0.025163837      -0.003603883  C
  2    40       0.006118342       0.011594149      -0.022947144  Zr
  1     6      -0.010200431       0.020643632       0.018584383  C
  1     6       0.007695011       0.011429513      -0.014943296  C
  2    40       0.002971704      -0.020685427       0.007339513  Zr
  1     6      -0.011162059      -0.006468891       0.002748989  C
  2    40       0.021686891       0.018972451      -0.021408967  Zr
  1     6       0.016250896      -0.009631070      -0.011190235  C
  2    40       0.009124015       0.006139596       0.012501576  Zr
  1     6      -0.004584143      -0.006563330       0.010135903  C
  2    40       0.005217247       0.030391690       0.029432556  Zr
  2    40      -0.002487806      -0.011837834       0.012235559  Zr
  1     6      -0.001799007      -0.013765005      -0.007447356  C
  2    40      -0.001779744       0.033742465       0.004566533  Zr
  1     6      -0.017980298       0.016643184      -0.002939602  C
  1     6       0.010823215       0.026242232      -0.003881690  C
  2    40      -0.000500934       0.008930966      -0.009658876  Zr
  1     6      -0.016365921      -0.010691987       0.000210682  C
  2    40      -0.001027698      -0.014556772      -0.004622137  Zr
  2    40       0.008128777      -0.028466948      -0.005404475  Zr
  1     6      -0.005670735       0.033896540       0.002113250  C
  2    40      -0.006745643       0.009210821      -0.009904080  Zr
  1     6       0.009386355      -0.008560234       0.004616478  C
  2    40       0.003308296       0.008358387       0.018610516  Zr
  1     6      -0.017284008       0.018486572       0.019965990  C
  2    40      -0.016594347       0.012182691      -0.003651437  Zr
  1     6      -0.029743913      -0.029348482       0.000369214  C
  1     6       0.008781476      -0.000039482      -0.005667928  C
  2    40       0.010641070      -0.002984908       0.003890442  Zr
  1     6       0.007200560       0.004822293      -0.009353962  C
  2    40       0.000048032       0.009683599       0.007878906  Zr
  2    40      -0.002378427      -0.021865869      -0.013725579  Zr
  1     6       0.008147374       0.010241150      -0.015663386  C
  2    40      -0.022403687       0.033277358       0.011476582  Zr
  1     6       0.008650108      -0.012283761       0.012307390  C
  1     6      -0.008614668      -0.002957812      -0.006868662  C
  2    40       0.060528429      -0.000807097       0.000586267  Zr
  1     6      -0.030629219      -0.018071770       0.013586044  C
  2    40      -0.009090327      -0.027166840      -0.007359669  Zr
