              -3390.0510562096
         -0.000152402      -0.000004308      -0.000014260
         -0.000004308      -0.000187109      -0.000014814
         -0.000014260      -0.000014814      -0.000185486
          64
  1     6       0.008338325       0.004864769       0.016404368  C
  1     6       0.007043970      -0.041348982       0.011114926  C
  2    40      -0.008081758       0.055934534      -0.029936896  Zr
  1     6       0.119968444      -0.005899485      -0.025304960  C
  2    40      -0.038841295       0.153411321       0.209989646  Zr
  2    40       0.003303537      -0.055774012      -0.066306773  Zr
  1     6      -0.009681880       0.017734162      -0.003751404  C
  2    40       0.007011717      -0.042827126       0.115296388  Zr
  1     6      -0.003287836      -0.066083239      -0.063242427  C
  1     6       0.008554318      -0.009278391       0.013885105  C
  2    40      -0.023016689       0.019901288      -0.008945576  Zr
  1     6      -0.002028091       0.007966475      -0.032528530  C
  2    40       0.015995973       0.030490803      -0.007988906  Zr
  2    40       0.006449960      -0.002267221       0.003223602  Zr
  1     6       0.006591580       0.006274217       0.015203035  C
  2    40      -0.022318230      -0.023084546       0.006798149  Zr
  2    40       0.016814225      -0.010796912       0.020993341  Zr
  1     6      -0.005812462       0.007883102       0.016584139  C
  2    40       0.007495712      -0.084513796      -0.051939971  Zr
  1     6       0.018616414       0.001737158      -0.010939583  C
  1     6      -0.033502248       0.009122608       0.004528625  C
  2    40      -0.003996539       0.030301033       0.021437245  Zr
  1     6       0.012784711      -0.078673710       0.000128435  C
  2    40       0.013651213      -0.070072078      -0.086942561  Zr
  2    40      -0.019812096      -0.005439252      -0.008368553  Zr
  1     6       0.008418123      -0.014081153       0.003636871  C
  2    40       0.025087292       0.016762093      -0.012358669  Zr
  1     6      -0.008805604       0.008194265       0.004872976  C
  1     6      -0.008790951      -0.006845765      -0.003585537  C
  2    40       0.010803379       0.027029373       0.018404867  Zr
  1     6      -0.016342567       0.016713662       0.023564783  C
  2    40      -0.016369582       0.009446008      -0.014334529  Zr
  1     6       0.007888411       0.017053796      -0.003635864  C
  2    40       0.005260578       0.021714409       0.016153173  Zr
  1     6      -0.024768657       0.007409924       0.013208502  C
  2    40       0.008544879      -0.011330137      -0.005563306  Zr
  2    40       0.002645700      -0.004503409       0.025271861  Zr
  1     6      -0.000326135      -0.003713020      -0.004088568  C
  2    40      -0.015224371       0.035411069      -0.042010851  Zr
  1     6      -0.003442921       0.012856931       0.009939147  C
  1     6       0.016250074      -0.000055469      -0.026082947  C
  2    40      -0.020081835       0.009883068       0.014880719  Zr
  1     6      -0.008127235      -0.012116451       0.002888775  C
  2    40      -0.006611337       0.025858154       0.019304523  Zr
  2    40      -0.003197894      -0.002761173       0.014606089  Zr
  1     6      -0.006900206      -0.001889403      -0.013736400  C
  2    40       0.021632836       0.000211140      -0.012066066  Zr
  1     6      -0.001891439      -0.005350380      -0.008512661  C
  2    40      -0.008891126      -0.011648389      -0.012533567  Zr
  1     6      -0.012374377       0.013224195      -0.014659757  C
  2    40      -0.047826597      -0.020912259      -0.012725080  Zr
  1     6      -0.002307221      -0.000327425       0.004080626  C
  1     6      -0.009506412       0.007273503       0.012599375  C
  2    40       0.016436744       0.002024250      -0.000213654  Zr
  1     6       0.001453140       0.006728588      -0.010059373  C
  2    40       0.019719001       0.040749709      -0.026706531  Zr
  2    40      -0.017641378      -0.002132649       0.016567236  Zr
  1     6       0.011400250      -0.002926322      -0.002727058  C
  2    40      -0.004602306      -0.001373187      -0.037381985  Zr
  1     6       0.000315067      -0.006313962       0.013632303  C
  1     6       0.009547196       0.000223834       0.000536489  C
  2    40      -0.010623926      -0.033215920       0.008253829  Zr
  1     6      -0.015471819       0.014693232       0.020849088  C
  2    40       0.021768571      -0.001492118      -0.040061976  Zr
