              -3390.1717893901
         -0.000152220      -0.000016736       0.000010126
         -0.000016736      -0.000191398       0.000014233
          0.000010126       0.000014233      -0.000102759
          64
  1     6       0.018234793       0.005126290      -0.002173639  C
  1     6       0.000404503       0.014813337      -0.022912542  C
  2    40       0.013529092       0.021657796      -0.011579795  Zr
  1     6      -0.012642857      -0.049804353       0.002588807  C
  2    40      -0.054014115      -0.022227225      -0.029419059  Zr
  2    40       0.001562390       0.017497762       0.028733781  Zr
  1     6      -0.008092394       0.018693754      -0.003025896  C
  2    40      -0.021892995       0.021773295      -0.027325350  Zr
  1     6       0.031408848      -0.026160828       0.018816822  C
  1     6       0.006038365       0.000234308      -0.022663077  C
  2    40      -0.021975884       0.000829918       0.024530768  Zr
  1     6       0.013886880      -0.004310727       0.008310527  C
  2    40       0.014053132       0.021577078      -0.010035289  Zr
  2    40      -0.004992554      -0.018064097       0.006444662  Zr
  1     6       0.033671771       0.011067030       0.003702654  C
  2    40       0.000744380      -0.023194852      -0.020044922  Zr
  2    40      -0.014863626      -0.014724514       0.035351945  Zr
  1     6       0.013633095       0.012053646       0.008013987  C
  2    40      -0.013638167       0.025285952      -0.034996029  Zr
  1     6       0.004233957      -0.090467899      -0.023716735  C
  1     6       0.007385744      -0.027870632       0.014527368  C
  2    40      -0.007284376       0.027335232      -0.035855799  Zr
  1     6      -0.003770740      -0.025256857      -0.001644892  C
  2    40      -0.048642844       0.099806310      -0.044974447  Zr
  2    40       0.005659819       0.019574636      -0.009881227  Zr
  1     6       0.022705381      -0.010867366      -0.010165750  C
  2    40       0.000118068      -0.001226791       0.025088377  Zr
  1     6       0.000333161      -0.018625794      -0.007628809  C
  1     6       0.008348893       0.008856644       0.006937095  C
  2    40      -0.005385266       0.019938558       0.035541069  Zr
  1     6      -0.010123768       0.018806916       0.033263003  C
  2    40      -0.009200012       0.009617022       0.000119372  Zr
  1     6       0.007332669      -0.004273780       0.003972692  C
  2    40      -0.008736955       0.005410239       0.005460874  Zr
  1     6       0.011867730       0.012930012       0.009462722  C
  2    40       0.008486834       0.000122406       0.004257937  Zr
  2    40       0.029630392      -0.020865948      -0.019130125  Zr
  1     6       0.010265399       0.014633060       0.007605714  C
  2    40      -0.013166713      -0.009114177       0.019073987  Zr
  1     6       0.020077497       0.008432013       0.004488863  C
  1     6       0.002483128      -0.023957748       0.008129722  C
  2    40       0.010640217      -0.008317632      -0.035341783  Zr
  1     6       0.009474043       0.012725767       0.011154076  C
  2    40      -0.019856964       0.007698434       0.047991943  Zr
  2    40      -0.033049486       0.020747125      -0.022096644  Zr
  1     6       0.017891302      -0.022479073       0.011176310  C
  2    40       0.021421051      -0.002453556      -0.006677061  Zr
  1     6       0.005817079      -0.010230812      -0.018151910  C
  2    40       0.007040762       0.018055884      -0.045350979  Zr
  1     6      -0.000571329      -0.008045351      -0.020381855  C
  2    40       0.001087164      -0.050151090       0.041051081  Zr
  1     6       0.015467385      -0.014354631       0.012518404  C
  1     6      -0.004816305       0.011766693       0.023546389  C
  2    40      -0.004091246       0.005805095       0.000083970  Zr
  1     6       0.001499095       0.019713737      -0.008864863  C
  2    40      -0.023273613      -0.018840433       0.031521105  Zr
  2    40      -0.003049091       0.004374829       0.011064927  Zr
  1     6       0.004988734      -0.021358919      -0.004133390  C
  2    40      -0.001522620       0.001329180       0.010377914  Zr
  1     6       0.017060637      -0.006510003       0.007786613  C
  1     6       0.008906426       0.006578242      -0.010797469  C
  2    40      -0.041049963      -0.001298437       0.002101373  Zr
  1     6       0.002308176       0.001284573      -0.016086935  C
  2    40      -0.021402036       0.030609711      -0.000209511  Zr
