              -3389.9945479177
         -0.000363704       0.000003563       0.000020466
          0.000003563      -0.000124859      -0.000005056
          0.000020466      -0.000005057      -0.000202726
          64
  1     6      -0.006778681      -0.001119670       0.014191965  C
  1     6       0.007029578      -0.015957838       0.002479382  C
  2    40      -0.028669462       0.013363562      -0.000175949  Zr
  1     6      -0.038184089       0.038328347      -0.049584330  C
  2    40       0.121152221       0.044793017       0.021808632  Zr
  2    40      -0.031353461      -0.014086592       0.003188801  Zr
  1     6       0.015220887      -0.003668486       0.013240356  C
  2    40       0.034359944       0.034163317      -0.029470468  Zr
  1     6      -0.426701568      -0.025759698      -0.007043971  C
  1     6      -0.005912613      -0.004362482       0.004109084  C
  2    40       0.010111416      -0.002043786       0.003004378  Zr
  1     6      -0.010501070       0.004560143      -0.000387019  C
  2    40      -0.017472441      -0.000267071      -0.021095210  Zr
  2    40       0.010568842       0.002949584      -0.011184858  Zr
  1     6      -0.007588519      -0.002881309       0.005877013  C
  2    40      -0.022687693      -0.008450982       0.033815780  Zr
  2    40      -0.023730988       0.012233084       0.008172810  Zr
  1     6       0.000124375       0.001420608      -0.010391087  C
  2    40       0.053442247      -0.077557558      -0.109071514  Zr
  1     6      -0.015504394      -0.010474864      -0.003747776  C
  1     6       0.002034937      -0.021143960      -0.001314725  C
  2    40      -0.024582322       0.002675772       0.022459185  Zr
  1     6       0.019721757       0.066512038       0.125038255  C
  2    40       0.500088176      -0.021825141       0.024100683  Zr
  2    40       0.020183410      -0.007233038       0.000633056  Zr
  1     6      -0.013953427      -0.003482700      -0.010892709  C
  2    40      -0.010524193       0.017098405      -0.069784718  Zr
  1     6      -0.002884137      -0.006609937      -0.021460792  C
  1     6      -0.004228264       0.006057340       0.002405654  C
  2    40       0.033828284       0.030883142       0.034518420  Zr
  1     6       0.001055500      -0.012028164       0.005325822  C
  2    40      -0.025024379      -0.008956156      -0.002029210  Zr
  1     6      -0.004727922       0.004650848      -0.008074712  C
  2    40       0.004355254      -0.000521146      -0.003709347  Zr
  1     6       0.009260633      -0.005901202      -0.000243661  C
  2    40      -0.030244205       0.013646933      -0.018660753  Zr
  2    40      -0.014896975       0.018658254      -0.002216550  Zr
  1     6      -0.001469423      -0.003239935       0.003464735  C
  2    40      -0.027055235      -0.016458421       0.027580453  Zr
  1     6       0.041078947       0.001309202       0.002692012  C
  1     6      -0.022436304       0.005311000      -0.004287122  C
  2    40       0.033131367      -0.000638765      -0.006770635  Zr
  1     6       0.004746816       0.006718050      -0.008162319  C
  2    40      -0.003970733      -0.009575749       0.016626267  Zr
  2    40       0.001365740       0.004681391      -0.001684551  Zr
  1     6      -0.028750901      -0.012776651       0.001220686  C
  2    40       0.008130152       0.015946623       0.021800398  Zr
  1     6       0.005717044       0.001335352       0.005656880  C
  2    40      -0.018432876      -0.028696794      -0.022219942  Zr
  1     6       0.008267907      -0.004749668       0.003563818  C
  2    40      -0.028966819      -0.002335144       0.029159348  Zr
  1     6      -0.022663988      -0.004167459       0.002440390  C
  1     6       0.008326033      -0.005217455       0.017284090  C
  2    40       0.001512552       0.010462817      -0.006008153  Zr
  1     6      -0.004063523       0.005595302      -0.011450596  C
  2    40      -0.039273903      -0.004028012      -0.009619539  Zr
  2    40       0.025913757      -0.016837226      -0.022916360  Zr
  1     6      -0.017731391       0.002585972       0.007293595  C
  2    40      -0.006688171      -0.013948964       0.002280472  Zr
  1     6       0.000348600       0.013792637      -0.001692362  C
  1     6      -0.010485543       0.000393230       0.026023231  C
  2    40       0.027761841      -0.014563348      -0.019503989  Zr
  1     6      -0.001731502       0.003830639      -0.007934898  C
  2    40      -0.005816254       0.006898997       0.009907752  Zr
