              -3389.9716898923
         -0.000339648       0.000000533      -0.000003100
          0.000000534      -0.000193880      -0.000001502
         -0.000003100      -0.000001502      -0.000170174
          64
  1     6      -0.004386716      -0.014537254      -0.003201553  C
  1     6       0.011189835       0.002141835       0.007811710  C
  2    40       0.000274204       0.027207394       0.015684185  Zr
  1     6      -0.024726568       0.092218672      -0.004862051  C
  2    40       0.050508889      -0.063764819       0.056009118  Zr
  2    40       0.007502016       0.015365735       0.022488064  Zr
  1     6       0.005729565       0.064741676       0.006208977  C
  2    40       0.220883125      -0.149004278       0.016891999  Zr
  1     6      -0.178212248      -0.034819054      -0.033456662  C
  1     6       0.001037630      -0.010607096       0.008812585  C
  2    40       0.010207016      -0.002122789       0.017541286  Zr
  1     6      -0.011296204      -0.009645008      -0.007420105  C
  2    40      -0.035616462       0.054967691       0.006553945  Zr
  2    40      -0.016275724       0.006255664      -0.000727123  Zr
  1     6       0.000479922       0.010309976      -0.012120870  C
  2    40      -0.022378742       0.016809731       0.004308604  Zr
  2    40      -0.010460515      -0.000556245      -0.010561521  Zr
  1     6      -0.015984265       0.040526704      -0.027099735  C
  2    40       0.026330493       0.029987906       0.047502122  Zr
  1     6       0.085223397      -0.116255767      -0.011631004  C
  1     6       0.011011108       0.007534495      -0.001694480  C
  2    40      -0.018754751       0.012141749      -0.013565631  Zr
  1     6      -0.064018202       0.020939162       0.051588569  C
  2    40       0.179454987      -0.070985322      -0.063554238  Zr
  2    40       0.034841345      -0.021923556       0.015862417  Zr
  1     6       0.010251946       0.018223076      -0.015032525  C
  2    40      -0.005720992      -0.004627357      -0.039262600  Zr
  1     6      -0.000745560      -0.002798367       0.016014888  C
  1     6       0.009104514       0.015267627      -0.001726954  C
  2    40       0.029932576       0.023606420       0.029926764  Zr
  1     6       0.011210311      -0.024893127      -0.022327066  C
  2    40      -0.032692564      -0.018984876      -0.048954057  Zr
  1     6      -0.018766191       0.005523373      -0.011182700  C
  2    40      -0.001471867       0.046115520       0.005902955  Zr
  1     6       0.010745621      -0.024845297       0.005325748  C
  2    40      -0.042970265      -0.004964698       0.014593130  Zr
  2    40      -0.012506218       0.004043887       0.007180800  Zr
  1     6      -0.021604813       0.013032817       0.006250469  C
  2    40       0.009461393      -0.008580697       0.034614198  Zr
  1     6       0.016892376       0.013143685       0.018769604  C
  1     6      -0.026311872       0.023946570      -0.004081995  C
  2    40      -0.000282415      -0.022548712       0.016078979  Zr
  1     6       0.022532746       0.008268564       0.003111637  C
  2    40       0.004385511      -0.007341939       0.012098354  Zr
  2    40       0.022564984       0.000249936      -0.000438811  Zr
  1     6      -0.025350827      -0.009405121      -0.016910915  C
  2    40       0.003247226       0.006858017       0.002228354  Zr
  1     6       0.016074188       0.004020203      -0.007336997  C
  2    40       0.035697957      -0.019715757      -0.021100744  Zr
  1     6      -0.015090496       0.002075988       0.005969571  C
  2    40      -0.028240757       0.012736594      -0.006331457  Zr
  1     6      -0.027494399       0.019254106       0.010002361  C
  1     6       0.001002704      -0.022448011      -0.009692240  C
  2    40      -0.037980252       0.048180253      -0.007357118  Zr
  1     6      -0.080509036       0.002371689       0.014712459  C
  2    40      -0.023935353       0.013852747      -0.020214159  Zr
  2    40      -0.008133752       0.054024326      -0.005901061  Zr
  1     6       0.013121210      -0.030057933      -0.004451703  C
  2    40      -0.028724183      -0.022212795      -0.030659964  Zr
  1     6       0.001467608      -0.006411296      -0.002025731  C
  1     6      -0.015330109       0.006653915       0.005515515  C
  2    40      -0.032809226      -0.034744344      -0.046784142  Zr
  1     6       0.027101971       0.001035034      -0.009047304  C
  2    40       0.000345422       0.016478625       0.031413779  Zr
