949159842
5.54683480993922639612492275773547589778900146484375
1.2504491962388259995719863582053221762180328369140625
4.29561357916544306334571956540457904338836669921875
4.3897809868093435881064579007215797901153564453125
5.5158286591838674439713940955698490142822265625
1.1515545911885214369618779528536833822727203369140625
1.465970667507284108665999156073667109012603759765625
2.004462900659990776119911970454268157482147216796875
1.29308965359044858445258796564303338527679443359375
1.8732693758518992321882024043588899075984954833984375
3.62448914367892438548324207658879458904266357421875
6.05792536741213183404397568665444850921630859375
1.080654205082279162297709262929856777191162109375
0.64123036287006784927910985061316750943660736083984375
0.93341550012174956396648894951795227825641632080078125
3.037662568279575037166750917094759643077850341796875
0.52308572499737449046364190508029423654079437255859375
3.50042450351552414389288969687186181545257568359375
2.1592126103189297481321773375384509563446044921875
4.8328294718857396361499922932125627994537353515625
6.1096799302023736544242638046853244304656982421875
4.513456362027131518743772176094353199005126953125
0.468795913474134684495453484487370587885379791259765625
4.9942290336646379955709562636911869049072265625
4.1596986266998481340806392836384475231170654296875
5.8780949747504820379617740400135517120361328125
0.1223185976977625433192997661535628139972686767578125
1.0321823426846059579276015938376076519489288330078125
2.715577772990220406512662520981393754482269287109375
1.16365780106474314692377447499893605709075927734375
3.831041083850767581253649041173048317432403564453125
3.84605828317294484719468528055585920810699462890625
2.2062468309368821195448617800138890743255615234375
2.889640813010958542150774519541300833225250244140625
2.670317674087499426605063490569591522216796875
5.75731541368444510453628026880323886871337890625
1.1404837421192866031560697592794895172119140625
3.7892776019995295655462541617453098297119140625
4.22232043547286206575108735705725848674774169921875
3.371165228509676925483518061810173094272613525390625
3.084634439329031696530591943883337080478668212890625
3.5998362296256463110921686165966093540191650390625
2.33572463664526264182086379150860011577606201171875
4.40992584273267151928621387924067676067352294921875
0.022245977864925603473267301524174399673938751220703125
2.417110382747452046459102348308078944683074951171875
3.491718713141732877147660474292933940887451171875
1.92422857056383467266869047307409346103668212890625
1.0432808496830288103041084468713961541652679443359375
3.780239688260263353214440940064378082752227783203125
6.25315436554565540205885554314590990543365478515625
6.210410830986237584738773875869810581207275390625
0.9587709688787755535344103918760083615779876708984375
2.7197324632583619319348144927062094211578369140625
6.216824462798260952922646538354456424713134765625
0.99673986359851152183608746781828813254833221435546875
2.773787289176524506473242581705562770366668701171875
6.2252266391540871381948818452656269073486328125
2.945409362608573555775137720047496259212493896484375
3.8776290354572697793855695636011660099029541015625
3.642365525684172933296167684602551162242889404296875
0.537757102189191815710955779650248587131500244140625
6.27472278412511830225639641867019236087799072265625
0.26567917997868428781060856636031530797481536865234375
0.9926697534019830460039202080224640667438507080078125
4.7484168575786753763168235309422016143798828125
1.01710336433198289540769110317341983318328857421875
2.073091623686742490662027194048278033733367919921875
2.108960212773169029532027707318775355815887451171875
0.87378043756239609507474597194232046604156494140625
4.60053647871314286277311111916787922382354736328125
5.06087297477288533542605364345945417881011962890625
0.18391109145922890366620094937388785183429718017578125
6.20065039371145498847681665210984647274017333984375
3.071696189962057399469586016493849456310272216796875
6.0969758003929737100179409026168286800384521484375
3.806648244447609297225199043168686330318450927734375
1.2817753515462990687723277005716226994991302490234375
2.81353327533519159686647981288842856884002685546875
4.8330040594550371935156363178975880146026611328125
5.593373402689767459605718613602221012115478515625
4.7688418476848131177803225000388920307159423828125
1.6906926997469511331217972838203422725200653076171875
2.303165800232508164668843164690770208835601806640625
5.35157225539082315179939541849307715892791748046875
5.84225228809154994991104103974066674709320068359375
5.04746654188164800558524802909232676029205322265625
4.76006189906779741960463070427067577838897705078125
3.3396689680138980094170619850046932697296142578125
2.077512790334515191403852440998889505863189697265625
2.189435816096303000222178525291383266448974609375
0.5590562706963482231259376931120641529560089111328125
2.242850887457982000938727651373483240604400634765625
3.51108448619080260044711394584737718105316162109375
3.38828615669346699945663203834556043148040771484375
2.57940189153034804547814928810112178325653076171875
5.3591388597537150673133510281331837177276611328125
3.0257657205533110555961684440262615680694580078125
1.6238066047350425691320197074674069881439208984375
4.566299169094950372027597040869295597076416015625
2.2226924615065595247642704634927213191986083984375
4.36111699130399532720048227929510176181793212890625
2.462120811273425413645554726826958358287811279296875
6.2183513367290839113366018864326179027557373046875
1.23233527437353540534559215302579104900360107421875
5.929969640189113988526514731347560882568359375
3.9039821119394151338610754464752972126007080078125
3.1346698539395863036816081148572266101837158203125
2.04667223312810886426404977100901305675506591796875
4.92003186219057031536294744000770151615142822265625
2.423472282850391845698823090060614049434661865234375
1.850247343353137008392650386667810380458831787109375
2.28130688708440576561997659155167639255523681640625
2.266072096253101353369174830731935799121856689453125
3.921759284692267311100977167370729148387908935546875
4.59730705194531363844134830287657678127288818359375
4.6745521196087143067643410176970064640045166015625
0.84824014666119673666599965144996531307697296142578125
5.51323232776942884214577134116552770137786865234375
0.372092107243625791479502140646218322217464447021484375
2.79608500752804278732810416840948164463043212890625
3.8841533926128022358170710504055023193359375
0.2247170553923647506877614432596601545810699462890625
0.280529515939017259906762546961545012891292572021484375
1.0982069837569403691901470665470696985721588134765625
1.4231623754162132655665118363685905933380126953125
0.1336245289246681122730109336771420203149318695068359375
5.021105106285602914795163087546825408935546875
1.8662374797499616807527900164132006466388702392578125
0.036859607828521080696848599700388149358332157135009765625
1.5531778620350831232599375653080642223358154296875
5.6492632106410543002539270673878490924835205078125
1.0262200971714705577397808156092651188373565673828125
0.79803230960010029804152509314008057117462158203125
0.99772423776669472150757655981578864157199859619140625
0.718649424158026572939661491545848548412322998046875
1.1890008642764653412626785211614333093166351318359375
4.2106910618363588838519717683084309101104736328125
5.338440763323216486924138735048472881317138671875
3.685107208189303928946856103721074759960174560546875
3.408596658830798542538786932709626853466033935546875
3.67514171076165307994187969597987830638885498046875
2.098493999449030145143524350714869797229766845703125
5.9571526066903768281690645380876958370208740234375
3.417053413734288280778628177358768880367279052734375
3.46954294364121995641880857874639332294464111328125
4.3449935742927312531946881790645420551300048828125
4.91477595741316886090999105363152921199798583984375
3.0499389086586887742669205181300640106201171875
5.62748079640510123766716787940822541713714599609375
0.5997473809311586467885035744984634220600128173828125
1.5582870887942841253703818438225425779819488525390625
4.66574773733395620212149879080243408679962158203125
3.20246616487645408000162206008099019527435302734375
3.977013431331853698935674401582218706607818603515625
3.87446564188565734099256587796844542026519775390625
5.7126576537454383242220501415431499481201171875
4.64464597499228215582434131647460162639617919921875
3.679483563842893989459525982965715229511260986328125
5.4926978323934605441536405123770236968994140625
4.02944019620155469141309367842040956020355224609375
5.7835829504207172391261337907053530216217041015625
5.51467632739111746076332565280608832836151123046875
1.1792768390326513472388114678324200212955474853515625
3.844796568995481944597258916473947465419769287109375
0.0459077795493520735004011612545582465827465057373046875
0.58651725307504254391943732116487808525562286376953125
6.2332921980601003753008626517839729785919189453125
1.089987721900114170381357325823046267032623291015625
2.690082885214498009673889100668020546436309814453125
3.756961133076475167769103791215457022190093994140625
6.16942594046878323155169709934853017330169677734375
1.5477852738957924572105184779502451419830322265625
4.7143998370905446648748693405650556087493896484375
2.5663145912920501956477892235852777957916259765625
6.04062051239003228175761250895448029041290283203125
0.319782539667011478368152666007517836987972259521484375
2.4038179550620544233652253751643002033233642578125
3.673006464792961889287425947259180247783660888671875
1.8327035001820977111464117115247063338756561279296875
4.106667129532457494178743218071758747100830078125
5.67916168664091980389230229775421321392059326171875
3.482806153926758074845793089480139315128326416015625
3.662264073016497700763238754007034003734588623046875
2.498656341785901791041624164790846407413482666015625
3.3566097261330032353043861803598701953887939453125
0.3505248824053144307555385239538736641407012939453125
3.1588656616842900604069654946215450763702392578125
1.490551673285342548780363358673639595508575439453125
0.8423936940397929173940383407170884311199188232421875
5.51399256533300263782848560367710888385772705078125
4.36943575207099765833618221222423017024993896484375
0.73985445766702973013906330379541032016277313232421875
0.52574599279358336101353188496432267129421234130859375
0.6611751763434965400989540285081602632999420166015625
0.0022488855767291439889665749518599113798700273036956787109375
0.716620555946892334731046503293327987194061279296875
0.496818133395546202013548509057727642357349395751953125
0.12216688139465026186059048995957709848880767822265625
0.58915399740876350787033288725069724023342132568359375
0.62467752891810490734059158057789318263530731201171875
0.65511507431749027574596766498871147632598876953125
0.9264712906100187606028839581995271146297454833984375
0.9253849601025623261563168853172101080417633056640625
0.53252098641010048307720126103959046304225921630859375
0.99374282359785526264062127665965817868709564208984375
0.343397221687900489062172937337891198694705963134765625
0.03136387049749674027498969053340260870754718780517578125
0.68247418463345344008530446444638073444366455078125
0.76691981440732248653802116677979938685894012451171875
0.25576520676527414455136977267102338373661041259765625
0.221520757871456808185683939882437698543071746826171875
0.95244430608695573869937334166024811565876007080078125
0.2057022411402791017831503950219484977424144744873046875
0.037359070050231681092700597446309984661638736724853515625
0.280412797946675118598847120665595866739749908447265625
0.09299631933355533008889182156053720973432064056396484375
0.238891962561240400741979783560964278876781463623046875
0.89967664000563163373413999579497613012790679931640625
0.191459068186329239846799055158044211566448211669921875
0.26633190469179857107206998989568091928958892822265625
0.58075531738845409535088037955574691295623779296875
0.66866090505787212361354931999812833964824676513671875
0.692980805268967881005437448038719594478607177734375
0.1692290511770309091588160299579612910747528076171875
0.69478445020261425657537301958655007183551788330078125
0.2290693196603419690138281339386594481766223907470703125
0.397380020654471588503753309851163066923618316650390625
0.6346440988754127321413989193388260900974273681640625
0.256124812763242448721001665035146288573741912841796875
0.39793849987813201263264772933325730264186859130859375
0.334039767893981098811906349510536529123783111572265625
0.4720654825084216188457730822847224771976470947265625
0.51040242915526146116889094628277234733104705810546875
0.73720865311902417094103157069184817373752593994140625
0.80393974846412419310581753961741924285888671875
0.8870633891257753145254127957741729915142059326171875
0.61326968372486045932845399875077418982982635498046875
0.9968142537385291657159314127056859433650970458984375
0.906859383409311714530076642404310405254364013671875
0.76615110867011881889965252412366680800914764404296875
0.59103756285786512858493324529263190925121307373046875
0.517949040754674516762179337092675268650054931640625
0.1767340531464358932556280024073203094303607940673828125
0.5914998448414261478234266178333200514316558837890625
0.8245963085557317384655107161961495876312255859375
0.96939647661959593705205406877212226390838623046875
0.48037316346558422974766244806232862174510955810546875
0.7315678073705955686278912253328599035739898681640625
0.81320408117640952117000097132404334843158721923828125
0.69263708996243644744339462704374454915523529052734375
0.47231701783478119427428509879973717033863067626953125
0.001838894561789415106611844663575539016164839267730712890625
0.1354247718748751994066736870081513188779354095458984375
0.391837190087808873162344980300986208021640777587890625
0.16469645275021738139997751204646192491054534912109375
0.6439279879647903381822970914072357118129730224609375
0.153208726157065822093272799975238740444183349609375
0.7441515986547579952770092859282158315181732177734375
0.314470167883890761029164195861085318028926849365234375
0.7628016456788413446332697276375256478786468505859375
0.325089787284419784452182966560940258204936981201171875
0.29770255242367393844205025743576698005199432373046875
0.1736600804951321797009455849547521211206912994384765625
0.79623854337084976062755004022619687020778656005859375
0.4980468198182279593311250209808349609375
0.60400799084641410008345019377884455025196075439453125
0.06857611102451388607192939161905087530612945556640625
0.055950538281328295042715836871138890273869037628173828125
0.60450003370852212203345743546378798782825469970703125
0.2462850381835759716597777924107504077255725860595703125
0.60577602712706479781701318643172271549701690673828125
0.5249305020668220134183457048493437469005584716796875
0.052090054402169794212085207618656568229198455810546875
0.08892753305329360868913823878756375052034854888916015625
0.604733543752102864488051636726595461368560791015625
0.5056266987256829992247730842791497707366943359375
0.58392730056491093382220469720778055489063262939453125
0.7352862822521879504478192757233045995235443115234375
0.8325996109436264447367648244835436344146728515625
0.74445154273158475888294560718350112438201904296875
0.0204004580250012022835104374962611473165452480316162109375
0.301010267483540927546670218362123705446720123291015625
0.95430641898620238716688390923081897199153900146484375
0.292977452414565464611229117508628405630588531494140625
0.804748534599667664224398322403430938720703125
0.32800293868780272532603703439235687255859375
0.42947551721216903342082105154986493289470672607421875
0.169509315010863026440546263984288088977336883544921875
0.1220155414762047751953133456481737084686756134033203125
0.84812579436606061467074368920293636620044708251953125
0.1101660263306303011443532113844412378966808319091796875
0.65657241626483031637917520129121840000152587890625
0.157081743309778032458012830829829908907413482666015625
0.4516807084212455247751449860516004264354705810546875
0.92338352367439469059462453515152446925640106201171875
0.32032778408393625113603775389492511749267578125
0.54459178426516785531674713638494722545146942138671875
0.032760550283249721681411159579511149786412715911865234375
0.97829885779800773715209061265341006219387054443359375
0.05770465454911098690526927157407044433057308197021484375
0.86500049422727920411801960653974674642086029052734375
0.193571953193085233291270697009167633950710296630859375
0.23864103445719975216121611083508469164371490478515625
0.7760415825881257223528564281878061592578887939453125
0.621518116268104936494864887208677828311920166015625
0.08740566069605092136551860448889783583581447601318359375
0.97791986911460748732594083776348270475864410400390625
0.4257774699599377044023640337400138378143310546875
0.1358367750122383144084636796833365224301815032958984375
0.1246829662121287374265676817230996675789356231689453125
0.07359042860269100760906013647399959154427051544189453125
0.0030042794547063670675124402720257421606220304965972900390625
0.06634880186354219500088902350398711860179901123046875
0.11708041518790666957183788099428056739270687103271484375
0.36150283336709387871366061517619527876377105712890625
0.82769505159356404622172931340173818171024322509765625
0.56049266390525398495725539760314859449863433837890625
0.5209793381024987457550423641805537045001983642578125
0.384348272990597539244816971404361538589000701904296875
0.15979027383019694941168609148007817566394805908203125
0.92118829717914962884606211446225643157958984375
0.73755053185743768562332434157724492251873016357421875
0.99117401195279042358521337519050575792789459228515625
0.0341097777868200890960537208229652605950832366943359375
0.04078617926723611397665791855615680105984210968017578125
0.1862310851860004834446016275251167826354503631591796875
0.60380349522633636194512973816017620265483856201171875
0.7325588212034472856970523935160599648952484130859375
0.2250001953099855234174953011461184360086917877197265625
0.71479995675142848909899839782156050205230712890625
0.0244243065940329372176531563809476210735738277435302734375
0.813006355805791169899521264596842229366302490234375
0.56376201220031918470709797475137747824192047119140625
0.384050668396079319943936525305616669356822967529296875
0.6310066136675918091469839055207557976245880126953125
0.953976674449619199691596804768778383731842041015625
0.79103687675252409849946388931130059063434600830078125
0.451303076209175924038419225325924344360828399658203125
0.85485520765877109905517272636643610894680023193359375
0.9092216756703432878339299350045621395111083984375
0.6442055984606060992092579908785410225391387939453125
0.01001799479593429471890875248618613113649189472198486328125
0.284688125497050636969476045123883523046970367431640625
0.91816139077682112912270895321853458881378173828125
0.5922160528563968906468062414205633103847503662109375
0.0961913490184542474548123891509021632373332977294921875
0.1754563544762583193747929044548072852194309234619140625
0.2015573294840554419149469822514220140874385833740234375
0.24318339780121267512669192001339979469776153564453125
0.68732865186749425578938144099083729088306427001953125
0.1294489396407496883956156352724065072834491729736328125
0.426384921849884523936680125189013779163360595703125
0.33283253122718658989498408118379302322864532470703125
0.702696704632927104938744378159753978252410888671875
0.363100852055056433353996681034914217889308929443359375
0.08332912534630350365194573214466799981892108917236328125
0.7073711406939529044990422335104085505008697509765625
0.25531554373694376192105437439749948680400848388671875
0.83592393660728070425847135993535630404949188232421875
0.5017475869980396740999140092753805220127105712890625
0.80643828111069193464999216303112916648387908935546875
0.04478034798278489325706885892941500060260295867919921875
0.50713664084073928339790882091620005667209625244140625
0.72111300179786652631008792013744823634624481201171875
0.83194567534697505539753592529450543224811553955078125
0.62451005011075644279827656646375544369220733642578125
0.049746978585490479740638392058826866559684276580810546875
0.88188043138099858619938231640844605863094329833984375
0.92858297001970135919890481090988032519817352294921875
0.5702672486986346545023707221844233572483062744140625
0.1964955153858733982730200295918621122837066650390625
0.29899027212475903780841690604574978351593017578125
0.746943494652837269853762336424551904201507568359375
0.8959259218051685014216900526662357151508331298828125
0.7277827499098064034654953502467833459377288818359375
0.0110074197924730464437370613950406550429761409759521484375
0.99561244481970201380960361348115839064121246337890625
0.5161156656761261007915209120255894958972930908203125
0.3021254457077595656500079712714068591594696044921875
0.25306912337107079213893712221761234104633331298828125
0.6456703206736922329156413979944773018360137939453125
0.09546573557679809141074400713478098623454570770263671875
0.92847414590812948897990963814663700759410858154296875
