              -3390.0119369565
         -0.000168078      -0.000000027      -0.000003637
         -0.000000026      -0.000172804      -0.000010022
         -0.000003637      -0.000010022      -0.000242864
          64
  1     6       0.015899229       0.010896981       0.016452771  C
  1     6       0.008802380      -0.007588248      -0.016584347  C
  2    40       0.006948571      -0.006091232       0.014148071  Zr
  1     6      -0.021113589       0.035886689      -0.030527425  C
  2    40      -0.031187393       0.056469877      -0.130325203  Zr
  2    40      -0.018588162      -0.014653896       0.017369259  Zr
  1     6       0.003320759       0.010226760      -0.009322079  C
  2    40      -0.016950446       0.090328881      -0.005265293  Zr
  1     6      -0.124756526      -0.068225644       0.078010220  C
  1     6       0.010183062      -0.001665710      -0.006573910  C
  2    40       0.010221859       0.003793924      -0.000040125  Zr
  1     6      -0.000325446       0.002905166      -0.008843869  C
  2    40      -0.056935661      -0.004777723      -0.063791549  Zr
  2    40       0.001486973      -0.023630859       0.029132350  Zr
  1     6      -0.011192025       0.006964088      -0.000347016  C
  2    40      -0.006287478      -0.005972316       0.041991938  Zr
  2    40       0.015621988       0.001751269      -0.029532339  Zr
  1     6      -0.005453598       0.097487102       0.012398184  C
  2    40      -0.043082058      -0.188426331      -0.093026464  Zr
  1     6       0.010121753      -0.085296137      -0.010924263  C
  1     6       0.012464579       0.030033455       0.005299945  C
  2    40      -0.022022269      -0.012301363      -0.035723827  Zr
  1     6      -0.015660858      -0.006918690       0.045850355  C
  2    40       0.217995698      -0.039231195       0.203117231  Zr
  2    40      -0.013846317      -0.026228891      -0.009228007  Zr
  1     6       0.000249714      -0.001882573       0.010583371  C
  2    40      -0.003327047       0.037277641      -0.027152641  Zr
  1     6       0.010622223       0.006107961      -0.081084061  C
  1     6      -0.005494182      -0.002607388       0.004419614  C
  2    40       0.013591344       0.031135278       0.030466231  Zr
  1     6      -0.001343486       0.006256913       0.018272691  C
  2    40       0.014590475       0.018842221       0.029720693  Zr
  1     6      -0.011566605       0.001610473       0.012604500  C
  2    40       0.031616382       0.025026621      -0.023972736  Zr
  1     6       0.017878181       0.006453673       0.009484007  C
  2    40      -0.026163078       0.007352757      -0.012868295  Zr
  2    40      -0.011384352       0.015880360      -0.010905776  Zr
  1     6      -0.005934996      -0.002249322       0.018793608  C
  2    40      -0.015702530      -0.015646508       0.019502156  Zr
  1     6       0.014266811       0.006744368       0.004314272  C
  1     6      -0.008757899       0.007521003       0.009386815  C
  2    40       0.007468443       0.009656768      -0.029388567  Zr
  1     6       0.004928147       0.001023516      -0.001274886  C
  2    40       0.003606223      -0.001832776      -0.008711050  Zr
  2    40       0.004161725       0.026999604      -0.033558552  Zr
  1     6      -0.015656350      -0.013389459       0.029477107  C
  2    40       0.015154608      -0.000369874       0.000343972  Zr
  1     6       0.006279254      -0.006067677      -0.000454041  C
  2    40      -0.007000709      -0.009962444      -0.009911938  Zr
  1     6      -0.003450163      -0.000966995      -0.011088435  C
  2    40      -0.007791457      -0.005529106       0.028300447  Zr
  1     6       0.005911599       0.010236627       0.001669471  C
  1     6       0.003142740       0.011930253       0.025065651  C
  2    40       0.014320307      -0.002087661       0.006216500  Zr
  1     6       0.010612003      -0.002614035      -0.007529587  C
  2    40       0.004886820      -0.005881171      -0.014093104  Zr
  2    40       0.003937690       0.006475012      -0.029988168  Zr
  1     6      -0.001805589      -0.019374374      -0.001974982  C
  2    40       0.004309881       0.000389608       0.001374898  Zr
  1     6      -0.001262080       0.004250319       0.010640143  C
  1     6      -0.009900859       0.003853934       0.011141687  C
  2    40       0.019228556      -0.007302104       0.012861730  Zr
  1     6       0.006927912       0.004266997      -0.013067870  C
  2    40      -0.007255660      -0.010447428       0.011637265  Zr
