              -3390.1990830631
         -0.000066666      -0.000011816      -0.000003049
         -0.000011816      -0.000108240      -0.000003184
         -0.000003049      -0.000003184      -0.000053446
          64
  1     6      -0.005251958      -0.000455876       0.001274096  C
  1     6      -0.008708077      -0.026969151       0.015045198  C
  2    40      -0.003588873      -0.008899011       0.002937456  Zr
  1     6      -0.032454997       0.025958578       0.030779877  C
  2    40      -0.043675520       0.019727301       0.012112852  Zr
  2    40       0.017576611      -0.038348463      -0.043351356  Zr
  1     6      -0.011554766      -0.013156014      -0.013083599  C
  2    40      -0.040770671      -0.010573711      -0.016426898  Zr
  1     6      -0.027589617       0.025818492       0.019131087  C
  1     6      -0.008410929      -0.015245032      -0.011778494  C
  2    40      -0.015056225      -0.011525951      -0.009044094  Zr
  1     6       0.001238040      -0.002842335      -0.003068112  C
  2    40       0.023755854      -0.020392078       0.006635092  Zr
  2    40       0.007052750      -0.005769079       0.000965979  Zr
  1     6       0.000712995      -0.008685479      -0.013282466  C
  2    40      -0.015800027      -0.005629325       0.012834370  Zr
  2    40       0.003126741      -0.023237005       0.016827041  Zr
  1     6       0.008242284      -0.004950263      -0.016496493  C
  2    40       0.059318422       0.050072493       0.005743043  Zr
  1     6      -0.008389488      -0.020239807       0.026681451  C
  1     6      -0.001690163      -0.022198666      -0.008268836  C
  2    40       0.017999481       0.018327619       0.004417174  Zr
  1     6       0.023328932       0.126787086       0.001737491  C
  2    40       0.008293359      -0.050700281      -0.044581206  Zr
  2    40      -0.003581711       0.022187199       0.013357339  Zr
  1     6      -0.004590674       0.003516111      -0.004243281  C
  2    40      -0.009039561       0.004614446      -0.004064601  Zr
  1     6      -0.010207475      -0.006906523      -0.000550842  C
  1     6       0.008625164       0.009046536      -0.016094558  C
  2    40      -0.013169732       0.002572601       0.030416261  Zr
  1     6      -0.006327153      -0.016211366       0.005454950  C
  2    40      -0.011195666       0.017501892      -0.001925645  Zr
  1     6      -0.009529235       0.007997227       0.005947753  C
  2    40      -0.012290207      -0.028025046      -0.009243573  Zr
  1     6       0.001262443      -0.002684313      -0.022206235  C
  2    40       0.015385446      -0.025970376      -0.000232830  Zr
  2    40      -0.012842530       0.003854467      -0.026446960  Zr
  1     6      -0.001871105      -0.005868785       0.001705479  C
  2    40       0.003728150       0.000323368      -0.017254559  Zr
  1     6       0.016830450      -0.010997662      -0.011735226  C
  1     6      -0.007920055       0.013915790       0.012668314  C
  2    40       0.007096065      -0.007075065      -0.013683348  Zr
  1     6       0.001184323      -0.008849853       0.007496068  C
  2    40      -0.028325264      -0.013730966       0.002402918  Zr
  2    40       0.001780464      -0.028389318       0.008150645  Zr
  1     6      -0.016604567       0.002123637       0.008955708  C
  2    40       0.008978414      -0.022269983       0.003917646  Zr
  1     6      -0.016639959       0.004599976       0.002928361  C
  2    40      -0.003654290       0.036581066       0.013803923  Zr
  1     6       0.008024424      -0.002266247       0.015191574  C
  2    40      -0.005383945      -0.012308926      -0.010724600  Zr
  1     6       0.013954301       0.014695480      -0.003431958  C
  1     6      -0.001492688      -0.014776321       0.013567091  C
  2    40       0.021501181       0.000518674      -0.012505426  Zr
  1     6       0.008312305       0.012635284      -0.008189283  C
  2    40      -0.000608727       0.011622827       0.012116974  Zr
  2    40       0.014143720       0.002999611      -0.006170563  Zr
  1     6       0.002365445      -0.010323535       0.010372766  C
  2    40       0.010214449       0.023287623      -0.001846250  Zr
  1     6       0.016096534       0.000767129      -0.014068197  C
  1     6       0.021773019       0.031615973       0.010353417  C
  2    40      -0.009592826       0.019090394       0.006992598  Zr
  1     6       0.008309297       0.007562985       0.005218438  C
  2    40       0.047562204      -0.012555838       0.015919103  Zr
