              -3390.0903048125
         -0.000158787       0.000002029      -0.000000005
          0.000002029      -0.000189809      -0.000002861
         -0.000000005      -0.000002861      -0.000204121
          64
  1     6       0.025540546       0.020825202      -0.003312934  C
  1     6       0.019862597       0.018554924      -0.037487924  C
  2    40       0.014638612      -0.034992440       0.005678229  Zr
  1     6      -0.015742934       0.010988119      -0.030195261  C
  2    40      -0.024120209       0.065965958      -0.087450084  Zr
  2    40      -0.023579874      -0.005908622       0.013860650  Zr
  1     6      -0.007627079      -0.004765123      -0.012373787  C
  2    40      -0.003678614       0.057424035      -0.008596831  Zr
  1     6      -0.033343174      -0.039353235       0.036766771  C
  1     6       0.016226766      -0.015205825      -0.002883890  C
  2    40       0.030516951       0.036499831      -0.030370355  Zr
  1     6       0.004012072      -0.038177381       0.013595506  C
  2    40      -0.021687693       0.019048868       0.004874031  Zr
  2    40      -0.027285576      -0.039359811       0.052373570  Zr
  1     6       0.013344779       0.038780551       0.006757870  C
  2    40      -0.030119127      -0.041919659       0.041111926  Zr
  2    40       0.017266636       0.001666087      -0.073064618  Zr
  1     6       0.005808017       0.041681978       0.048438115  C
  2    40      -0.008985472      -0.068856355      -0.065963356  Zr
  1     6       0.016029700      -0.070781322      -0.016604522  C
  1     6       0.033288857       0.040648175       0.009464069  C
  2    40      -0.026790883      -0.042437440      -0.051068163  Zr
  1     6      -0.008709598      -0.002077933       0.006718303  C
  2    40       0.081007838      -0.013885553       0.108553202  Zr
  2    40      -0.038950017      -0.009977663       0.029662084  Zr
  1     6      -0.005857645       0.000177249       0.014210602  C
  2    40      -0.011411923       0.017882385       0.017259457  Zr
  1     6      -0.000203137       0.000772338      -0.042568193  C
  1     6      -0.003703084      -0.007929639       0.002795219  C
  2    40      -0.005248624      -0.000775019      -0.000449967  Zr
  1     6       0.001570772       0.010240041       0.012262696  C
  2    40       0.017468418       0.037934873       0.030417728  Zr
  1     6      -0.002037763      -0.002292028       0.016421125  C
  2    40       0.001624822       0.000828206       0.001306200  Zr
  1     6       0.009457821       0.011288172       0.016482408  C
  2    40      -0.031534894      -0.008791309      -0.013770255  Zr
  2    40       0.014527051       0.036615930       0.008287199  Zr
  1     6      -0.039130436      -0.019896966      -0.001426792  C
  2    40      -0.016967432      -0.000541073       0.057346799  Zr
  1     6      -0.027418960       0.006712009       0.018164170  C
  1     6      -0.028384815      -0.008149693      -0.021085138  C
  2    40       0.024724071       0.033558350       0.005623650  Zr
  1     6      -0.007649271      -0.015170420      -0.012374576  C
  2    40       0.020708814       0.008176491       0.002333981  Zr
  2    40      -0.008194347       0.030725540      -0.027139574  Zr
  1     6       0.003756241      -0.000916064       0.009195435  C
  2    40      -0.021139530      -0.034512672      -0.014936754  Zr
  1     6       0.020320498       0.012603836      -0.017384368  C
  2    40      -0.032220732      -0.003487935       0.013183943  Zr
  1     6       0.015852433       0.012937004      -0.019325714  C
  2    40      -0.026728545      -0.032894862       0.017271975  Zr
  1     6       0.002605446       0.015668788       0.007960435  C
  1     6      -0.009779090       0.003847662       0.031167077  C
  2    40       0.033555832       0.031824094       0.023263532  Zr
  1     6      -0.006078717      -0.038893375       0.009240923  C
  2    40       0.048426854       0.004960501      -0.023855512  Zr
  2    40       0.033583092       0.043249160      -0.039737191  Zr
  1     6      -0.003139004      -0.046133267      -0.012418786  C
  2    40       0.040777179      -0.005269277      -0.031956727  Zr
  1     6      -0.013925149       0.022003573       0.036780298  C
  1     6      -0.005737023       0.010801152      -0.012711488  C
  2    40      -0.018570665      -0.034604448       0.028745009  Zr
  1     6       0.033182372       0.031366219      -0.019651172  C
  2    40      -0.004283592      -0.047999338      -0.026925127  Zr
