1580064830
0.0249247417872389513682218620260755415074527263641357421875
5.52326067508355844637435438926331698894500732421875
1.903176117338907236131717581884004175662994384765625
3.064284558362869059777722213766537606716156005859375
4.15686086406327870435006843763403594493865966796875
1.532636789379434372193600211176089942455291748046875
2.319545181094091912399335342342965304851531982421875
0.5373023394753786430300124266068451106548309326171875
3.705739256794404301587064765044488012790679931640625
2.7313703803364433042588643729686737060546875
6.07325943771590015529682204942218959331512451171875
5.7288909300527084411669420660473406314849853515625
5.51999007302349742332125970278866589069366455078125
3.21507895008104593870257303933613002300262451171875
4.20957605786129374081383502925746142864227294921875
0.663197119413065028226128561072982847690582275390625
2.490198080076791331549657115829177200794219970703125
0.382260166160066916507531686875154264271259307861328125
0.85720560499388198660852822285960428416728973388671875
4.13135414128030387104217879823409020900726318359375
4.13116671514195132886015926487743854522705078125
2.082008179593907382098905145539902150630950927734375
1.520415808746239161308722032117657363414764404296875
3.842604409661873443582180698285810649394989013671875
4.93240127049198751052472289302386343479156494140625
5.77397092911081255550698188017122447490692138671875
1.18940959481002739295263381791301071643829345703125
1.994533364684540455158412441960535943508148193359375
3.54978654571215646029713752795942127704620361328125
5.2930139795346580200430253171361982822418212890625
2.510293085603684470896723723853938281536102294921875
5.71067810029614530975550223956815898418426513671875
5.85948359344434610562757370644249022006988525390625
3.11068006017033749088795957504771649837493896484375
3.256297690979148118373132092528976500034332275390625
5.44757036749538858799724039272405207157135009765625
0.339654529184543474418234154654783196747303009033203125
1.2718056994313062801893465803004801273345947265625
3.865703763232744893940662223030813038349151611328125
0.8030401034714256258695286305737681686878204345703125
5.40519959909149605437050922773778438568115234375
0.95420983900678191247379800188355147838592529296875
5.51350229174575812152170328772626817226409912109375
0.737638258809211411204387331963516771793365478515625
1.87517021553107188225339996279217302799224853515625
4.2562808381055265982695345883257687091827392578125
5.70367803729159117409608370508067309856414794921875
3.102769163889395276356708563980646431446075439453125
3.493526601932047892518085063784383237361907958984375
5.7134802233224917245024698786437511444091796875
0.88911282258453805393827451553079299628734588623046875
1.5709180990322948456849871945451013743877410888671875
6.1242585349813385420247868751175701618194580078125
3.08883768969986416408346485695801675319671630859375
1.6739486075567804324037979313288815319538116455078125
6.2216967319388150059467079699970781803131103515625
4.1857035286793635719959638663567602634429931640625
1.1073867946981270637962779801455326378345489501953125
3.841464471711082406812920453376136720180511474609375
6.196124052031361628678496344946324825286865234375
1.5924919918512070449168049890431575477123260498046875
3.81891268545107376297664814046584069728851318359375
1.5698079226868884017420668897102586925029754638671875
0.00977575110122577868587701033220582758076488971710205078125
0.568760467548529380366062468965537846088409423828125
5.5299735175301325540431207627989351749420166015625
4.31793596231576071176050390931777656078338623046875
2.686640641902149351238904273486696183681488037109375
3.660430115026027664271168760024011135101318359375
1.5826008925853454201160275260917842388153076171875
3.3841708276991386838972175610251724720001220703125
6.130341626305249036477107438258826732635498046875
2.413833589618084030092859393334947526454925537109375
4.70270957095195019093125665676780045032501220703125
2.79956817451071326985356790828518569469451904296875
5.6887474456454842908215141505934298038482666015625
2.501682607268528979460597838624380528926849365234375
5.405044892578882098632675479166209697723388671875
3.862971374585354222830346770933829247951507568359375
2.85163975164851724031223056954331696033477783203125
4.8548913151779888863757150829769670963287353515625
5.88960513519278716643157167709432542324066162109375
2.916134282815239675556995280203409492969512939453125
0.76546587186501113819758757017552852630615234375
1.7853535057711127365109859965741634368896484375
5.62775781749823966748635939438827335834503173828125
3.869179086048679661047344779944978654384613037109375
0.173028083997080861511363991667167283594608306884765625
0.146271958955189573803323810352594591677188873291015625
6.2551254340700932488061880576424300670623779296875
3.208200675006507740505412584752775728702545166015625
1.054714996901986889810132197453640401363372802734375
2.601977102034626287974106162437237799167633056640625
3.498188509304618332151903814519755542278289794921875
5.59139523023514062316507988725788891315460205078125
4.6134950158280272347610662109218537807464599609375
2.165070927205948070337626631953753530979156494140625
0.76955791705520526502226630327641032636165618896484375
0.229790022264077353764122335633146576583385467529296875
5.37458430786245511256993268034420907497406005859375
3.88309055337057262846656158217228949069976806640625
0.9014825615054411489523999989614821970462799072265625
3.910885663312509308298103860579431056976318359375
1.468911709234343110352938310825265944004058837890625
5.95024830337739008001562979188747704029083251953125
0.71981245280776506856312835225253365933895111083984375
0.81835411424250470435737270236131735146045684814453125
2.301961654807261670185880575445480644702911376953125
1.95110203626478462268778457655571401119232177734375
3.602094389971274512873833373305387794971466064453125
5.86679312213917825147291296161711215972900390625
5.4224132089872174589118003495968878269195556640625
6.15231895389427929643488823785446584224700927734375
0.546698659366314121399454961647279560565948486328125
1.443809614962638487867252479190938174724578857421875
2.1140672041935459901651483960449695587158203125
4.35725448966362716163303048233501613140106201171875
0.51279920482662688652197857663850300014019012451171875
4.090060411201509538159371004439890384674072265625
6.0421124752438348792793476604856550693511962890625
3.42256275736540604981428259634412825107574462890625
0.349201784185287078532411442211014218628406524658203125
2.253267077761351711018278365372680127620697021484375
1.378062787885041107216466116369701921939849853515625
2.16812830017859159426052428898401558399200439453125
5.46368108052606071822765443357639014720916748046875
0.629375980729780071243339989450760185718536376953125
3.50041487166289666532748015015386044979095458984375
4.51169481262986327152475496404804289340972900390625
0.59743330785657888792883341011474840342998504638671875
3.6852111953321440296349464915692806243896484375
4.99921929299987777284286494250409305095672607421875
5.7270502777491127943676474387757480144500732421875
3.744235237971907270804194922675378620624542236328125
1.2105441118874737949084874344407580792903900146484375
1.00786349767784688680194449261762201786041259765625
3.981902038341505800644881674088537693023681640625
2.590838437934954274766141679720021784305572509765625
4.0082287237815190650280783302150666713714599609375
4.15635293305482900194647299940697848796844482421875
2.665873103676311028920054013724438846111297607421875
1.64490784627788055871633332571946084499359130859375
1.6565723972424948318149517945130355656147003173828125
3.7937587190301496065103492583148181438446044921875
2.9092509460441515756201624753884971141815185546875
5.84058633453902498189336256473325192928314208984375
0.81950723893685317733570627751760184764862060546875
2.070557223446229944130436706473119556903839111328125
3.7854535224395693404630947043187916278839111328125
3.797297605636586137478616365115158259868621826171875
3.034769571708042956714734827983193099498748779296875
3.345919200654086989032975907321088016033172607421875
6.162226388103402285878473776392638683319091796875
0.6854701232265687504963125320500694215297698974609375
3.6224735644090362285396622610278427600860595703125
3.780441535845031619800238331663422286510467529296875
1.8954864669364510643134735801140777766704559326171875
3.300410449565601478383314315578900277614593505859375
4.28748679713785296740979902097024023532867431640625
3.43714077112546778636215094593353569507598876953125
5.2021758984083152910216085729189217090606689453125
1.224829278706625945716268688556738197803497314453125
1.2679768244258855514061679059523157775402069091796875
0.00187005110529733418155140522998181040748022496700286865234375
2.82699366357099268753927390207536518573760986328125
3.76624267826666159209025863674469292163848876953125
2.321143460056315444006713732960633933544158935546875
0.312064242402746494509102603842620737850666046142578125
0.4825489145839523263958881216240115463733673095703125
6.0874543571188031165775100816972553730010986328125
5.839357424836549625979387201368808746337890625
4.11018384415249915520007562008686363697052001953125
2.72687466923507404459314784617163240909576416015625
5.00371745302610992922609511879272758960723876953125
1.938392859388014866084404275170527398586273193359375
1.64472860370325779655331643880344927310943603515625
5.15221472396439761354258735082112252712249755859375
0.59588129221566266124909816426225006580352783203125
6.16494439041441122384412665269337594509124755859375
5.1904365952557380836651645950041711330413818359375
4.3969190029886799919722761842422187328338623046875
2.287330686338602259155550200375728309154510498046875
3.5024705495173105163075888413004577159881591796875
2.635061705353040739652215052046813070774078369140625
3.596929294370664109692370402626693248748779296875
1.8068566401684147404438363082590512931346893310546875
6.02404135250984307248245386290363967418670654296875
4.6047600051285400013512116856873035430908203125
0.76126417218734154790382717692409642040729522705078125
3.19890688519200683259668949176557362079620361328125
5.48296507645455477586438064463436603546142578125
3.5570404893716869310082984156906604766845703125
0.82593733297006100002590756048448383808135986328125
0.38689686096594522179969999342574737966060638427734375
0.151823170553810504745939624626771546900272369384765625
0.9582982128291848145096309963264502584934234619140625
0.108960974080935579788587119764997623860836029052734375
0.53334842926512859850873837785911746323108673095703125
0.340529536986970138290331533426069654524326324462890625
0.58490680092242863796769825057708658277988433837890625
0.368139827329730551230824175945599563419818878173828125
0.0871876022253127713756981620463193394243717193603515625
0.1430198322716261516429625544333248399198055267333984375
0.5658345392746080282364573577069677412509918212890625
0.73422875010139720952651032348512671887874603271484375
0.774575216590694726193078167852945625782012939453125
0.57039000167063902413389087087125517427921295166015625
0.67394173456073824812762040892266668379306793212890625
0.9846053393485980631538723173434846103191375732421875
0.699227221170080515122435826924629509449005126953125
0.54853463012191217007540444683399982750415802001953125
0.79801346491929769921824799894238822162151336669921875
0.901452155272221222759299052995629608631134033203125
0.0266626854551316634645008463166959700174629688262939453125
0.416876217078825550554910250866669230163097381591796875
0.8317684134616369906467525652260519564151763916015625
0.046280584319625318878710373837748193182051181793212890625
0.75160530570503569780527186594554223120212554931640625
0.83073732668102595599890491939731873571872711181640625
0.06783412306934320790130499290171428583562374114990234375
0.82913555243477954359576642673346213996410369873046875
0.234940914546577672705751638204674236476421356201171875
0.9479604395795429017113065128796733915805816650390625
0.79585288781479601727397721333545632660388946533203125
0.9697212446339993352495412182179279625415802001953125
0.06899428789922701366066348782624118030071258544921875
0.1526055420528191763906988853705115616321563720703125
0.1757514784930979401256223582095117308199405670166015625
0.198369646071628491501570579202962107956409454345703125
0.29603938911857052840304049823316745460033416748046875
0.81398365079145118539116765532526187598705291748046875
0.400261907559010143842215256881900131702423095703125
0.046763817801495931314459397754035308025777339935302734375
0.049564651702327953974869245712397969327867031097412109375
0.469307057312367048584889062112779356539249420166015625
0.4424672203336224018954681014292873442173004150390625
0.95980811489737039021719056108850054442882537841796875
0.69796816292124252978368303956813178956508636474609375
0.5862907839875159954345917867613025009632110595703125
0.8403343329393930805082391088944859802722930908203125
0.98890115878959239381629231502301990985870361328125
0.07426790244610416424908549970496096648275852203369140625
0.77633637365714480704781408348935656249523162841796875
0.195564398167452024868140370017499662935733795166015625
0.452433544887431704495384110487066209316253662109375
0.5899518828792273961170167240197770297527313232421875
0.61941158986623012783212516296771354973316192626953125
0.126681430789959359461960275439196266233921051025390625
0.14208100277096080699124058810411952435970306396484375
0.54367655168458661751884619661723263561725616455078125
0.293644857729619790376318633207120001316070556640625
0.9098306693648130494267434187349863350391387939453125
0.6635519068984090385043828064226545393466949462890625
0.161221526638242185214267010451294481754302978515625
0.10161988162511022271150551432583597488701343536376953125
0.805854719041779077315368340350687503814697265625
0.9108844799505939615613669957383535802364349365234375
0.23202774079145294106041319537325762212276458740234375
0.13014200196142400312027120889979414641857147216796875
0.66192687287085083536197771536535583436489105224609375
0.91919592671058880650747369145392440259456634521484375
0.8489927429933998848099463430116884410381317138671875
0.2420925452569930580448698265172424726188182830810546875
0.2047829233132223147872963409099611453711986541748046875
0.1519202558099852218287395544393802992999553680419921875
0.99556160811128169285666444920934736728668212890625
0.73460324655035658114599073087447322905063629150390625
0.6990180866322563968395797928678803145885467529296875
0.513191108365166570592919015325605869293212890625
0.647997844334690764611650592996738851070404052734375
0.86179547238247256046861366485245525836944580078125
0.70533202993931809476890748555888421833515167236328125
0.333975184398691726794794476518291048705577850341796875
0.459900805009482827045985686709173023700714111328125
0.364951909689676001757874246322899125516414642333984375
0.046692733208971437530721004804945550858974456787109375
0.373706432699089152738025632061180658638477325439453125
0.8227553520457611124783170453156344592571258544921875
0.87135964952006916828253224593936465680599212646484375
0.99997252598403607581900587319978512823581695556640625
0.7759977498911310167528654346824623644351959228515625
0.468845019335320689624069245837745256721973419189453125
0.90092641017442864903586041691596619784832000732421875
0.9087561498902534395938346278853714466094970703125
0.0281027183067531875770850291473834658972918987274169921875
0.0289285075985493654593394552421159460209310054779052734375
0.01060655620443008706477172609083936549723148345947265625
0.6625781420909697683185868299915455281734466552734375
0.671620308268638499527014573686756193637847900390625
0.80869892742889881720458333802525885403156280517578125
0.2443066240494635998903305562635068781673908233642578125
0.320720053892917966731346268716151826083660125732421875
0.7510771368402415770759716906468383967876434326171875
0.2338120342389736483479367734616971574723720550537109375
0.1710136808320012191675374424448818899691104888916015625
0.645716691224703875917612094781361520290374755859375
0.2293186929213435754082439643752877600491046905517578125
0.457612427164619972597137120828847400844097137451171875
0.282424815596279132901003094957559369504451751708984375
0.5443626207040448417018296822789125144481658935546875
0.92312257034849498626982722271350212395191192626953125
0.200425724126596815910517079828423447906970977783203125
0.30755166584046167432830998222925700247287750244140625
0.278310867156046859438589535784558393061161041259765625
0.98548281331801923510482765777851454913616180419921875
0.015744191601753325382428982948113116435706615447998046875
0.9424014547571546440707379588275216519832611083984375
0.84780249411603547660121193985105492174625396728515625
0.47993965189901166557007172741577960550785064697265625
0.31591537702638439188973507043556310236454010009765625
0.315399088112357561808352102161734364926815032958984375
0.5979647634541451761691632782458327710628509521484375
0.07619377834545158767465267146690166555345058441162109375
0.67496288412947347268300291034393012523651123046875
0.42194576674231598634179363216389901936054229736328125
0.6691461283104243040753544846666045486927032470703125
0.79261663313611252501544868209748528897762298583984375
0.278797463178074689249541506796958856284618377685546875
0.73257571865458770421497547431499697268009185791015625
0.0793402726200131136469195780591689981520175933837890625
0.64411812445340588251241342732100747525691986083984375
0.94784796934008974655938573050661943852901458740234375
0.431548710182099004573075262669590301811695098876953125
0.279998169876634228625533751255716197192668914794921875
0.877264991345473088557582741486839950084686279296875
0.56244169481212347161402931305929087102413177490234375
0.557545614688445656526027960353530943393707275390625
0.737381860957193158156997014884836971759796142578125
0.21598364841937256475290496382513083517551422119140625
0.99235798744128922432850004042848013341426849365234375
0.63167024945452354689479079752345569431781768798828125
0.98299775225249941268401698835077695548534393310546875
0.5310759672574121292853988052229396998882293701171875
0.524455181101548983946258886135183274745941162109375
0.8189035452990343078027990486589260399341583251953125
0.98171021788460677282017741163144819438457489013671875
0.69887991840898988638031141817918978631496429443359375
0.049541247566016972936342455113845062442123889923095703125
0.7252086492838378806169430390582419931888580322265625
0.04191699020653823215543098967827972956001758575439453125
0.92545296434566981513825112415361218154430389404296875
0.79513772008714156402930939293582923710346221923828125
0.76476514281926910587827705967356450855731964111328125
0.116737971602351386923857035071705467998981475830078125
0.94486432519967866738852535490877926349639892578125
0.618678206400330221725880619487725198268890380859375
0.77060007386403162055188431622809730470180511474609375
0.00082145677917704767491413608837547144503332674503326416015625
0.86347117315208132826143128113471902906894683837890625
0.565327727033443583337657400988973677158355712890625
0.129072091602288219203131802714779041707515716552734375
0.1453963868065720477229518792228191159665584564208984375
0.47659613074576301361418018132098950445652008056640625
0.958380638136705709229090643930248916149139404296875
0.52447705228090146789554637507535517215728759765625
0.804278420193250465075607280596159398555755615234375
0.6046563128962443300906670629046857357025146484375
0.9329285951950254673903373259236104786396026611328125
0.131935719927742944879156539172981865704059600830078125
0.350170246488493985825840582037926651537418365478515625
0.1587625253753562060143877943119150586426258087158203125
0.653334619781623882062149277771823108196258544921875
0.57052441061033143387959398751263506710529327392578125
0.2310386403608315764035552319910493679344654083251953125
0.1794327139758657152501797327204258181154727935791015625
0.11637030081654446689309878593121538870036602020263671875
0.3434043113810030245502957768621854484081268310546875
0.1364568151237707527290154985166736878454685211181640625
0.45670432246136682952197816121042706072330474853515625
0.0218052212250443265550980953548787510953843593597412109375
0.095135081138059074401525094799580983817577362060546875
0.431111390437517005835843519889749586582183837890625
0.425499781233025620164056590510881505906581878662109375
0.0692128497498169792390143584270845167338848114013671875
0.41370655242991938305152643806650303304195404052734375
0.63423554675385152012978551283595152199268341064453125
0.38823154912713520037215175761957652866840362548828125
0.50183167704466347114333757417625747621059417724609375
0.9417262426306149958321611848077736794948577880859375
0.392751543034218053573880524709238670766353607177734375
0.529236684334108975491517412592656910419464111328125
0.429663762184634701046803684221231378614902496337890625
0.77088853193954032239076923360698856413364410400390625
0.69264143737621675089854988982551731169223785400390625
