              -3390.1351849989
         -0.000088237      -0.000008693      -0.000005351
         -0.000008693      -0.000140949       0.000001594
         -0.000005351       0.000001594      -0.000257594
          64
  1     6      -0.004233747       0.001106979      -0.000488346  C
  1     6      -0.022947970       0.009767303       0.005695226  C
  2    40       0.011968532      -0.025430957      -0.022454824  Zr
  1     6      -0.012381809       0.022741626       0.080273797  C
  2    40       0.038720354      -0.066982115       0.077080061  Zr
  2    40      -0.021046828       0.018549247       0.000396716  Zr
  1     6      -0.014166954      -0.026104734       0.006219152  C
  2    40      -0.030624646       0.049079669      -0.044543125  Zr
  1     6      -0.029673746      -0.004577304      -0.023193828  C
  1     6      -0.007288621      -0.021624878       0.009228217  C
  2    40       0.005006550      -0.018303327       0.089510852  Zr
  1     6       0.013679923       0.042490838      -0.022435801  C
  2    40      -0.009372079      -0.051073628       0.003208055  Zr
  2    40       0.003438206       0.035511931      -0.018702844  Zr
  1     6      -0.013975902      -0.008062195      -0.038344245  C
  2    40       0.009131949       0.030207422      -0.000243846  Zr
  2    40      -0.009785359       0.009860183       0.058072380  Zr
  1     6      -0.000378686      -0.002395559       0.003630888  C
  2    40       0.030988426       0.006567020       0.002935701  Zr
  1     6      -0.004142327       0.025400929      -0.035890886  C
  1     6      -0.015426774      -0.018921700      -0.031160288  C
  2    40      -0.029297427       0.015858444      -0.027215713  Zr
  1     6      -0.011191161       0.030846669       0.022375249  C
  2    40       0.046359225      -0.103033617       0.023762001  Zr
  2    40       0.017510602       0.008951803      -0.021564693  Zr
  1     6      -0.011063164      -0.005448498       0.005782611  C
  2    40       0.006108416       0.018093658      -0.012911976  Zr
  1     6       0.007069540       0.014784842      -0.004205951  C
  1     6       0.003615185      -0.009946870      -0.008640258  C
  2    40       0.028714107      -0.035682224       0.005107988  Zr
  1     6       0.000134464      -0.004827559      -0.017271196  C
  2    40      -0.012911030       0.037139304       0.011112749  Zr
  1     6       0.034860399       0.028964212      -0.019342632  C
  2    40       0.005963012      -0.003226183       0.032928009  Zr
  1     6       0.015153207      -0.003943954       0.038438632  C
  2    40      -0.025268477       0.003484068       0.019436099  Zr
  2    40      -0.015102985       0.021201631      -0.020855169  Zr
  1     6      -0.000459865      -0.026950577       0.013735342  C
  2    40       0.010607192       0.028812201      -0.045872819  Zr
  1     6       0.005503424      -0.003707885       0.006813812  C
  1     6      -0.008289650       0.007826909       0.032489394  C
  2    40       0.030985482      -0.019856651       0.001001401  Zr
  1     6      -0.028554517       0.019245707       0.056766556  C
  2    40       0.000831172      -0.045940480      -0.024974424  Zr
  2    40      -0.017774684       0.025550665      -0.001044871  Zr
  1     6      -0.000774651       0.006521659      -0.010756403  C
  2    40      -0.030833072      -0.000796815      -0.085050586  Zr
  1     6       0.003013243       0.006380826       0.014787222  C
  2    40       0.016449194       0.009551190       0.021977197  Zr
  1     6       0.019548456       0.000713575      -0.010035720  C
  2    40      -0.024526714      -0.026673483      -0.046481428  Zr
  1     6       0.007850120       0.018032704      -0.001907608  C
  1     6       0.000042815      -0.012607258      -0.019793997  C
  2    40       0.016978110      -0.013384723       0.015462533  Zr
  1     6       0.011857037       0.003804612      -0.009296606  C
  2    40      -0.016952935       0.007807731      -0.008515418  Zr
  2    40      -0.021342183      -0.017664375      -0.007537235  Zr
  1     6       0.002773586       0.009540930      -0.029759728  C
  2    40       0.046315935       0.013452212       0.037730693  Zr
  1     6       0.016457460       0.031138534      -0.000885746  C
  1     6      -0.013922220       0.001128585      -0.006634930  C
  2    40      -0.002399632       0.010942317       0.012676049  Zr
  1     6      -0.015852849      -0.012550221       0.007124785  C
  2    40       0.014295846      -0.040637809      -0.035005356  Zr
