1959178002
1.5008898637226149030965416386607103049755096435546875
4.68060585894430136733035396900959312915802001953125
2.446958709915594720740728007513098418712615966796875
5.51790672553655081600254561635665595531463623046875
5.01206902704560786077081502298824489116668701171875
0.85120115429418807817540937321609817445278167724609375
2.4384877939651072864535308326594531536102294921875
0.50268922668372939543957045316346921026706695556640625
1.0321778544519417675218164731631986796855926513671875
0.00613450119101642717123201720141878467984497547149658203125
2.0470609919040665403144885203801095485687255859375
0.82628412793689409721054062174516730010509490966796875
3.079002143285106907200088244280777871608734130859375
2.75493107975248019414493683143518865108489990234375
1.24483810372952774514487828128039836883544921875
3.977912049242288361483588232658803462982177734375
3.245836293581323417356543359346687793731689453125
4.09169128397851711298471855116076767444610595703125
0.99290111682189863273606533766724169254302978515625
3.920003098352674353321845046593807637691497802734375
4.17780558214924990778627034160308539867401123046875
0.253789123118139781087876372112077660858631134033203125
3.51599491993818258350756877916865050792694091796875
5.32705175005281006406221422366797924041748046875
5.36942994715470423017222856287844479084014892578125
2.948068026036491318109256098978221416473388671875
1.7123016031213127430277154417126439511775970458984375
4.3398908662964874594081265968270599842071533203125
1.7307014698800191609961984795518219470977783203125
1.4331791042349648623854818652034737169742584228515625
6.15511914879459798299876638338901102542877197265625
5.721267543987526238424834446050226688385009765625
1.5032384587380061002903630651417188346385955810546875
2.52737984002116622406219903496094048023223876953125
0.573000934555273122583685108111239969730377197265625
2.2179244194274101431574308662675321102142333984375
4.93540188809486579657459515146911144256591796875
5.0839145898930429012807508115656673908233642578125
3.228191895273255784815091828932054340839385986328125
0.433198976571499694276923264624201692640781402587890625
3.177781985338006709440605845884419977664947509765625
3.447742175635056582905235700309276580810546875
0.87243385658137617699736665599630214273929595947265625
3.39820203779157470336258484167046844959259033203125
2.316084385054674843473776491009630262851715087890625
5.578674905922614613018595264293253421783447265625
3.959286992577955910377340842387638986110687255859375
5.3057883703735200242590508423745632171630859375
2.26334537202451002713132766075432300567626953125
1.6754797268758665484966741132666356861591339111328125
1.7141805458426897512680397994699887931346893310546875
1.3039675203584695228897771812626160681247711181640625
0.0819323888488266705021345615023165009915828704833984375
2.534608639044767297576754572219215333461761474609375
4.2324778443456931853461355785839259624481201171875
5.62456082362420506370881412294693291187286376953125
0.06588931822425771189788434867296018637716770172119140625
6.01715812106885561405533735523931682109832763671875
4.2935654382649683924455530359409749507904052734375
3.541458507118701248828074312768876552581787109375
1.680370695035296790820211754180490970611572265625
2.514482751317241859823070626589469611644744873046875
1.5705199541739471857937360255164094269275665283203125
4.8189978389292154048462180071510374546051025390625
3.0870687262337757061914089717902243137359619140625
0.387026332778239445797652251712861470878124237060546875
4.10469641210835778366572412778623402118682861328125
5.16764640601402103214923045015893876552581787109375
1.795690663388221697260860310052521526813507080078125
1.2135677821534300857564403486321680247783660888671875
4.38687735774921794273950581555254757404327392578125
0.8720577374176150531326356940553523600101470947265625
3.344061002111059277552840285352431237697601318359375
5.39108985663078232875022877124138176441192626953125
3.738205411495227448170908246538601815700531005859375
1.6809056578439973694827358485781587660312652587890625
5.48631117093912745730222013662569224834442138671875
4.77504849121794183730571603518910706043243408203125
5.732474227926164900281946756877005100250244140625
4.607511151311530994689746876247227191925048828125
3.5221532959522363626092555932700634002685546875
1.0544216233105692115401552655384875833988189697265625
0.40234604015231523188589335404685698449611663818359375
5.53029320901777765584483859129250049591064453125
1.3579524685317048149357788133784197270870208740234375
1.94301991127445194962319874321110546588897705078125
1.0156189940230062607184891021461226046085357666015625
3.914411202254399313460453413426876068115234375
3.42110820425270123479322137427516281604766845703125
5.714121133584256995163741521537303924560546875
5.67167881678299234948781304410658776760101318359375
0.011519116426780502682181150930773583240807056427001953125
5.307229897663656714712487882934510707855224609375
5.64845050990935693135952533339150249958038330078125
1.8142433377918767423153667550650425255298614501953125
1.0096911709722526939714271065895445644855499267578125
2.68412854238482179169977825949899852275848388671875
0.39687573595303415885382491978816688060760498046875
2.002995520681575047916567200445570051670074462890625
5.28451128900351019268555319285951554775238037109375
0.10465933321618346718562264641150250099599361419677734375
2.82259251549420309146398722077719867229461669921875
3.7594235489700285057779183262027800083160400390625
5.4799583233732551690309264813549816608428955078125
3.47613417370794675065326373442076146602630615234375
1.77347476604482157114262008690275251865386962890625
6.02273564253409343649536822340451180934906005859375
1.4562470723613849532540598374907858669757843017578125
0.28837619011632342758133518145768903195858001708984375
3.520113757010062460750532409292645752429962158203125
4.7942886376399567183170802309177815914154052734375
1.1558308587264767286484357100562192499637603759765625
0.310732422265136365435722609618096612393856048583984375
4.28170646256191478329355959431268274784088134765625
1.1966902396503227290480708688846789300441741943359375
5.67467593508582712757970512029714882373809814453125
4.22737834891754982180600563879124820232391357421875
2.421627900105696173937985804514028131961822509765625
2.667901562476960197756170600769110023975372314453125
2.600963045258634309675471740774810314178466796875
0.246109771658954645801031801966018974781036376953125
2.725478123750008752068652029265649616718292236328125
6.15943169670089485379094185191206634044647216796875
5.03244034853912491911387405707500874996185302734375
5.003237475456298710696501075290143489837646484375
2.2672421147254180340269158477894961833953857421875
0.51598843060566557117141428534523583948612213134765625
4.70957269019519753072700041229836642742156982421875
4.97577957105724255626455487799830734729766845703125
3.140448795817513794048636555089615285396575927734375
5.99112630139669999351781370933167636394500732421875
1.19063408357407052307053163531236350536346435546875
4.74602257563169960263849134207703173160552978515625
5.63893594235015438442815138841979205608367919921875
5.23066290715871762273536660359241068363189697265625
0.991589271367729452322237193584442138671875
0.047966195986408326212835362412079120986163616180419921875
5.462432793010719933590735308825969696044921875
1.6156072883032954745630149773205630481243133544921875
0.08883517657868400529963537337607704102993011474609375
0.197871341247359777693048954461119137704372406005859375
3.850000273930013872103472749586217105388641357421875
5.7791502647559962468903904664330184459686279296875
1.5405806247238273964939025972853414714336395263671875
4.9844815139564868644583839341066777706146240234375
4.361029046520801699671210371889173984527587890625
0.92978354851884581488974390595103614032268524169921875
2.344556559815762941667571794823743402957916259765625
2.880739813774638502508196324924938380718231201171875
0.52335966225920416139416602163692004978656768798828125
3.657020889774705185715220068232156336307525634765625
1.021804799751028003385044939932413399219512939453125
5.232016331670507724993512965738773345947265625
3.62919967844841639958985979319550096988677978515625
4.412740131385756825466160080395638942718505859375
0.90009778080756130957951199889066629111766815185546875
6.07411214633120177808223161264322698116302490234375
5.3244712474119779699321952648460865020751953125
0.74330041301111382523458814830519258975982666015625
3.758636341048763096495122226770035922527313232421875
5.26289599560298260172430673264898359775543212890625
4.1370191423207867131850434816442430019378662109375
1.1049579147386003885600302965031005442142486572265625
5.5853003682723727507664079894311726093292236328125
1.8986976013766299065110843002912588417530059814453125
5.81391514944659437702512150281108915805816650390625
1.340423664158510330679519029217772185802459716796875
2.9775202769124486934515516622923314571380615234375
0.75358693903353379806020484465989284217357635498046875
0.853693009951148606972992638475261628627777099609375
4.04156950746212917380262297228910028934478759765625
3.493753243052406975976964531582780182361602783203125
0.220703542570448607573752042299020104110240936279296875
3.119388156103020559584138027275912463665008544921875
3.116905762600190588074156039510853588581085205078125
0.40860058547499888970122583486954681575298309326171875
2.4313192817955115998529436183162033557891845703125
2.006110696473327958955223948578350245952606201171875
4.7440101270064989336106009432114660739898681640625
1.238789625047350018149927564081735908985137939453125
1.133700492351441102556464102235622704029083251953125
5.91524091953446440328434619004838168621063232421875
1.3220541207657301452371712002786807715892791748046875
2.763378849413133497847638864186592400074005126953125
2.93311054595610531947613708325661718845367431640625
0.95878282729271813167315485770814120769500732421875
5.370862653048828150303961592726409435272216796875
4.52399110135989257486244241590611636638641357421875
0.704389960809509663164362791576422750949859619140625
0.272384854126674624819059999936143867671489715576171875
1.955033154614695956041714453021995723247528076171875
5.91791217868703522952955609071068465709686279296875
0.6661492365720445008037131628952920436859130859375
0.2142167152903120541651560415630228817462921142578125
0.7799791948776595429393410086049698293209075927734375
0.71785140490059340390160969036514870822429656982421875
0.135503384347773814244675349982571788132190704345703125
0.08467111135119158304984665619485895149409770965576171875
0.800227230321721716421734527102671563625335693359375
0.7948108226036703083394741042866371572017669677734375
0.73417404933561292157406796832219697535037994384765625
0.74533542000937058613629915271303616464138031005859375
0.423718309692907302288489290731376968324184417724609375
0.51034388994348411916490704243187792599201202392578125
0.67474289176740820384026164902024902403354644775390625
0.465537863068998747362314816200523637235164642333984375
0.85044165460879062035104425376630388200283050537109375
0.43699617890501218919752091096597723662853240966796875
0.378045926512240393346786504480405710637569427490234375
0.9060364658506756541100912727415561676025390625
0.5294150260879728620011519524268805980682373046875
0.95572068260783360482690795834059827029705047607421875
0.7593607421775165899902049204683862626552581787109375
0.05301579649234926250311872308884630911052227020263671875
0.1203972688505413335402494112713611684739589691162109375
0.7238641799073033400446774976444430649280548095703125
0.8488029552850886449988365711760707199573516845703125
0.180371194230565412564004645901150070130825042724609375
0.60070680296081435667332470984547398984432220458984375
0.76255967643231137298442945393617264926433563232421875
0.1291759838951639649540226173485280014574527740478515625
0.473571832512305945783737115561962127685546875
0.86120190558079723341933231495204381644725799560546875
0.496208529684789734215399903405341319739818572998046875
0.56178090561264237834393497905693948268890380859375
0.397272952551614932925616585634998045861721038818359375
0.026132865355411948049546566608114517293870449066162109375
0.75611434167070046274972128230729140341281890869140625
0.3933854286528124521993277085130102932453155517578125
0.34508157910084424901953070730087347328662872314453125
0.656956756793408036543269190588034689426422119140625
0.368354016155169328161633757190429605543613433837890625
0.53814535845916033895974806000594981014728546142578125
0.77828097659083128601054113460122607648372650146484375
0.239440294559784383476852553940261714160442352294921875
0.414301855682535968838919870904646813869476318359375
0.76893819159313026023738757430692203342914581298828125
0.34823391742456422104368130021612159907817840576171875
0.79844169914649876229617575518204830586910247802734375
0.86938792880130366658164575710543431341648101806640625
0.2466874417134967689690938641433604061603546142578125
0.451418535528433750858567918839980848133563995361328125
0.61965451604670584995204762890352867543697357177734375
0.058313914601837248119498013920747325755655765533447265625
0.0166630144308614613901653456196072511374950408935546875
0.5268226426685334029542673306423239409923553466796875
0.47234125271082916253106986914644949138164520263671875
0.179379482837104919923376655788160860538482666015625
0.443901868743776295556102695627487264573574066162109375
0.1493387721243029375717270568202366121113300323486328125
0.49850111151975629031340986330178566277027130126953125
0.051958442224170287015994063040125183761119842529296875
0.451514315536019561481140272007905878126621246337890625
0.89757939935549135856973634872701950371265411376953125
0.2446348062924271482554416934362961910665035247802734375
0.61017861897599823262083873487426899373531341552734375
0.033628208578391098615423260298484819941222667694091796875
0.7641425555404939284898091500508598983287811279296875
0.26913003123790490977995659704902209341526031494140625
0.66632266932461536868004259304143488407135009765625
0.2258519643106739749338629508201847784221172332763671875
0.95941281735869721192244696794659830629825592041015625
0.0883219698855290114014593427782529033720493316650390625
0.70867982819149266671132636474794708192348480224609375
0.0964527586924157909198385141280596144497394561767578125
0.2155660023985272177871053145281621254980564117431640625
0.42165922765697316787480986022274009883403778076171875
0.86239317285939731672073094159713946282863616943359375
0.66771680427143198510719912519562058150768280029296875
0.1231295569441884507622120281666866503655910491943359375
0.5269398994403611258263708805316127836704254150390625
0.40367385810412181879058834965690039098262786865234375
0.79490533042461863910688180112629197537899017333984375
0.213850832178187955090464811291894875466823577880859375
0.9902728842526082875252768644713796675205230712890625
0.349828406865628604993645467402529902756214141845703125
0.07331881303029079421929026239013182930648326873779296875
0.9143180651191240571051821461878716945648193359375
0.44803352348880542965758877471671439707279205322265625
0.69386462247644764556042673575575463473796844482421875
0.481016492695089670217356569992261938750743865966796875
0.139440151927732014502936408462119288742542266845703125
0.1769550690320111085984677856686175800859928131103515625
0.775849263079394280140377304633148014545440673828125
0.7618058965363567747175466138287447392940521240234375
0.75702348340164105078287093419930897653102874755859375
0.632286995943769358774488864582963287830352783203125
0.84931390352980884461686628128518350422382354736328125
0.328513754684717274034966294493642635643482208251953125
0.491227687099588916641579317001742310822010040283203125
0.94333823721080001245553603439475409686565399169921875
0.53491148656928511062602638048701919615268707275390625
0.1502973177238820789991535775698139332234859466552734375
0.1782978336225719273588907753946841694414615631103515625
0.07222744406770330305445071417125291191041469573974609375
0.142817123393908673723018409873475320637226104736328125
0.78159308050833320447026153487968258559703826904296875
0.455919657114855769730610290935146622359752655029296875
0.284090600108770019449622168394853360950946807861328125
0.80322002237812617497780820485786534845829010009765625
0.1307477402178327252624256971103022806346416473388671875
0.334642291690522009073305298443301580846309661865234375
0.72094084635420740969635744477272965013980865478515625
0.1902270620643287390993947383321938104927539825439453125
0.2471209304626662828230365676063229329884052276611328125
0.368241239510588902472676409161067567765712738037109375
0.52251084312913509410947199285146780312061309814453125
0.207116217448895911790174295674660243093967437744140625
0.352382277768283291852213778838631696999073028564453125
0.271139002531365969073107180520310066640377044677734375
0.2575765067048261247606433244072832167148590087890625
0.97785365906444088324178665061481297016143798828125
0.69621340171257661832981966654187999665737152099609375
0.99771773628784232723631930639385245740413665771484375
0.6655422363735465918210820746026001870632171630859375
0.0262004980008120162693341370641064713709056377410888671875
0.36118126304875186605158887687139213085174560546875
0.5593247122873201693238343068514950573444366455078125
0.54479898491166489638004577500396408140659332275390625
0.1315767104418839872348456765394075773656368255615234375
0.431006523515566508653051869259797967970371246337890625
0.98237908304779752999280617586919106543064117431640625
0.402970676032346986072951722235302440822124481201171875
0.62632552749771885913787627941928803920745849609375
0.57490935156816125317646992698428221046924591064453125
0.1799626756366168589540421862693619914352893829345703125
0.31142065595435941549595781907555647194385528564453125
0.871655445486146707168018110678531229496002197265625
0.59158965041469302459375967373489402234554290771484375
0.98793805948828261609406808929634280502796173095703125
0.670310939508635073025288875214755535125732421875
0.053421862448296449088491755219365586526691913604736328125
0.3749813476460899241970992079586721956729888916015625
0.11361431149468492751708481591776944696903228759765625
0.362298349087265492141085587718407623469829559326171875
0.71170024793208586100234924742835573852062225341796875
0.7450089723547030917671918359701521694660186767578125
0.7468222392475336590678125503472983837127685546875
0.88357463054525420265150614795857109129428863525390625
0.903332602187680411276460290537215769290924072265625
0.2706122963086758925754793381202034652233123779296875
0.29096983992074143543504760600626468658447265625
0.241111611594032326788550335550098679959774017333984375
0.58966700946431005458947538500069640576839447021484375
0.031998465783893349778654879855821491219103336334228515625
0.089833148331303680489412499809986911714076995849609375
0.59174362644168720937187799790990538895130157470703125
0.73380160784991532718635198762058280408382415771484375
0.756001586446539253216769793652929365634918212890625
0.88650530617987055581608046850305981934070587158203125
0.09260694128116915557757948818107252009212970733642578125
0.911604808136636801663144069607369601726531982421875
0.292284883694855890379216134533635340631008148193359375
0.98559556155726102399938781672972254455089569091796875
0.03157481273243893660218617469581658951938152313232421875
0.63434349588786409501750540584907867014408111572265625
0.97222344063791610313529645281960256397724151611328125
0.8842200613041502066380417090840637683868408203125
0.0879386202841711261957158285440527833998203277587890625
0.046036314240673704978323854675181792117655277252197265625
0.051492139255391498886549328517503454349935054779052734375
0.8222464918262541999638415290974080562591552734375
0.27912447381723881623116767514147795736789703369140625
0.60996073931919447819183233150397427380084991455078125
0.403464018555108439034739831186016090214252471923828125
0.1534259953319216107647804392399848438799381256103515625
0.094671598679698820699712769055622629821300506591796875
0.333686873006488582404927001334726810455322265625
0.7234578499214061597655245350324548780918121337890625
0.56281599661466474859849995482363738119602203369140625
0.208210597377368522575835640964214690029621124267578125
0.05721977169495996717873964598766178824007511138916015625
0.1224728278454732255386971928601269610226154327392578125
0.393769089781571712816088393083191476762294769287109375
0.415326903301909078347620152271701954305171966552734375
0.3303485351290313953853683415218256413936614990234375
0.57567486705988402118094882098375819623470306396484375
0.11005480778871794267370631814628723077476024627685546875
0.70864312616579383519166412952472455799579620361328125
0.8899254011409010178823564274352975189685821533203125
0.216481592141316070421197537143598310649394989013671875
0.608178104091518623164347445708699524402618408203125
0.10838219901005839707064382082535303197801113128662109375
0.698109673195569602199839209788478910923004150390625
