              -3390.1718978877
         -0.000123533      -0.000008340      -0.000019048
         -0.000008340      -0.000114018      -0.000017937
         -0.000019048      -0.000017937      -0.000132066
          64
  1     6      -0.001980572       0.016547462      -0.029134152  C
  1     6       0.019532894       0.003509406      -0.001221597  C
  2    40       0.003075639       0.003717870      -0.003098815  Zr
  1     6      -0.038508326      -0.036680552      -0.001131563  C
  2    40       0.008777739      -0.006750255       0.116065196  Zr
  2    40       0.010696202      -0.001705340      -0.008100959  Zr
  1     6      -0.008830358      -0.014523025       0.001146736  C
  2    40      -0.077143697       0.014360422      -0.058065872  Zr
  1     6      -0.047366708      -0.017093665      -0.063647669  C
  1     6       0.003806624       0.002215638       0.032646266  C
  2    40      -0.054277941      -0.018236702       0.042043344  Zr
  1     6      -0.004837032      -0.003901578       0.007257477  C
  2    40       0.007979459       0.013202441      -0.004513291  Zr
  2    40      -0.001490638       0.020958461       0.012064470  Zr
  1     6       0.010862580      -0.011368970      -0.023513197  C
  2    40      -0.001895450      -0.010731481      -0.001343991  Zr
  2    40      -0.040666672      -0.012853096       0.003506314  Zr
  1     6       0.012350111      -0.006552956       0.011429607  C
  2    40      -0.005748214       0.025643428       0.035512730  Zr
  1     6      -0.006161747       0.018049527       0.046379778  C
  1     6       0.006504166      -0.003313402       0.016777979  C
  2    40       0.009089946      -0.004503546       0.015480030  Zr
  1     6       0.029688568      -0.022024312       0.009964965  C
  2    40       0.022334232       0.008984270      -0.053360228  Zr
  2    40       0.007677509       0.035155486      -0.015502723  Zr
  1     6       0.009571255      -0.008805256       0.014672009  C
  2    40       0.035595659       0.016911946      -0.018938367  Zr
  1     6       0.002132686       0.012116050       0.003520790  C
  1     6       0.020559508       0.002596889      -0.021189061  C
  2    40       0.023924655      -0.022322966      -0.026942080  Zr
  1     6       0.019774341      -0.004513076      -0.013505366  C
  2    40       0.024876696      -0.012221880       0.013920979  Zr
  1     6       0.009567313       0.015555229       0.013222064  C
  2    40      -0.010732567      -0.019361369       0.022488865  Zr
  1     6       0.010451781       0.025370068       0.021431208  C
  2    40       0.015498071      -0.015483625      -0.009007464  Zr
  2    40       0.024107366       0.010573461      -0.029907591  Zr
  1     6      -0.006888593       0.011515543      -0.011910889  C
  2    40      -0.030884634      -0.015928537       0.014302188  Zr
  1     6       0.000376884       0.018741586      -0.013740845  C
  1     6      -0.019596877      -0.025844903       0.007970862  C
  2    40      -0.004430219      -0.027468896       0.014090726  Zr
  1     6      -0.001658760      -0.007584770      -0.009597606  C
  2    40      -0.031255642      -0.042061737       0.001664124  Zr
  2    40      -0.034157481       0.005315309      -0.014786018  Zr
  1     6       0.004623929      -0.019040858      -0.000144849  C
  2    40       0.008759846       0.032665581      -0.006291580  Zr
  1     6       0.005903301       0.011385014      -0.004142734  C
  2    40      -0.016044670       0.062086490      -0.006469778  Zr
  1     6       0.016825066      -0.006887807       0.017271027  C
  2    40       0.003023475       0.019617452      -0.010770657  Zr
  1     6       0.020625052       0.016161141       0.007949042  C
  1     6       0.013150417      -0.011184445      -0.004759556  C
  2    40       0.019112997      -0.015058746      -0.022340731  Zr
  1     6       0.019982183      -0.008992058      -0.016409118  C
  2    40      -0.020990450      -0.018025616       0.004896514  Zr
  2    40      -0.000536794       0.015638417       0.003309003  Zr
  1     6      -0.005371564      -0.011191438       0.021277173  C
  2    40      -0.003031857       0.021293342      -0.019760969  Zr
  1     6       0.006248893       0.011418083       0.008602145  C
  1     6       0.002787114      -0.007191258      -0.021879251  C
  2    40       0.003808620      -0.002338785       0.018211273  Zr
  1     6      -0.002165942      -0.002163098      -0.000620520  C
  2    40       0.000455928       0.000922767      -0.014031631  Zr
