              -3390.1365500649
         -0.000245185      -0.000002868       0.000009235
         -0.000002868      -0.000156367      -0.000010324
          0.000009235      -0.000010324      -0.000181383
          64
  1     6      -0.013287594       0.018782738      -0.006658826  C
  1     6       0.005262676       0.007671574      -0.002943215  C
  2    40      -0.032414504       0.000136972      -0.016851314  Zr
  1     6      -0.026651704       0.014393812      -0.018980622  C
  2    40       0.058755395       0.039256570      -0.001216212  Zr
  2    40      -0.022400099       0.016107771       0.034002550  Zr
  1     6       0.026558831       0.004842273       0.029599806  C
  2    40      -0.001483088       0.014629997      -0.005381651  Zr
  1     6      -0.132050478      -0.027108403      -0.006528981  C
  1     6       0.007969437      -0.026534368       0.000114530  C
  2    40      -0.029863757       0.001991559      -0.014827316  Zr
  1     6       0.002468937       0.013878050      -0.008939962  C
  2    40       0.060806138       0.005476060       0.011366201  Zr
  2    40      -0.005640450       0.010241175      -0.007357665  Zr
  1     6       0.065786361      -0.004594516       0.010274625  C
  2    40      -0.014185009      -0.017089671      -0.001568793  Zr
  2    40      -0.033304859      -0.018489039      -0.003250159  Zr
  1     6      -0.006912393      -0.024517789      -0.009774257  C
  2    40       0.034564342      -0.016725083      -0.044714951  Zr
  1     6      -0.016577770      -0.008951820      -0.004459888  C
  1     6       0.015250351       0.013548440       0.014319774  C
  2    40      -0.032594700      -0.002363826       0.051043658  Zr
  1     6       0.007710098       0.029491321       0.071759311  C
  2    40       0.143284641      -0.007214231       0.014929404  Zr
  2    40       0.031788552      -0.025864942       0.001478614  Zr
  1     6       0.008131219      -0.010304128      -0.010654076  C
  2    40      -0.011349933      -0.004398259      -0.059405310  Zr
  1     6      -0.003947955       0.030599127      -0.006796680  C
  1     6       0.003123448       0.037820221       0.005312013  C
  2    40       0.019665240      -0.013438500       0.004378723  Zr
  1     6       0.004156137      -0.001461779      -0.003235156  C
  2    40      -0.029272122      -0.030433760      -0.016097196  Zr
  1     6      -0.015951799       0.019656332      -0.023538052  C
  2    40      -0.011860485      -0.018114285      -0.024487636  Zr
  1     6      -0.005913265      -0.018682484       0.012629726  C
  2    40      -0.013011736       0.016079896      -0.017695458  Zr
  2    40      -0.012101376       0.015555554       0.000742577  Zr
  1     6       0.000334889       0.008137795       0.031725168  C
  2    40       0.009987446      -0.011184145       0.030381605  Zr
  1     6       0.010703816      -0.001489711      -0.003998023  C
  1     6      -0.023670889      -0.002469078      -0.014612966  C
  2    40       0.024448296       0.000827815      -0.059421973  Zr
  1     6       0.004947284       0.004905328       0.003050236  C
  2    40       0.007599481      -0.012400712       0.007083785  Zr
  2    40      -0.052973637       0.009970525       0.014083943  Zr
  1     6       0.007562699      -0.025032231       0.018822762  C
  2    40      -0.026693828       0.042378906       0.032613165  Zr
  1     6       0.014219095       0.011478523       0.006823018  C
  2    40       0.017789934      -0.023120954      -0.003950664  Zr
  1     6       0.017880533      -0.001446856       0.006852120  C
  2    40      -0.006027310      -0.038533676       0.000151878  Zr
  1     6      -0.001184688      -0.004649143      -0.019546843  C
  1     6       0.007765042      -0.028528312      -0.007387931  C
  2    40       0.005448014       0.017979161      -0.013503474  Zr
  1     6       0.005732536       0.016492756      -0.002817554  C
  2    40      -0.001596640       0.023842352       0.035700289  Zr
  2    40       0.041322920      -0.010397906       0.010621516  Zr
  1     6      -0.005662954      -0.003832833       0.016610726  C
  2    40      -0.033917330      -0.012488566       0.002255400  Zr
  1     6      -0.035244251       0.021555554      -0.018071123  C
  1     6       0.002891402      -0.043715111       0.010316510  C
  2    40      -0.044004660      -0.021890928      -0.046594177  Zr
  1     6       0.012263950      -0.009708945      -0.009570567  C
  2    40       0.016747486       0.059453609       0.024764780  Zr
