1046148137
0.43384786558846399895372769606183283030986785888671875
1.1881010789574044661520701993140392005443572998046875
4.92987005063537697679976190556772053241729736328125
3.6900903957785526898760508629493415355682373046875
1.166872033965411947775692169670946896076202392578125
0.2196981901570229378517495888445409946143627166748046875
2.759096905753034345565311014070175588130950927734375
2.092003699026359964108223721268586814403533935546875
4.26693677142356531106770489714108407497406005859375
0.03491967312662447309179469812079332768917083740234375
3.828751204515366435288115098956041038036346435546875
5.6125284306863161276623941375873982906341552734375
2.598831008932207087269716794253326952457427978515625
5.32764361159724675331972321146167814731597900390625
4.74415388504021517945830055396072566509246826171875
0.64151982169270793665560859153629280626773834228515625
2.681998475146127436374854369205422699451446533203125
1.977914509985214674969711268204264342784881591796875
1.8812926154637448217243900216999463737010955810546875
5.85706709854926987901535540004260838031768798828125
6.088950439549915216730369138531386852264404296875
0.52429856015600606600202127083321101963520050048828125
0.73631036806955962870091525473981164395809173583984375
0.9302365352501118511696631685481406748294830322265625
3.856281777907044183706375406472943723201751708984375
5.89476269383945794544388263602741062641143798828125
4.64014976942460233289011739543639123439788818359375
1.3903216405414469125645382518996484577655792236328125
1.2453573167621974082663882654742337763309478759765625
0.624091867965993696287796410615555942058563232421875
4.70864199926881443758475143113173544406890869140625
4.88432765243109034969393178471364080905914306640625
3.0952325932346500536596067831851541996002197265625
2.4361383972706089906523629906587302684783935546875
6.2470617681800728604457617620937526226043701171875
1.7415045581275510055974109491216950118541717529296875
1.8036001786744983999000169205828569829463958740234375
2.33450364425542655766321331611834466457366943359375
4.88210538039175911961820020223967730998992919921875
1.2599723833113458670851514398236759006977081298828125
4.229896390808111306114369654096662998199462890625
3.85704953779537706992641687975265085697174072265625
6.09565559582490568146795339998789131641387939453125
3.542656335663685762682462154771201312541961669921875
5.6821511304755176752223633229732513427734375
0.7641535114636781589325664754142053425312042236328125
5.43235989914005390488682678551413118839263916015625
5.2150630012334371343740713200531899929046630859375
6.22753802631107422627110281609930098056793212890625
0.9377470981472615374485712891328148543834686279296875
3.378036288472252568482190326903946697711944580078125
5.9610560934436254143520272918976843357086181640625
4.9450547745583701697569267707876861095428466796875
1.4383617109649720067210409979452379047870635986328125
5.2771146172045906297398687456734478473663330078125
5.99917671324893131412636648747138679027557373046875
3.569883868501285473229245326365344226360321044921875
5.8106865682454138521961795049719512462615966796875
2.537226826455295292106484339456073939800262451171875
4.4401817739874562818158665322698652744293212890625
0.95372050461294299861236822835053317248821258544921875
6.04380048082347176574558034189976751804351806640625
4.56963114642006740240276485565118491649627685546875
2.347302293201863676586071960628032684326171875
0.060508971783446045822341119446718948893249034881591796875
4.422213058444778965849764063023030757904052734375
5.964301047623937535036020562984049320220947265625
2.336996424476612599363534172880463302135467529296875
6.11245828666161994391359257861040532588958740234375
1.8869600712807628184464192599989473819732666015625
0.1905069267920660724957571119375643320381641387939453125
2.04702800602723744560762497712858021259307861328125
5.17599243264816610832212973036803305149078369140625
0.8595596566937049320955566145130433142185211181640625
4.64468687525591494846821660757996141910552978515625
3.36622661018260060927786980755627155303955078125
4.2208914132064592195092700421810150146484375
5.7013024836218537672039019525982439517974853515625
1.8193346672113077655552615397027693688869476318359375
0.73813582650599485202036476039211265742778778076171875
5.05046886524700600062942612566985189914703369140625
5.31838890217628801337923505343496799468994140625
2.97724743391334190079078325652517378330230712890625
3.07456982627574149091742583550512790679931640625
5.1475581620944854677190960501320660114288330078125
1.6297227156636615585938443473423831164836883544921875
0.281296079160361978122040227390243671834468841552734375
2.815270584179902613186641247011721134185791015625
5.25127999596355010680781560949981212615966796875
0.6041371650603160059489482591743580996990203857421875
2.691386368628931879953825045959092676639556884765625
2.92800364816248492871864073094911873340606689453125
0.81402026332315202683531651928205974400043487548828125
3.136429735610244851073957761400379240512847900390625
4.1115403027563832694113443722017109394073486328125
4.5131985695292140547962844721041619777679443359375
2.751729147067013325766993148135952651500701904296875
1.3272231720968241663882736247614957392215728759765625
4.9206021954325667167040592175908386707305908203125
2.25231169570364375687177016516216099262237548828125
3.080137595929069771472086358699016273021697998046875
2.83985484056193104862586551462300121784210205078125
1.275599833058203902425020714872516691684722900390625
2.53553688689795908572932603419758379459381103515625
3.04677036268960410581030373577959835529327392578125
3.856476097315381768027009457000531256198883056640625
0.8268525272011915117076341630308888852596282958984375
0.0840639073022544092150809547092649154365062713623046875
2.84741527141053296645623049698770046234130859375
4.274227721058803552978133666329085826873779296875
0.81187390502873835185226880639675073325634002685546875
3.554594136318633079696382992551662027835845947265625
6.05264315936768326764649827964603900909423828125
3.00939433015027102413796455948613584041595458984375
3.000425006788022930237502805539406836032867431640625
2.191849803549792863321954428101889789104461669921875
2.86055513722121901309947133995592594146728515625
3.15881097780652364548359400941990315914154052734375
4.403644768853556712429053732194006443023681640625
4.37984949930117739569368495722301304340362548828125
2.5508366195885940896914689801633358001708984375
0.622201259935860395700046865385957062244415283203125
2.4544347391685885639844855177216231822967529296875
5.018561940239965935006694053299725055694580078125
3.926758816002286156532363747828640043735504150390625
5.9776202847460382372446474619209766387939453125
5.51384534896094979927738677361048758029937744140625
2.01905047312677599080643631168641149997711181640625
1.847661126554291488588432912365533411502838134765625
3.69017795727720976373120720381848514080047607421875
4.0069655291309604905336527735926210880279541015625
4.6454634360594067032934617600403726100921630859375
4.630547107864561695578231592662632465362548828125
4.7204903337057668721854497562162578105926513671875
0.93225167564457656066423396623576991260051727294921875
3.918236405335443262032413258566521108150482177734375
4.77029482962350126484807333326898515224456787109375
0.5775921420229561675796503550373017787933349609375
5.24670283836109074826481446507386863231658935546875
6.24339427937121183020963144372217357158660888671875
2.3225731377100178320915802032686769962310791015625
1.3457237695427284318583360800403170287609100341796875
2.90367308225608322658217730349861085414886474609375
0.55335109207376376172504706119070760905742645263671875
2.110033745946550798322505215764977037906646728515625
3.31623504215268827266527296160347759723663330078125
3.842371510177975846289655237342230975627899169921875
0.41814933557801847729962219091248698532581329345703125
3.1996022862263515662561985664069652557373046875
4.940739891834819985660942620597779750823974609375
1.672608899364892209860045113600790500640869140625
1.33175695710409858207867728197015821933746337890625
0.83304335951573005303316676872782409191131591796875
1.1012626948546471172818428385653533041477203369140625
1.2223178784641397509602711579645983874797821044921875
2.686837246388524835793987222132273018360137939453125
0.7161156324914343951348882910679094493389129638671875
5.098124205770961481221092981286346912384033203125
1.1141499586007574951196374968276359140872955322265625
2.087937623557891253511797913233749568462371826171875
3.61181904426986211120720327016897499561309814453125
3.0579976766989833691923195146955549716949462890625
0.7995005380710011877454235218465328216552734375
3.360738569564538646972096103127114474773406982421875
2.33160138156078655669034560560248792171478271484375
1.847771486168280574702293961308896541595458984375
4.5940841556437845838445355184376239776611328125
4.1639287099140727121948657440952956676483154296875
5.0888775453252694802586120204068720340728759765625
5.22368841303633590911204009898938238620758056640625
0.04347777314290506012195436369438539259135723114013671875
3.572901142889403303115614107809960842132568359375
5.65990137535611292918247272609733045101165771484375
4.379382123307692609159857966005802154541015625
1.756130040653416823914767519454471766948699951171875
3.715049738504178744591399663477204740047454833984375
5.58830710965032739778735049185343086719512939453125
0.255769036445279540625818981425254605710506439208984375
3.966009127480163432011295299162156879901885986328125
4.10372517201868181047075267997570335865020751953125
5.6348007674091764585000419174320995807647705078125
4.01863548996662789392075865180231630802154541015625
2.847839801459340236533535062335431575775146484375
3.089641835286639715008050188771449029445648193359375
0.88138499879774745426885829147067852318286895751953125
1.6815421705740194457945335670956410467624664306640625
3.657485301896162610546525684185326099395751953125
1.684456180500828015311753915739245712757110595703125
1.359098056272113996811867764336057007312774658203125
3.525067411209146683859216864220798015594482421875
6.247972750674104958079624339006841182708740234375
2.19999187892297332069801996112801134586334228515625
0.74664704350132826693453580446657724678516387939453125
0.490690296744317910881960642655030824244022369384765625
0.0082238083743601149422364215979541768319904804229736328125
0.7207146783921469790357150486670434474945068359375
0.0669955620854141009612447987819905392825603485107421875
0.59831423619683565817695125588215887546539306640625
0.1500402005156689366760502934994292445480823516845703125
0.73984127060502824502208341073128394782543182373046875
0.1973488694975845947343628949965932406485080718994140625
0.1418891074796622131515277942526154220104217529296875
0.58489339173999310705909238095046021044254302978515625
0.9981655739239256863726268420577980577945709228515625
0.366762507412006388829439629262196831405162811279296875
0.94720773163587212994940500720986165106296539306640625
0.6802062721365160768982605077326297760009765625
0.82410457535837988718441238233936019241809844970703125
0.29119321065544767623833877223660238087177276611328125
0.2114665029623855330154214016147307120263576507568359375
0.902090999252205261171866368385963141918182373046875
0.485130471868966905990561144790262915194034576416015625
0.9671472348119818374101441804668866097927093505859375
0.40821047285954026317966736314701847732067108154296875
0.416397438112831419498860441308352164924144744873046875
0.79629151467061209945796917963889427483081817626953125
0.153609381594513261237722190344356931746006011962890625
0.2231109879087242175987881864784867502748966217041015625
0.8314422656928386334840297422488220036029815673828125
0.1521195746735295173390767331511597149074077606201171875
0.06919737815353897703030128241152851842343807220458984375
0.95326031556039136916069764993153512477874755859375
0.2014283571398949035380354644075850956141948699951171875
0.1762569649965767537569405476460815407335758209228515625
0.0921597616244851369771140525699593126773834228515625
0.79203858729081166867302954415208660066127777099609375
0.319904649779156169397964504241826944053173065185546875
0.9633373226799710753454064615652896463871002197265625
0.360613766759919851523363831802271306514739990234375
0.404239318987466067500946564905461855232715606689453125
0.5195995385384184483967828782624565064907073974609375
0.390757512483167257499871993786655366420745849609375
0.1387114548770298494417829715530388057231903076171875
0.411711693467438077931319639901630580425262451171875
0.835145062224541323558923977543599903583526611328125
0.1683584932090521346648159806136391125619411468505859375
0.66315857445036929807002934467163868248462677001953125
0.6537460906681353822733626657282002270221710205078125
0.89898369922255338959615755811682902276515960693359375
0.35720849891994543856554855665308423340320587158203125
0.2177265240893357101104044204475940205156803131103515625
0.98539422218939021202999128945521079003810882568359375
0.42641614537053562639101755848969332873821258544921875
0.82468305799396846023086027344106696546077728271484375
0.32027933901188865295495133977965451776981353759765625
0.56404111700320669342545443214476108551025390625
0.429453209708190175586395298523711971938610076904296875
0.5130877976832388664973905179067514836788177490234375
0.56866712941260411096067173275514505803585052490234375
0.53831838468942716513510049480828456580638885498046875
0.4886307588259832801469428886775858700275421142578125
0.3081546320152257489866087780683301389217376708984375
0.828295687133584035422018132521770894527435302734375
0.0163762639352941254122786318703219876624643802642822265625
0.79190377834807323953469904154189862310886383056640625
0.718422846737514664283708043512888252735137939453125
0.522831849531657955054697595187462866306304931640625
0.54726147584023954184573312886641360819339752197265625
0.65254861239928219074357684803544543683528900146484375
0.73627790656698766103005482364096678793430328369140625
0.6008669098843200107040729562868364155292510986328125
0.812706828961478056072564868372865021228790283203125
0.25511765212524573076535716609214432537555694580078125
0.59848478371206892401090726707479916512966156005859375
0.250594116864071292383187028462998569011688232421875
0.22759697317499527624562460914603434503078460693359375
0.843480046765636704009239110746420919895172119140625
0.891014208966407039724799687974154949188232421875
0.49765232740792086918446557319839484989643096923828125
0.399055118858374247015063929211464710533618927001953125
0.280975236222602064994902093530981801450252532958984375
0.299186407727741798812104434546199627220630645751953125
0.82129503405713244479358081662212498486042022705078125
0.7530550801907922586764243533252738416194915771484375
0.2183924169365281386934185547943343408405780792236328125
0.446671597867585534746837083730497397482395172119140625
0.78965200986231309787655163745512254536151885986328125
0.8495794464133583634435353815206326544284820556640625
0.5851730530081191705704668493126519024372100830078125
0.86855444352540855934563523987890221178531646728515625
0.58486739852692348762275287299416959285736083984375
0.57499204556224492446148133240058086812496185302734375
0.63190302142496357351575397842680104076862335205078125
0.10012317779479695811772899105562828481197357177734375
0.373396727430353292387366082039079628884792327880859375
0.41911145458887866244168662888114340603351593017578125
0.616656262249060116431564892991445958614349365234375
0.4581790489415540346129773752181790769100189208984375
0.56474574588460180191162862683995626866817474365234375
0.91179494276260719676230337427114136517047882080078125
0.70056711495880363838040238988469354808330535888671875
0.6023974901076394328214291817857883870601654052734375
0.6178449665279337477130638944800011813640594482421875
0.5349887863430142775911235730745829641819000244140625
0.9000411661807639074339704166050069034099578857421875
0.03878518894258196902935509342569275759160518646240234375
0.499694646103165440731430635423748753964900970458984375
0.91325600906892490105093429519911296665668487548828125
0.0797834885678177230250440743475337512791156768798828125
0.26115301589535222515081613892107270658016204833984375
0.5125574835168931198126074377796612679958343505859375
0.107552179185465057731363458515261299908161163330078125
0.398562332800851348846293831229559145867824554443359375
0.56716504160648451016157878257217817008495330810546875
0.77696535679370415383715453572222031652927398681640625
0.7464462415065831191185452553327195346355438232421875
0.83742652406796180830639286796213127672672271728515625
0.967751596107963241166771695134229958057403564453125
0.80082066766955917191950220512808300554752349853515625
0.6582895096662870759729457859066314995288848876953125
0.90628361185373906838691482334979809820652008056640625
0.185770397626687955305868626965093426406383514404296875
0.310851933113696021759864152045338414609432220458984375
0.53757592455371094875005155699909664690494537353515625
0.1124055930936735114844537974931881763041019439697265625
0.84381563814534599199390640933415852487087249755859375
0.478993410933294061493370463722385466098785400390625
0.75417682191085855247791869260254316031932830810546875
0.51709904545783025309191316409851424396038055419921875
0.8408638224195985610975867530214600265026092529296875
0.80030184742077337123333791168988682329654693603515625
0.77159687353838091183888536761514842510223388671875
0.9361537950747431668929721126914955675601959228515625
0.0929998616189695315181751311683910898864269256591796875
0.2420888511659991249036494309621048159897327423095703125
0.437836295197641611753880397372995503246784210205078125
0.44836406989412569412678521985071711242198944091796875
0.55435072004532004452670435057370923459529876708984375
0.72263309951994247892770317776012234389781951904296875
0.149851424223674201119393956105341203510761260986328125
0.8906555855137554544853628613054752349853515625
0.460001768758521334401478952713659964501857757568359375
0.945034879699831353860872695804573595523834228515625
0.2472047397155336667662339777962188236415386199951171875
0.53552045372106160670000463142059743404388427734375
0.7561983264778733282440725815831683576107025146484375
0.67537862512999147224235230169142596423625946044921875
0.97355067263057015747307332276250235736370086669921875
0.2671436691969371057808757541351951658725738525390625
0.3485068815520531160245809587650001049041748046875
0.81783990506913506468578134445124305784702301025390625
0.65760498338267436846393820815137587487697601318359375
0.409949869574024294838210380476084537804126739501953125
0.02541997703975996947267645964529947377741336822509765625
0.30388234756136422998196167100104503333568572998046875
0.96762166124192139360360442879027687013149261474609375
0.1689384636324543775831585890045971609652042388916015625
0.56418692905650791313831859952188096940517425537109375
0.64180202020416132757674176900763995945453643798828125
0.57610726755862462500346055094269104301929473876953125
0.8994602304415126869940877440967597067356109619140625
0.51314477460139651388004722321056760847568511962890625
0.860100794052752082308188619208522140979766845703125
0.1863712748449161960007103289171936921775341033935546875
0.5532459805501839245067685624235309660434722900390625
0.6364769831469641037102746849996037781238555908203125
0.321221333146664012048177028191275894641876220703125
0.63728986011691846069737721336423419415950775146484375
0.506037669491971708879418656579218804836273193359375
0.86375417181465508065230096690356731414794921875
0.837981239351435203133178220014087855815887451171875
0.0044579496627943360209656020742841064929962158203125
0.258999262125696627645510261572781018912792205810546875
0.12089304585051398321926541257198550738394260406494140625
0.38003654702568268053397559924633242189884185791015625
0.0781237557894195189245323263094178400933742523193359375
0.02930590697997524640694422259912244044244289398193359375
0.85433563210737684112672241099062375724315643310546875
0.07796397715712151399447549238175270147621631622314453125
0.0166511633510939595359534592944328323937952518463134765625
0.57558506334926240466387525884783826768398284912109375
0.0022958428609631226051390751052849736879579722881317138671875
0.94721011302769653195099408549140207469463348388671875
0.62797759921661466808728846444864757359027862548828125
0.302295540600221401827951694940566085278987884521484375
0.2631677991073428923840538118383847177028656005859375
0.323107603622184880176604337975732050836086273193359375
0.1471964820042236110619882083483389578759670257568359375
0.83627062748943947756430361550883390009403228759765625
0.482908148077739463044366630128934048116207122802734375
0.96508984172953748981171884224750101566314697265625
0.495803951050994895499712811215431429445743560791015625
0.1523004337923137552213148637747508473694324493408203125
0.88380244974224009268937152228318154811859130859375
