              -3390.1825775950
         -0.000138878      -0.000012099      -0.000014925
         -0.000012099      -0.000103851      -0.000006047
         -0.000014925      -0.000006047      -0.000076784
          64
  1     6      -0.002476053      -0.003419358       0.010668435  C
  1     6       0.009683070      -0.010187477      -0.000245210  C
  2    40      -0.005073998       0.019227399       0.003536686  Zr
  1     6      -0.100302348       0.042993799       0.015402030  C
  2    40      -0.079041423      -0.083384521      -0.002566068  Zr
  2    40       0.017062279       0.026343873       0.016356795  Zr
  1     6      -0.003761276      -0.006438638       0.001671120  C
  2    40      -0.037755603      -0.029694906      -0.061669679  Zr
  1     6       0.058521676       0.007811123      -0.040977938  C
  1     6      -0.015558752       0.010067688      -0.007233880  C
  2    40      -0.005846864      -0.003268032      -0.016264078  Zr
  1     6       0.003795282      -0.002697957       0.005504129  C
  2    40       0.016398591       0.008562574       0.006257792  Zr
  2    40      -0.012087198      -0.002972141       0.002851101  Zr
  1     6       0.016551862      -0.001949637      -0.004235788  C
  2    40      -0.003439939       0.018366207       0.010746221  Zr
  2    40      -0.000865070       0.006756275      -0.026820662  Zr
  1     6       0.012979752      -0.002813473       0.003846977  C
  2    40       0.079189482      -0.021194731       0.097880768  Zr
  1     6      -0.070365498       0.025234313       0.010073384  C
  1     6      -0.002578053      -0.008323230      -0.002394889  C
  2    40       0.012046371       0.047107008      -0.013107909  Zr
  1     6       0.011878151       0.026370983       0.004215688  C
  2    40      -0.035398337      -0.077506484      -0.012550556  Zr
  2    40       0.010952276      -0.008357153       0.003143371  Zr
  1     6      -0.002755842       0.004929476       0.005634242  C
  2    40       0.006118886       0.008024461      -0.023887126  Zr
  1     6       0.000565392       0.006222166      -0.002327826  C
  1     6       0.008872410      -0.007665123       0.009553481  C
  2    40      -0.011442671      -0.007428405      -0.007104038  Zr
  1     6       0.006427707      -0.003970839       0.001365361  C
  2    40       0.016886571       0.020596433       0.007020924  Zr
  1     6       0.006199146      -0.010042277       0.006943993  C
  2    40      -0.009843675       0.010162752      -0.006196841  Zr
  1     6       0.021768941       0.005122268      -0.001796487  C
  2    40       0.034591231       0.012134197       0.001531691  Zr
  2    40       0.008908591      -0.006216714      -0.007518173  Zr
  1     6       0.002118047      -0.005040731      -0.002238740  C
  2    40       0.024578522       0.011415567      -0.002424245  Zr
  1     6      -0.006918000      -0.001308084      -0.001319490  C
  1     6      -0.011823686       0.010505268      -0.000163069  C
  2    40      -0.007491563      -0.016687700       0.006028290  Zr
  1     6       0.003107272       0.014388126       0.001010070  C
  2    40       0.014528731      -0.019910314      -0.010524494  Zr
  2    40       0.009460249      -0.016394798       0.002195012  Zr
  1     6       0.023940557       0.005531048      -0.005153693  C
  2    40      -0.019295060       0.003384838      -0.002667014  Zr
  1     6       0.000466189       0.002100991       0.014640497  C
  2    40       0.007360292      -0.003019441       0.003332279  Zr
  1     6       0.007606204      -0.004608314      -0.000591150  C
  2    40      -0.006437818       0.008466143      -0.013942019  Zr
  1     6       0.010243002      -0.003583026       0.000607117  C
  1     6      -0.005207234      -0.003681550      -0.007771129  C
  2    40       0.000204150       0.000665844       0.016313406  Zr
  1     6       0.005223633      -0.000150870       0.007919587  C
  2    40      -0.012250793       0.017618898       0.002530872  Zr
  2    40       0.013437320      -0.019510485       0.009415963  Zr
  1     6      -0.004140697       0.017276985      -0.006043070  C
  2    40      -0.002088378      -0.015115143       0.004607362  Zr
  1     6      -0.005456346       0.013168607      -0.005345081  C
  1     6       0.003802888       0.015447557      -0.000440964  C
  2    40      -0.019718065      -0.017791414       0.007391900  Zr
  1     6       0.005282340       0.011523091       0.008847459  C
  2    40       0.008700982      -0.012771958      -0.012060729  Zr
