              -3390.1147199264
         -0.000157731      -0.000002320      -0.000004376
         -0.000002321      -0.000213192      -0.000017382
         -0.000004376      -0.000017382      -0.000104897
          64
  1     6       0.002374569      -0.004477708       0.029503947  C
  1     6       0.001991903      -0.032420165      -0.003797241  C
  2    40       0.010136429       0.016981788       0.005724668  Zr
  1     6      -0.016132631       0.223702648      -0.029652884  C
  2    40      -0.032178393      -0.286970557      -0.087553343  Zr
  2    40      -0.020687234       0.027652865       0.012582627  Zr
  1     6       0.008986038      -0.008167072       0.007730382  C
  2    40       0.086242968      -0.009349287       0.001475006  Zr
  1     6      -0.115070561       0.005545693      -0.005604715  C
  1     6       0.008694845       0.005343075      -0.001439490  C
  2    40      -0.006735199      -0.004098708      -0.010131522  Zr
  1     6       0.001951412       0.002289551       0.004812768  C
  2    40      -0.005069241       0.008473119       0.002841383  Zr
  2    40       0.015450807       0.007922836       0.010423984  Zr
  1     6      -0.015290195      -0.006940138       0.003743530  C
  2    40      -0.009422343       0.045345300       0.038947628  Zr
  2    40       0.000328338       0.004687187       0.008696142  Zr
  1     6      -0.003458523       0.012668976       0.010342125  C
  2    40      -0.047654698      -0.032511373      -0.038052117  Zr
  1     6      -0.042474775       0.022256616      -0.071158633  C
  1     6       0.007612831       0.001994391      -0.000490066  C
  2    40      -0.000516273       0.009705015       0.014275109  Zr
  1     6      -0.014730846      -0.003837693      -0.014420720  C
  2    40       0.135474861      -0.010980750      -0.045304911  Zr
  2    40      -0.002286475      -0.002848020       0.011225966  Zr
  1     6      -0.002985949       0.000562219      -0.005494894  C
  2    40      -0.002485714      -0.000348601       0.010525271  Zr
  1     6      -0.000406731      -0.003451366       0.013661738  C
  1     6      -0.011654587      -0.006369607       0.004402773  C
  2    40       0.022947152       0.006670310       0.003616563  Zr
  1     6       0.006898696      -0.001518623       0.023485461  C
  2    40       0.017986408       0.004200153       0.036953573  Zr
  1     6       0.003879027      -0.000831602      -0.001843882  C
  2    40       0.010492636       0.003541580      -0.013593336  Zr
  1     6       0.021765823      -0.005576046       0.012642888  C
  2    40       0.013145974       0.016884915       0.012686174  Zr
  2    40      -0.012467831       0.002158049       0.002115997  Zr
  1     6       0.002608024       0.004058193       0.012807595  C
  2    40      -0.001075360       0.011493334       0.013402677  Zr
  1     6       0.028487862      -0.013462634       0.001416640  C
  1     6      -0.008369542       0.036959238      -0.002319982  C
  2    40       0.022025140      -0.032356233      -0.017469248  Zr
  1     6      -0.002815352       0.023730656       0.000937172  C
  2    40      -0.023315538      -0.032454198       0.005669107  Zr
  2    40       0.023776586      -0.015927392       0.005622609  Zr
  1     6      -0.028072132       0.007821939       0.016565400  C
  2    40       0.016358111      -0.006468812       0.001541153  Zr
  1     6       0.001865431       0.000274979       0.004055715  C
  2    40       0.010477201       0.009062418      -0.005707566  Zr
  1     6      -0.005923216      -0.006743684       0.004119513  C
  2    40      -0.022211905       0.022776830       0.002848923  Zr
  1     6       0.015911121      -0.006596383       0.001127640  C
  1     6       0.007562474       0.004191046       0.003277899  C
  2    40      -0.019045538       0.002155721      -0.002263701  Zr
  1     6      -0.015653757      -0.002277306       0.006997364  C
  2    40      -0.015277015      -0.007050707       0.018672832  Zr
  2    40       0.004268372      -0.021856212      -0.002650313  Zr
  1     6      -0.006098117       0.008467370      -0.004633611  C
  2    40      -0.012966651      -0.017681205      -0.003051866  Zr
  1     6       0.005354655       0.010120155      -0.001393430  C
  1     6      -0.016615951       0.017793393      -0.004546165  C
  2    40       0.034923060      -0.017252002      -0.011804345  Zr
  1     6      -0.006278293       0.016381360      -0.001183439  C
  2    40      -0.003019737      -0.003399659       0.002789887  Zr
