1636240105
2.23655070201709182953209165134467184543609619140625
2.804434065328445857545602848404087126255035400390625
0.79901500433832961522995219638687558472156524658203125
3.290759658000786291864869781420566141605377197265625
4.20620733203405006150887857074849307537078857421875
3.750427647312134293855478972545824944972991943359375
1.928758850419393322539463042630814015865325927734375
2.3343969331591249982693625497631728649139404296875
4.12428382894963174720714960130862891674041748046875
3.283918918478300863483809735043905675411224365234375
2.719377626626803934328791001462377607822418212890625
4.5316706664051178421459553646855056285858154296875
4.40217640579419278168415985419414937496185302734375
4.6890556679127559647213274729438126087188720703125
4.91874714801507995076690349378623068332672119140625
5.28141736063392652766879109549336135387420654296875
5.17779610530857947736649293801747262477874755859375
2.931383079624225285186867040465585887432098388671875
3.07645421690404230474769065040163695812225341796875
3.797870379025937825900882671703584492206573486328125
5.66924663355444469203803237178362905979156494140625
3.658572065700644859731482938514091074466705322265625
1.0786493109660348910239235920016653835773468017578125
4.9301887619679103380576634663157165050506591796875
1.9432715244064071580254449145286343991756439208984375
1.8048743598398242493630050375941209495067596435546875
3.8142698750110977101712705916725099086761474609375
6.11577158252287755857423690031282603740692138671875
1.3669466176137412549707050857250578701496124267578125
1.9373587547826789379001866109319962561130523681640625
5.809684208962377027773982263170182704925537109375
0.87462100980932067084694381264853291213512420654296875
2.73825693552730431434838465065695345401763916015625
4.39792082099202819023275878862477838993072509765625
3.744961527058557226865787015412934124469757080078125
0.53100209551776578198456491008982993662357330322265625
3.17771862050436393332120132981799542903900146484375
4.445843041661003525177875417284667491912841796875
3.899357860078179971452527752262540161609649658203125
3.176115771386064157155715292901732027530670166015625
5.0237688840751228980252562905661761760711669921875
4.22209323551779736050093561061657965183258056640625
5.0343498545449936187878847704268991947174072265625
4.48811443403983911792920480365864932537078857421875
2.29313615969879780465134899714030325412750244140625
0.1206196319358835145063579830093658529222011566162109375
1.0778786983874490967849624212249182164669036865234375
0.2407447770804564124436097927173250354826450347900390625
4.80124473410458652011811864213086664676666259765625
3.34766148342026337303423133562318980693817138671875
0.268086195164613128039121647816500626504421234130859375
5.39404382177614483140359880053438246250152587890625
1.7850524401564393794927809722139500081539154052734375
1.4189874471393759680637458586716093122959136962890625
0.36636276121438815511766051713493652641773223876953125
5.24385438179337004527269527898170053958892822265625
3.292908046825492096587595369783230125904083251953125
1.6617997985240589020605739278835244476795196533203125
0.95425652657433202019632290102890692651271820068359375
2.162183767677548384966712546884082257747650146484375
0.0090168155347412071165535962791182100772857666015625
5.0670277549343030187856129487045109272003173828125
3.278044044284472047223744084476493299007415771484375
4.90303114783694393707946801441721618175506591796875
3.663252830087243783196981894434429705142974853515625
4.05912443662636501784390929969958961009979248046875
5.84617091019523638095733986119739711284637451171875
1.0939585438466699063297937755123712122440338134765625
0.443499215987985417886108052698546089231967926025390625
0.74926304473462190802734994576894678175449371337890625
0.8248639095114860264601475137169472873210906982421875
6.1999936254177203664994522114284336566925048828125
2.892694440913321951569514567381702363491058349609375
6.161844557707464531404184526763856410980224609375
1.4453370535798395479787359363399446010589599609375
0.8111583537607831573268413194455206394195556640625
4.3236464249984436492013628594577312469482421875
2.54124938596260729894993346533738076686859130859375
4.90277333778400947750242266920395195484161376953125
3.11460864182030139346579744596965610980987548828125
3.1286025621309221378396614454686641693115234375
6.21417989604894582811311920522712171077728271484375
4.06053073392334074043219516170211136341094970703125
4.03962621682616163099055484053678810596466064453125
3.537899127955824951641261577606201171875
5.31389193003953597127519969944842159748077392578125
4.49882138516293839103354912367649376392364501953125
2.197349693804289127996298702782951295375823974609375
0.526123070621526522927524638362228870391845703125
4.95528149356391356405993064981885254383087158203125
4.11685197104509281729178837849758565425872802734375
3.42581399624178306595467802253551781177520751953125
5.36144065309394601825943027506582438945770263671875
3.475818259474779292617085957317613065242767333984375
0.844973310152269174722050593118183314800262451171875
6.26386955582337190406860827351920306682586669921875
1.19778937974174670699767375481314957141876220703125
0.38197873875767651696833127061836421489715576171875
0.9366319829904228289052525724400766193866729736328125
3.47916476357641357708416762761771678924560546875
2.927308914218783808536272772471420466899871826171875
2.55410884841355834140586011926643550395965576171875
1.45738634029569613659305105102248489856719970703125
2.251275522532144801601816652691923081874847412109375
0.5442821878779273703230501268990337848663330078125
3.9549695380444251924245691043324768543243408203125
0.4066262575690819947027421221719123423099517822265625
0.5352619520407191355815257338690571486949920654296875
0.7814763106389259750272913152002729475498199462890625
3.46591029861514687837598103214986622333526611328125
4.318321815736414492903350037522614002227783203125
5.6000254960002227022641818621195852756500244140625
3.35827340045916233890466173761524260044097900390625
4.49124600621741176809109674650244414806365966796875
4.12042389034173606177091642166487872600555419921875
2.4862511943958320870251554879359900951385498046875
4.19709685755810202323345947661437094211578369140625
1.907492501016405217484361855895258486270904541015625
3.508633285027237480591111307148821651935577392578125
1.354807308771019958015813244855962693691253662109375
5.0821397396446084115950725390575826168060302734375
2.43086433475402063919545980752445757389068603515625
0.124189775249980149940398632679716683924198150634765625
4.97364760787671844610713378642685711383819580078125
0.69402119831023745266662672293023206293582916259765625
2.53211570668010121920588062494061887264251708984375
5.60296715800454681044584503979422152042388916015625
4.245268906598976599298111977986991405487060546875
1.54777483451238584422071653534658253192901611328125
0.68977533606162089174773655031458474695682525634765625
4.1405550796843773042610337142832577228546142578125
0.1495609235629691002866792359782266430556774139404296875
1.9332012761926795629818798261112533509731292724609375
1.4257645321704395247053298589889891445636749267578125
6.215821453979597066563655971549451351165771484375
3.2115647341250816992896943702362477779388427734375
1.8071633848310677539217294906848110258579254150390625
4.22035658791205836593007916235364973545074462890625
2.325370055673841473975471672019921243190765380859375
2.837019245969953917807515608728863298892974853515625
5.06719149935480484003846868290565907955169677734375
1.748548968030730232925407108268700540065765380859375
0.9349055524045422060908094863407313823699951171875
0.78184330704555093927154985067318193614482879638671875
2.1639621845202583472200785763561725616455078125
1.8676938088452137431971777914441190659999847412109375
4.647645179416297622765341657213866710662841796875
2.075798601447113700402269387268461287021636962890625
4.07430816283922947462770025595091283321380615234375
5.739495713903057350080416654236614704132080078125
6.28213497748484872573726534028537571430206298828125
2.73853490166552138163069685106165707111358642578125
2.02711891398140409137340611778199672698974609375
3.737466222396963910767908600973896682262420654296875
3.586525085366355281024652867927215993404388427734375
1.0886949236393241857712155251647345721721649169921875
5.66043512101697299243596717133186757564544677734375
0.474319336228837984403838845537393353879451751708984375
2.547876463373924149635740832309238612651824951171875
2.79483576033844283159623955725692212581634521484375
2.72778128930739693913665178115479648113250732421875
4.73317061502465463718181126751005649566650390625
0.3965990045176750466993098598322831094264984130859375
1.3899023184809979891696229969966225326061248779296875
4.027347047163484461407279013656079769134521484375
2.194666178324057081994169493555091321468353271484375
3.51408788041219377618062935653142631053924560546875
5.83240978403841126009865547530353069305419921875
5.608907269567158238032789085991680622100830078125
3.6105104640488434597500599920749664306640625
3.57799086895062057323002591147087514400482177734375
5.28277833672883634363870442030020058155059814453125
1.25326397643238518497810218832455575466156005859375
3.267396063389107485619433646206744015216827392578125
0.7300750133062268165673458497622050344944000244140625
2.229793787700491858316809157258830964565277099609375
4.44157609291120625272242250503040850162506103515625
4.55009747133731767831932302215136587619781494140625
1.2055630133452408525585042298189364373683929443359375
3.02589696185994938559815636835992336273193359375
0.50302722220237072736637173875351436436176300048828125
2.97602148223122053849465373787097632884979248046875
3.870578920173585402153548784554004669189453125
3.275136594082326713106567694921977818012237548828125
5.81193666685333543142633061506785452365875244140625
6.10854794174841941867271088995039463043212890625
5.30166714289350071709350231685675680637359619140625
6.061982925771548735838223365135490894317626953125
4.58205334558325727556393758277408778667449951171875
4.0728862591321952635325942537747323513031005859375
2.82524020703653366837215799023397266864776611328125
2.48679936150310698650400809128768742084503173828125
0.61907355236777739104780948764528147876262664794921875
0.3277430847882027986628372673294506967067718505859375
0.2027296718222692806232743123473483137786388397216796875
0.65321081162114202900426107589737512171268463134765625
0.91200385238602932336249295985908247530460357666015625
0.42320824387632693941441175411455333232879638671875
0.97032342663515513958572000774438492953777313232421875
0.5754037814100290137986348781851120293140411376953125
0.35547062864316192332125865505076944828033447265625
0.459182147616139679779934112957562319934368133544921875
0.299744063662245874279932422723504714667797088623046875
0.231271617687899444515409186351462267339229583740234375
0.2090638476466125939001727829236187972128391265869140625
0.00065218145058126256348451921240894080256111919879913330078125
0.2049982930556863147675272784908884204924106597900390625
0.1388010229630400604872164649350452236831188201904296875
0.286903224553402169672011723378091119229793548583984375
0.9512390331138107502084722000290639698505401611328125
0.99028477444792384343230651211342774331569671630859375
0.159071585237547552527104244290967471897602081298828125
0.2013489437295817585660273607572889886796474456787109375
0.209260131329884802031671142685809172689914703369140625
0.953810641054907204505752815748564898967742919921875
0.828072528740424917970130991307087242603302001953125
0.3073158419259431894943190854974091053009033203125
0.742083661138118966249521690770052373409271240234375
0.0084924637379555321936575040808747871778905391693115234375
0.30768804126777127283531854118336923420429229736328125
0.719641667660158912411816345411352813243865966796875
0.00039923423919791087462194401069837113027460873126983642578125
0.1489039026894159178926457798297633416950702667236328125
0.74871180613930887748352915878058411180973052978515625
0.605744365419142116735429226537235081195831298828125
0.92544002361848953785994353893329389393329620361328125
0.30440068305674972126695365659543313086032867431640625
0.4983177657696966633693591575138270854949951171875
0.6667914379699115823285637816297821700572967529296875
0.6774219966854071461881403592997230589389801025390625
0.492241809839495392253638783586211502552032470703125
0.92988334825722651633128634784952737390995025634765625
0.79274920178239660639718522361363284289836883544921875
0.406617556887966358214470119492034427821636199951171875
0.6453222882213640598791926095145754516124725341796875
0.018797976439259005132509372515414725057780742645263671875
0.0226458204084289370372484739846186130307614803314208984375
0.28960391566604559709929844757425598800182342529296875
0.1583974678806948921394592844080762006342411041259765625
0.60735685034066289045284747771802358329296112060546875
0.7382665605928127039447872448363341391086578369140625
0.360170972701241709490460607412387616932392120361328125
0.61730848188386688857320905299275182187557220458984375
0.54841687043589393280029753441340290009975433349609375
0.5660666351048586619754132698290050029754638671875
0.90470199887859725773608943200088106095790863037109375
0.73133339208147185583896998650743626058101654052734375
0.85786609624413123764696820217068307101726531982421875
0.50655235559984690407731022787629626691341400146484375
0.32532425845289802968096637414419092237949371337890625
0.978789250822174050625790187041275203227996826171875
0.5168385987714112506097308141761459410190582275390625
0.363319445570613908103041467256844043731689453125
0.1729847938627865067129363296771771274507045745849609375
0.84475823624281132229185686810524202883243560791015625
0.285858746751145809117389262610231526196002960205078125
0.3131385172312792786186719240504316985607147216796875
0.62569204001952527516294821907649748027324676513671875
0.50451845745766465967108160839416086673736572265625
0.21454691896892474911595627418137155473232269287109375
0.399947776645397656825053900320199318230152130126953125
0.1288935370412159497899295956813148222863674163818359375
0.95383426405202331732624543292331509292125701904296875
0.65536376212507663208128860787837766110897064208984375
0.251243285951783523746172477331128902733325958251953125
0.6122612630074197870300167778623290359973907470703125
0.32481025547013164800347340133157558739185333251953125
0.231467607538899222685557788281585089862346649169921875
0.93554237668194917265651611160137690603733062744140625
0.209846614957715671412330493694753386080265045166015625
0.184794045605135182075429156611789949238300323486328125
0.36332540882906194656953857702319510281085968017578125
0.1417350811612489991375696263276040554046630859375
0.4283795624172219707048725467757321894168853759765625
0.163126358372683799569102802706765942275524139404296875
0.71683863118143686943284365042927674949169158935546875
0.76217539876800743936513526932685635983943939208984375
0.69435530374495091354702935859677381813526153564453125
0.832491801973661349478561533032916486263275146484375
0.1763962815405783757238822317958693020045757293701171875
0.330407086448002207390572948497720062732696533203125
0.31376762423374116028895741692394949495792388916015625
0.9177574067924905154569614751380868256092071533203125
0.3433470429588794115005612184177152812480926513671875
0.94968763410564871474406345441821031272411346435546875
0.63360039500221632113863279300858266651630401611328125
0.04889901962545654956482366060299682430922985076904296875
0.6324142425471983575135936916922219097614288330078125
0.9859432522142042021329189083189703524112701416015625
0.83688763940561916587768109820899553596973419189453125
0.70372028588490576073155580161255784332752227783203125
0.71214374560496940258502718279487453401088714599609375
0.3994584388097088822888736103777773678302764892578125
0.1819053465416214099281688731934991665184497833251953125
0.75621811475428668547493771256995387375354766845703125
0.3156853277774924748655394068919122219085693359375
0.146959172630197920650374499018653295934200286865234375
0.74184254312042263723725454838131554424762725830078125
0.1746881842495352776811756712049827910959720611572265625
0.91801636196580549409418381401337683200836181640625
0.63838324399589707613955624765367247164249420166015625
0.25885749713464523136252637414145283401012420654296875
0.5485425603336386846109462567255832254886627197265625
0.87791636440805920216234881081618368625640869140625
0.952065544646263806072283841785974800586700439453125
0.68355542266906954562699638699996285140514373779296875
0.268530273469411884246227373296278528869152069091796875
0.1216815142527602200406278143418603576719760894775390625
0.80219821715829808805864331588963977992534637451171875
0.8999389525968297665059481005300767719745635986328125
0.6618884893422427584397382815950550138950347900390625
0.645041532649212268069049969199113547801971435546875
0.84507723285121716383372358905035071074962615966796875
0.8735642413951290041751462922547943890094757080078125
0.472073660917614434939793000012286938726902008056640625
0.1441412345246138315690842546246130950748920440673828125
0.3431973593976336278643657351494766771793365478515625
0.79773916806920397437608016844023950397968292236328125
0.294270471341102624052155078970827162265777587890625
0.426225732279115254730328388177440501749515533447265625
0.3904595353596189699629803726566024124622344970703125
0.90212184651853599692827856415533460676670074462890625
0.5054803227565625167727603184175677597522735595703125
0.326978521108151676255459960884763859212398529052734375
0.3273902215656778746932786816614679992198944091796875
0.86609487089612280374950614714180119335651397705078125
0.442541753613642285802853848508675582706928253173828125
0.79812637241469996940423925479990430176258087158203125
0.89802047838364751353168458081199787557125091552734375
0.307384402634289288780422566560446284711360931396484375
0.463271216239440841722085906440042890608310699462890625
0.48055104374911217224308757067774422466754913330078125
0.85452436928382347058885670776362530887126922607421875
0.69820849536834683757291486472240649163722991943359375
0.9539457438299179248275549980462528765201568603515625
0.39513085614663123745771144967875443398952484130859375
0.234215382129985549841677539006923325359821319580078125
0.0033950875529065206726020420546774403192102909088134765625
0.321056062970802191802732750147697515785694122314453125
0.0473742438700861523415142073645256459712982177734375
0.55729108190037823788998139207251369953155517578125
0.637724994978739356810137905995361506938934326171875
0.424605517845882796112988444292568601667881011962890625
0.287451821513218741532824651585542596876621246337890625
0.1075419802719456974227085765960509888827800750732421875
0.69272013506513097080841134811635129153728485107421875
0.0463618613064111506627540393310482613742351531982421875
0.377281771682799693667931251184199936687946319580078125
0.451561390632559234159515426654252223670482635498046875
0.049681070749499400829307660387712530791759490966796875
0.1999244942329472252140476484782993793487548828125
0.74991241318635293300332023136434145271778106689453125
0.74206462956129792818416035515838302671909332275390625
0.1738355807838195821179994027261273004114627838134765625
0.08368110893465630084619988338090479373931884765625
0.7115669766029188991751652793027460575103759765625
0.134678939420114718306109580225893296301364898681640625
0.64080502634905511794016774729243479669094085693359375
0.7851433380437751186065042929840274155139923095703125
0.88191045302986659226718302306835539638996124267578125
0.52309307247544312158282764357863925397396087646484375
0.463498514361446012355116863545845262706279754638671875
0.74790176690924059510479082746314816176891326904296875
0.4703411643720889490083436612621881067752838134765625
0.91627055356105346906048225719132460653781890869140625
0.60497029107295452465820062570855952799320220947265625
0.96483416201771898812467043171636760234832763671875
0.5503349241569335248414063244126737117767333984375
0.10819020406724429161915423946993541903793811798095703125
0.770019483179794406169094145298004150390625
0.945380330060320073215507363784126937389373779296875
0.83284350430259646014263807956012897193431854248046875
0.83087843043304909773638655678951181471347808837890625
0.6393437262807710741441269419738091528415679931640625
0.401905378048264150248058967918041162192821502685546875
0.50870708632688366179763761465437710285186767578125
0.09588476647431252997133555027176043950021266937255859375
0.494453384305561627343195141293108463287353515625
0.8129858871982367229946930820005945861339569091796875
0.04324968999403049074725657874296302907168865203857421875
0.48481678333357758337029963513487018644809722900390625
0.84545148762196842273652919175219722092151641845703125
0.0031026848606312113464100743698281803517602384090423583984375
0.1565497359989908299215954912142478860914707183837890625
