              -3390.1749091203
         -0.000106854      -0.000020647      -0.000009955
         -0.000020647      -0.000131004      -0.000009241
         -0.000009955      -0.000009241      -0.000094521
          64
  1     6       0.005456001       0.005904634       0.005989835  C
  1     6       0.000842782       0.009179778       0.004966250  C
  2    40      -0.014799275       0.066778224       0.004516723  Zr
  1     6      -0.018941140      -0.080691838      -0.034379615  C
  2    40       0.064765884       0.027637915       0.060693951  Zr
  2    40       0.008570785      -0.007609962       0.007840894  Zr
  1     6      -0.008725371       0.026841554       0.001381916  C
  2    40      -0.053376379      -0.076243525      -0.080590403  Zr
  1     6      -0.015613306       0.007405891      -0.018326888  C
  1     6      -0.005187038      -0.002845405       0.003714302  C
  2    40       0.004504390       0.001209997       0.012972575  Zr
  1     6      -0.008087403       0.002599365       0.022061193  C
  2    40      -0.010016261       0.017044648      -0.011577694  Zr
  2    40      -0.019880444      -0.000482083      -0.013449458  Zr
  1     6      -0.002175144       0.006204440       0.009920707  C
  2    40       0.008134332      -0.007521075       0.006287718  Zr
  2    40      -0.005399812      -0.030538313       0.002525919  Zr
  1     6       0.022226232       0.009667195       0.008187198  C
  2    40      -0.043905734      -0.059021092      -0.037981005  Zr
  1     6      -0.042917970       0.070568666      -0.008709395  C
  1     6      -0.003364705       0.010786650      -0.001410238  C
  2    40       0.018163602       0.052444436      -0.012724581  Zr
  1     6       0.059386085      -0.092889692      -0.026355439  C
  2    40       0.010360911      -0.020952427       0.036346819  Zr
  2    40       0.006826313       0.004921157      -0.000204506  Zr
  1     6      -0.010492630      -0.001841511      -0.002910798  C
  2    40       0.017772035       0.021169416      -0.002434819  Zr
  1     6       0.009062286      -0.001217158       0.000526028  C
  1     6       0.009998345      -0.008364573       0.011097938  C
  2    40       0.001355597       0.002639525       0.018097601  Zr
  1     6      -0.003056171       0.002142374       0.020563338  C
  2    40      -0.012157710       0.010963145      -0.003375522  Zr
  1     6       0.000281485      -0.006649532       0.008750972  C
  2    40       0.007154970       0.016122980       0.007288237  Zr
  1     6       0.008840040       0.008717973      -0.001085326  C
  2    40       0.012215783      -0.000428763      -0.018732613  Zr
  2    40       0.001337812       0.012215010      -0.012019216  Zr
  1     6      -0.009195515      -0.001360956      -0.002446526  C
  2    40       0.000992486       0.005993235       0.011951735  Zr
  1     6       0.003131976      -0.004225721       0.005204843  C
  1     6      -0.004230011      -0.014513313      -0.003239130  C
  2    40       0.012362591       0.008249404       0.008471963  Zr
  1     6      -0.011527204      -0.008514135      -0.005308867  C
  2    40      -0.001681815       0.009642541       0.001613198  Zr
  2    40      -0.005070477      -0.002330200      -0.011815812  Zr
  1     6      -0.008572135       0.004365373      -0.007393762  C
  2    40       0.001817437      -0.007237972       0.012929703  Zr
  1     6       0.004361530       0.007668542       0.001311209  C
  2    40      -0.014389508      -0.008913827      -0.003309204  Zr
  1     6       0.005975892       0.007052696      -0.004756495  C
  2    40      -0.003522046       0.005948669       0.008505484  Zr
  1     6       0.009182244       0.001591053      -0.001188470  C
  1     6      -0.000887541      -0.002735852       0.002715851  C
  2    40       0.015941240      -0.008577860       0.011422402  Zr
  1     6      -0.009961652       0.004179776       0.000262320  C
  2    40      -0.009494148       0.007098455      -0.009871897  Zr
  2    40       0.001415969      -0.013847085      -0.005549173  Zr
  1     6      -0.016426334       0.018599874      -0.004012545  C
  2    40       0.011738639      -0.009137018       0.009252849  Zr
  1     6       0.008869455       0.020243867      -0.000115459  C
  1     6       0.019607459      -0.013686638       0.001693792  C
  2    40       0.007684320       0.000272253       0.011204241  Zr
  1     6       0.000567512      -0.002604906      -0.011483351  C
  2    40      -0.011219421       0.000893165       0.014119415  Zr
