              -3390.1176015183
         -0.000196424      -0.000009584      -0.000000801
         -0.000009584      -0.000172589       0.000002906
         -0.000000801       0.000002906      -0.000231247
          64
  1     6      -0.028448043       0.006780871       0.043567165  C
  1     6      -0.007661148       0.007952585      -0.063640527  C
  2    40      -0.013092211       0.024268408      -0.004210402  Zr
  1     6      -0.074157387      -0.002763111       0.012003867  C
  2    40       0.027882429       0.054003374       0.041387248  Zr
  2    40      -0.025203549      -0.005947423       0.023088092  Zr
  1     6       0.010506316      -0.010939379      -0.013200947  C
  2    40       0.006387021       0.041112009      -0.007592474  Zr
  1     6      -0.078538589       0.013849382      -0.005616414  C
  1     6       0.043770021       0.003020596      -0.072732160  C
  2    40      -0.017141486       0.010434090       0.037491031  Zr
  1     6       0.020219790       0.007487189       0.000180630  C
  2    40      -0.008841098       0.000686802      -0.016817736  Zr
  2    40      -0.001379458      -0.032975515       0.077255728  Zr
  1     6       0.018362562       0.000039715      -0.005402641  C
  2    40       0.001500731      -0.005335540       0.008788132  Zr
  2    40      -0.011119354      -0.006014419       0.057895020  Zr
  1     6       0.026268825      -0.007645646      -0.009641667  C
  2    40      -0.012450322       0.023841523       0.032103777  Zr
  1     6       0.022561005       0.012308730      -0.012879676  C
  1     6       0.048006396       0.016915923      -0.014975761  C
  2    40       0.003904786      -0.074922125      -0.039172639  Zr
  1     6       0.031381749       0.003919096      -0.023384496  C
  2    40       0.008089031      -0.067959250      -0.000927789  Zr
  2    40       0.011918095      -0.046571621      -0.013959407  Zr
  1     6       0.011929719       0.007966578       0.003381453  C
  2    40      -0.042831855      -0.007705458       0.023297487  Zr
  1     6       0.004148658       0.018039863      -0.003376171  C
  1     6       0.023516848       0.028601935       0.017622189  C
  2    40       0.023232082      -0.014674156       0.033903508  Zr
  1     6      -0.016899162      -0.001590016      -0.005419411  C
  2    40       0.040372122      -0.003880761      -0.047339053  Zr
  1     6      -0.019707594       0.009381254       0.003422116  C
  2    40      -0.019480320       0.031907138       0.018946516  Zr
  1     6       0.022476534      -0.003860304      -0.020432748  C
  2    40      -0.003055514       0.007887951      -0.000351857  Zr
  2    40       0.003698911       0.006643953      -0.019236781  Zr
  1     6      -0.015669358       0.000219938       0.001625182  C
  2    40       0.010593150       0.020595565      -0.017004777  Zr
  1     6       0.006988880      -0.002062672       0.028113108  C
  1     6      -0.029251069      -0.000372915       0.013285487  C
  2    40      -0.016196444       0.030950272       0.039703918  Zr
  1     6       0.017373596       0.009220595       0.033001964  C
  2    40       0.021353277      -0.000217361      -0.052110923  Zr
  2    40      -0.030781004       0.018266171       0.005267034  Zr
  1     6      -0.024848870      -0.019262478      -0.032041864  C
  2    40       0.011880224      -0.017883357      -0.039391947  Zr
  1     6      -0.010908141      -0.016668541       0.016170953  C
  2    40      -0.000127453      -0.007548395      -0.041744458  Zr
  1     6       0.000582678      -0.007456134       0.002278027  C
  2    40      -0.012544388      -0.001853959      -0.040175210  Zr
  1     6       0.008669277       0.003340722       0.010212871  C
  1     6      -0.012687713      -0.015468532       0.016165388  C
  2    40      -0.002820202       0.012281854       0.008698712  Zr
  1     6      -0.022529450       0.008878216       0.004256886  C
  2    40       0.012293921      -0.039150244      -0.025706129  Zr
  2    40      -0.053757028      -0.021614554      -0.002100217  Zr
  1     6      -0.000292538      -0.005113598      -0.002053607  C
  2    40       0.001241451       0.026786128      -0.018628733  Zr
  1     6       0.011259810      -0.013273250      -0.005516890  C
  1     6       0.034357743      -0.023487365       0.021365785  C
  2    40       0.044118535       0.001187055      -0.006906500  Zr
  1     6       0.006522079      -0.009391911       0.006116946  C
  2    40       0.015534045       0.024712374       0.043759767  Zr
