1540782062
5.89075694326086551910748312366195023059844970703125
0.3100197792783208061706545777269639074802398681640625
3.196141276600894531867425030213780701160430908203125
0.56938534422815678670559691454400308430194854736328125
1.5389930104343945149736327948630787432193756103515625
0.393009164474572514347272544910083524882793426513671875
4.9878943028762474654058678424917161464691162109375
4.686888117787059826468976098112761974334716796875
3.72116767653671320914554598857648670673370361328125
2.338275959922105240451628560549579560756683349609375
1.44662467018479645730621996335685253143310546875
5.92060982595590434840460147825069725513458251953125
2.325623620338512775873596183373592793941497802734375
2.78390674995440523531442522653378546237945556640625
6.2746177583104429942295610089786350727081298828125
3.484179573602842250323874395689927041530609130859375
3.355434613779938235467170670744962990283966064453125
2.646168518800312341454628040082752704620361328125
2.101204748612207406921470465022139251232147216796875
4.1782229468253095916452366509474813938140869140625
4.65478373102364972879740889766253530979156494140625
3.790131510207655818334160358062945306301116943359375
2.352420209694449315662723165587522089481353759765625
4.45464586446508992167991891619749367237091064453125
4.1376652605709107746179142850451171398162841796875
3.503185345919537230230389468488283455371856689453125
4.6609623391947270221180588123388588428497314453125
2.392245386534529671962445718236267566680908203125
1.4434015310388670361163576671970076858997344970703125
2.67349064977252481867253663949668407440185546875
5.0037873805102517366094616590999066829681396484375
1.0338380850689443679613077620160765945911407470703125
3.66868427333069302420653912122361361980438232421875
2.34442728467102146083789193653501570224761962890625
0.6123751639718888473140623318613506853580474853515625
3.12690148098950171373644479899667203426361083984375
4.81069704279621390696775051765143871307373046875
2.343466325969599584055913510383106768131256103515625
2.827682016266036324481092378846369683742523193359375
0.67033453579598878402379114049836061894893646240234375
1.0246634118960484816085454440326429903507232666015625
6.26645190466681878405097450013272464275360107421875
1.03094444773929350134267224348150193691253662109375
0.10584110769817699215789019717703922651708126068115234375
1.2684788247644462888530370037187822163105010986328125
3.9091799681274697064736756146885454654693603515625
2.65381667792023190344252725481055676937103271484375
2.0651175966390500349234571331180632114410400390625
2.33983935706566992251964620663784444332122802734375
5.8092046702679898118049095501191914081573486328125
4.6490098128064030191808342351578176021575927734375
1.936188116033097372792326495982706546783447265625
3.28676853952881220521931027178652584552764892578125
4.0564535022416077225670960615389049053192138671875
4.79458133243738604534200931084342300891876220703125
0.5134272267801225364536321649211458861827850341796875
2.61712261682728541956066692364402115345001220703125
5.22168519249837270734815319883637130260467529296875
2.87220581679661535190462018363177776336669921875
6.12241304627057569831549699301831424236297607421875
1.8236727547414151029414597360300831496715545654296875
4.12976554683575880488888287800364196300506591796875
2.4082404646686228488761116750538349151611328125
4.5168050809867370531947017298080027103424072265625
4.3212427247848808065100456587970256805419921875
1.4171090456976880300743459883960895240306854248046875
0.412559996660544159308159350985079072415828704833984375
5.863588787342226993359872722066938877105712890625
1.3497663037334814983836395185790024697780609130859375
3.530593789058368070499227542313747107982635498046875
2.08045972469559359296908951364457607269287109375
5.6804070775784651914364076219499111175537109375
4.54071484435959416003925070981495082378387451171875
2.062464106089457072101822632248513400554656982421875
3.66324796734755153693186002783477306365966796875
5.2704200027172714015932797337882220745086669921875
5.65009956090640486081611015833914279937744140625
3.681224854750613673104453482665121555328369140625
3.028698090102002193901853388524614274501800537109375
0.2400492473093205070266975553749944083392620086669921875
5.9576690840662394066384877078235149383544921875
3.75382274662649262353397716651670634746551513671875
5.0104554547377944118125014938414096832275390625
3.786372316916139624254356021992862224578857421875
0.6878979147750452494136652603629045188426971435546875
6.221384091716306130592784029431641101837158203125
5.07780182181299810650898507446981966495513916015625
1.1827546809935169935812382391304709017276763916015625
3.954327533519937265538146675680764019489288330078125
4.46506672732880272036481983377598226070404052734375
5.14691063651716973481597960926592350006103515625
0.53812561710478201693064193023019470274448394775390625
0.286116373747430763341270676392014138400554656982421875
0.005794317146930106320057429769576629041694104671478271484375
6.1341951075927454439806751906871795654296875
4.38156997581047935597098330617882311344146728515625
1.9030018574632590055983882848522625863552093505859375
5.895722669459932063773521804250776767730712890625
5.186433650554018726097638136707246303558349609375
0.70730846774649103192444954402162693440914154052734375
4.43269049235057810420812529628165066242218017578125
2.359503904799702400651995048974640667438507080078125
6.26411312583173174317607845296151936054229736328125
0.279453074484495800344774352197418920695781707763671875
0.5042920699503572468103129722294397652149200439453125
5.26964555436748494088305960758589208126068115234375
1.913635928933535179652380975312553346157073974609375
3.881842298039429817180234749685041606426239013671875
3.743936343327662452651338753639720380306243896484375
5.5145667665303985671698683290742337703704833984375
4.13348018256844706996844251989386975765228271484375
3.120439736727719459707941496162675321102142333984375
5.46515885892617614416622018325142562389373779296875
0.383568752232757770315174639108590781688690185546875
6.13188678963788635911669189226813614368438720703125
3.959553468957586641607804267550818622112274169921875
1.7363844794420455475147946344804950058460235595703125
1.225513690300366942409482362563721835613250732421875
3.578130656624672223387051417375914752483367919921875
5.652567661699610113146263756789267063140869140625
6.24948656952399783648388620349578559398651123046875
3.45044013011672046076228070887736976146697998046875
4.16361378753936239860422574565745890140533447265625
4.07968949821266146926745932432822883129119873046875
4.93673374626834604583791588083840906620025634765625
5.21931097886159545140571935917250812053680419921875
0.6408370983064293202602357268915511667728424072265625
2.540325365942661672846725195995531976222991943359375
4.78954251592529356429395193117670714855194091796875
4.1912178608611281305229567806236445903778076171875
4.0147713410805039302431396208703517913818359375
2.6364506816999693228353862650692462921142578125
1.903458100650167406087120980373583734035491943359375
1.1852828228704910262791827335604466497898101806640625
5.36693113971103574755261433892883360385894775390625
3.28082618384986890447407859028317034244537353515625
5.1936931006371960251044583856128156185150146484375
0.92998429891505540734186752160894684493541717529296875
1.4971781391969027907862255233339965343475341796875
4.69848641319190907239544685580767691135406494140625
2.0375594560191050419462044374085962772369384765625
2.937755211376205100037850570515729486942291259765625
5.69117750179114612052444499568082392215728759765625
2.501207208632303835571519812219776213169097900390625
2.118789395494285798804412479512393474578857421875
2.552593420353779674059069293434731662273406982421875
2.276825793460474312013275266508571803569793701171875
5.60153125417150388187792486860416829586029052734375
2.7678231740540848448972610640339553356170654296875
3.37868735138548093033250552252866327762603759765625
1.0582939616120954351430327733396552503108978271484375
0.90161611422264320570008067079470492899417877197265625
0.8244092433502661076971662623691372573375701904296875
3.042923344574176791610398140619508922100067138671875
0.55808890733957927654529385108617134392261505126953125
2.472313968012417095820865142741240561008453369140625
5.092836546893753535414361977018415927886962890625
5.274044917684218347631031065247952938079833984375
4.604964456707488551501228357665240764617919921875
2.41517816054966427685712915263138711452484130859375
1.9013065899582819451296700208331458270549774169921875
0.2909439829248909870074157879571430385112762451171875
3.873630382957192974657800732529722154140472412109375
2.075230977529397335956673487089574337005615234375
0.1129187112125522585159842492430470883846282958984375
2.209837264924724653525345274829305708408355712890625
5.83024656122439122185596716008149087429046630859375
1.140014432148102940800526994280517101287841796875
4.943053792285066805334281525574624538421630859375
2.6930578871218262548836719361133873462677001953125
5.64116223448836517917470700922422111034393310546875
1.813605760057493743175882627838291227817535400390625
4.29225573452286557341039952007122337818145751953125
2.668456921289507732808488071896135807037353515625
2.29653219820656229188671204610727727413177490234375
3.05460343758045471673767679021693766117095947265625
3.768221362742615543339752548490650951862335205078125
2.092785868657764059008741241996176540851593017578125
2.954837357601740155388370112632401287555694580078125
1.7169346968594128011176280779181979596614837646484375
3.3387498721762032261040076264180243015289306640625
4.238968744564775903427289449609816074371337890625
0.75504003800566910076241811111685819923877716064453125
3.257281635049416035343483599717728793621063232421875
3.27873565343515860348588830674998462200164794921875
4.91605122698954488669187412597239017486572265625
4.83252607730548522368962949258275330066680908203125
0.804340760528132303619486265233717858791351318359375
1.2509370589370780724181031473563052713871002197265625
5.45563140013286851370821750606410205364227294921875
2.273247463656811628851528439554385840892791748046875
1.462122742382648166170611148118041455745697021484375
0.5614667085751270381166477818624116480350494384765625
0.48497128043555248755325237652868963778018951416015625
0.73055154026045998616467613828717730939388275146484375
0.6222691468998180486238425146439112722873687744140625
0.229060547998668873059813222425873391330242156982421875
0.0238626976608590675443810624756224569864571094512939453125
0.64686511813051306152289043893688358366489410400390625
0.1742990348368413100477170019075856544077396392822265625
0.30937030180793734235322745007579214870929718017578125
0.59090772950598402513122664458933286368846893310546875
0.66068810953790702011900748402695171535015106201171875
0.49197033210283624971026483763125725090503692626953125
0.7298809037217315331957934176898561418056488037109375
0.3135495606407288082806417151005007326602935791015625
0.97256729750547898927237611133023165166378021240234375
0.9361795200669111860491966581321321427822113037109375
0.603865582777124654256795110995881259441375732421875
0.042715689187271373150611708524593268521130084991455078125
0.511771292664004118222464967402629554271697998046875
0.57935546784631697381229287202586419880390167236328125
0.727534187365106443934337221435271203517913818359375
0.5346798750267736100028059809119440615177154541015625
0.349159577558357081539242017242941074073314666748046875
0.966641535501294502097380245686508715152740478515625
0.08112708715774448464674861725143273361027240753173828125
0.8887673471536334801612611045129597187042236328125
0.4998435855376737180222335155121982097625732421875
0.11194969160107415273586184412124566733837127685546875
0.8238101996592293030374776208191178739070892333984375
0.2283609221821469026370010624304995872080326080322265625
0.98002365509980526869782124776975251734256744384765625
0.330411502313991800594550340974819846451282501220703125
0.58569124228586033620302941926638595759868621826171875
0.91830635998319198876060909242369234561920166015625
0.038112027122691287395195303133732522837817668914794921875
0.83829437514687621391118454994284547865390777587890625
0.10087999287102371315238968918492901138961315155029296875
0.140045519517755845395612368520232848823070526123046875
0.081953159571603484412349871490732766687870025634765625
0.1085694502613364920140526237446465529501438140869140625
0.66423632002632893023275073574041016399860382080078125
0.90489544389066078888816946346196345984935760498046875
0.378074475740117266209239232921390794217586517333984375
0.393804393892085380368683900087489746510982513427734375
0.44234438819919918994827412461745552718639373779296875
0.99826217209839362975998255933518521487712860107421875
0.78670575832329026066958022056496702134609222412109375
0.006257279778950512738600053808113443665206432342529296875
0.7018008654479872543419105568318627774715423583984375
0.469859535093353819501515999945695511996746063232421875
0.4222254671259901837032657567760907113552093505859375
0.50555910752413757425216545016155578196048736572265625
0.68112815994821873655240551670431159436702728271484375
0.9731450313577172384071900523849762976169586181640625
0.752291682060943767140770432888530194759368896484375
0.92616156718049269525039335348992608487606048583984375
0.07905127810270119737001692783451289869844913482666015625
0.5806079067199527710130269042565487325191497802734375
0.84790214609722702743255240420694462954998016357421875
0.6590104292421650189481852066819556057453155517578125
0.596577616686270406631820151233114302158355712890625
0.7126145766641081014114433855866082012653350830078125
0.9859462752872827362438101772568188607692718505859375
0.75568037515304997686627075381693430244922637939453125
0.643435496205201129527040393440984189510345458984375
0.42766003330594859477287172921933233737945556640625
0.5336938195553113661873112505418248474597930908203125
0.58876642332820516845259817273472435772418975830078125
0.57882376740631824585392450899234972894191741943359375
0.97790329948901355550106018199585378170013427734375
0.64362593537365364593227923251106403768062591552734375
0.747643451088873423060476852697320282459259033203125
0.73512187634367587296679857900016941130161285400390625
0.1798029673191732513704010898436536081135272979736328125
0.302663658420864345455214561297907494008541107177734375
0.8732705562716678304724382542190141975879669189453125
0.496085997436235659474590420359163545072078704833984375
0.282524649651034132080695826516603119671344757080078125
0.304756988913173321176230956552899442613124847412109375
0.169779412993127210018684536407818086445331573486328125
0.263744934119165386210426049728994257748126983642578125
0.01385344798390448529945562228249400504864752292633056640625
0.53065858666350063099770295593771152198314666748046875
0.01226073271234553833941571809873494203202426433563232421875
0.164531325532370875652787844956037588417530059814453125
0.44059780307141960253858314899844117462635040283203125
0.894228897939542743955598780303262174129486083984375
0.53083447438237929549842419874039478600025177001953125
0.51649261196911921967256375864963047206401824951171875
0.212374796258460174502857853440218605101108551025390625
0.549450837797229585390823558554984629154205322265625
0.7183975450314570299070737746660597622394561767578125
0.67153048500024270506258972091018222272396087646484375
0.52756910795698364058381457653013058006763458251953125
0.039127218555252633869212530726144905202090740203857421875
0.9244799590317904769420920274569652974605560302734375
0.294787966783525423597467352010426111519336700439453125
0.10031090634889476553848197681872989051043987274169921875
0.5409532783278045986463666849886067211627960205078125
0.934928907051183699650209746323525905609130859375
0.10273567126259937343224493133675423450767993927001953125
0.5136418643005387085764823495992459356784820556640625
0.5637679642828963277878528970177285373210906982421875
0.62631534301969937761356277405866421759128570556640625
0.75511377991880934690271942599792964756488800048828125
0.899416846176337880791606949060223996639251708984375
0.9243354918082875570917167351581156253814697265625
0.3501014529495041216478057322092354297637939453125
0.61873658542462461884525737332296557724475860595703125
0.5721534502562850565965391069767065346240997314453125
0.57501908139093738103753139512264169752597808837890625
0.96073595711995662949078678138903342187404632568359375
0.43496681583810914428767091521876864135265350341796875
0.69525360115582757192242979726870544254779815673828125
0.1736185020644303855785750556606217287480831146240234375
0.6814046975604279854366041035973466932773590087890625
0.005709217398292020829997372999287108541466295719146728515625
0.2733187425291718763986636986373923718929290771484375
0.2395229000782234940469805906104738824069499969482421875
0.6497377574675426981087866806774400174617767333984375
0.738324224827030750617495868937112390995025634765625
0.29920129771307168997651615427457727491855621337890625
0.1669689939203527762057177596943802200257778167724609375
0.258525692046864763451452517983852885663509368896484375
0.5269733111034022865482029374106787145137786865234375
0.44356938285919345066332653004792518913745880126953125
0.327312551591225242564320296878577210009098052978515625
0.9717994402031411294018425905960611999034881591796875
0.465352202516678803423388899318524636328220367431640625
0.73819946159524818529718004356254823505878448486328125
0.29723554816899611097369415801949799060821533203125
0.91532487837380027695388662323239259421825408935546875
0.6146507205509816884614338050596415996551513671875
0.87242194771413783538349662194377742707729339599609375
0.088277705986182064545886305495514534413814544677734375
0.84881030109189925525470243883319199085235595703125
0.07131430789423841287710814640377066098153591156005859375
0.4892616465172086037682674941606819629669189453125
0.79731434900188558057010368429473601281642913818359375
0.0239888806939073280510843488855243776924908161163330078125
0.57846648086722307624540917458944022655487060546875
0.426280051668304960088562438613735139369964599609375
0.87186360353225078601013819934451021254062652587890625
0.66805839988778270566172068356536328792572021484375
0.06513253183343099828039868270934675820171833038330078125
0.97618651109570009349880592708359472453594207763671875
0.825862019707384487077206358662806451320648193359375
0.665312846035376548314843603293411433696746826171875
0.080155009441149893678613125302945263683795928955078125
0.294686360887571385802630175021477043628692626953125
0.0598944984655336021273086544169927947223186492919921875
0.9950346462405448288990328364889137446880340576171875
0.291508259853119178206526385110919363796710968017578125
0.3694921086400244636394063491025008261203765869140625
0.2320836303905041975159662115402170456945896148681640625
0.4131102680289699957683069442282430827617645263671875
0.861039253352693823018171315197832882404327392578125
0.7163291437161756203266804732265882194042205810546875
0.237469810637398526242947127684601582586765289306640625
0.07011866246821296666524858665070496499538421630859375
0.79064540415566664233182336829486303031444549560546875
0.664970422473256661533014266751706600189208984375
0.9378165621020908560012685484252870082855224609375
0.05702016365575611478444528756881481967866420745849609375
0.868018062258147704568500557797960937023162841796875
0.1864042865049113928410662310852785594761371612548828125
0.495203186057136923725607857704744674265384674072265625
0.05912136661779199275912333177984692156314849853515625
0.66573522457188705203634526696987450122833251953125
0.87553405429959951788987382315099239349365234375
0.8220944650574095735606761081726290285587310791015625
0.70836896668577986613257735371007584035396575927734375
0.1280346410945219226551472502251272089779376983642578125
0.41603657436372554201398088480345904827117919921875
0.80908565354025252513991972591611556708812713623046875
0.66810679420274998729922799611813388764858245849609375
0.53246040993019028153554472737596370279788970947265625
0.2162384806276478332875967680593021214008331298828125
0.6633604847189786823946633376181125640869140625
0.48824854310986054439780446045915596187114715576171875
0.6249651688267314764146931338473223149776458740234375
0.459291106769484980265616513861459679901599884033203125
0.85609176236022810346781852786079980432987213134765625
0.9068798003284632702758472078130580484867095947265625
0.94702594911075477224216001559398137032985687255859375
0.4196458418945063773008996577118523418903350830078125
0.07105817555964839826732060146241565234959125518798828125
0.452254131646945223277356262769899331033229827880859375
0.5527129180509191552772563227335922420024871826171875
0.56459726838609081145392565304064191877841949462890625
0.3544459428426092184594153877696953713893890380859375
0.961529628821429671603482347563840448856353759765625
