              -3390.0330457385
         -0.000143775       0.000006481       0.000000417
          0.000006481      -0.000226946       0.000002434
          0.000000417       0.000002433      -0.000103549
          64
  1     6      -0.001259331      -0.002366756      -0.010446856  C
  1     6      -0.009432404      -0.000993004       0.003272956  C
  2    40      -0.048370123       0.075146425       0.009856815  Zr
  1     6       0.146414018      -0.015255004       0.022843119  C
  2    40       0.051578398      -0.091369621       0.013592436  Zr
  2    40       0.012025557       0.023408101       0.013158024  Zr
  1     6      -0.002713870       0.052994915      -0.007310956  C
  2    40       0.055381340      -0.164799347       0.041406292  Zr
  1     6       0.026299903       0.025663419       0.022703408  C
  1     6       0.001160982      -0.008686873      -0.005422966  C
  2    40      -0.002377677       0.019277682      -0.021498443  Zr
  1     6      -0.012382864       0.009676896      -0.020655962  C
  2    40      -0.036118861       0.016235830      -0.019521068  Zr
  2    40      -0.001094501       0.000694757      -0.007785595  Zr
  1     6      -0.006374741      -0.001450523       0.002406328  C
  2    40      -0.024925409       0.022396212       0.018449159  Zr
  2    40      -0.014550055       0.048514884      -0.012112432  Zr
  1     6      -0.004275653       0.039068707       0.003876044  C
  2    40       0.098863164      -0.098250046      -0.037514417  Zr
  1     6       0.039798475      -0.051163820       0.051816089  C
  1     6      -0.016328082      -0.016344145       0.003810807  C
  2    40      -0.002702089       0.029777223      -0.038525240  Zr
  1     6       0.038179220       0.058649790      -0.047439240  C
  2    40       0.019816598      -0.145626587       0.112807276  Zr
  2    40       0.003995227       0.016440695      -0.000176507  Zr
  1     6      -0.002037979      -0.008931588       0.008592309  C
  2    40      -0.003826269       0.044181381      -0.029387882  Zr
  1     6      -0.008952396       0.003042072      -0.041787701  C
  1     6       0.000793253       0.003419090      -0.009758636  C
  2    40      -0.001679883      -0.003204898       0.014446602  Zr
  1     6      -0.011308397       0.000350573       0.018601269  C
  2    40      -0.012639236       0.015030935      -0.020248289  Zr
  1     6      -0.005636873       0.014132844      -0.003030332  C
  2    40      -0.003584397      -0.017755985       0.002808279  Zr
  1     6      -0.024180712       0.000178792      -0.006926052  C
  2    40      -0.034126950       0.015412781      -0.012311123  Zr
  2    40      -0.006702103      -0.001127197       0.007299319  Zr
  1     6       0.009943437      -0.007725880       0.006378243  C
  2    40      -0.016239806       0.026620645       0.004084061  Zr
  1     6      -0.009301027       0.012784430      -0.003566932  C
  1     6       0.010032692       0.013285173       0.002770511  C
  2    40      -0.011171256      -0.018657078      -0.005775757  Zr
  1     6       0.001102157       0.007427290       0.004455344  C
  2    40      -0.002828914      -0.012098870       0.017128113  Zr
  2    40      -0.006322742      -0.039374389       0.012516481  Zr
  1     6       0.002018303       0.035935826      -0.003725879  C
  2    40       0.003783040      -0.025842637      -0.008945321  Zr
  1     6       0.001710483       0.030976438      -0.008907284  C
  2    40       0.020206209      -0.007081251       0.009709364  Zr
  1     6      -0.001153544       0.009211381       0.004105339  C
  2    40      -0.091417712       0.036852592       0.019577406  Zr
  1     6      -0.032063081       0.001189119       0.004138886  C
  1     6      -0.003490258      -0.011536295      -0.009261339  C
  2    40      -0.037061869       0.034029024      -0.002700380  Zr
  1     6      -0.025921190       0.002573564      -0.013925379  C
  2    40      -0.015167817       0.013530076      -0.032908081  Zr
  2    40       0.009463396      -0.002157370       0.006876916  Zr
  1     6       0.007662899       0.004375988       0.011412123  C
  2    40      -0.004963380      -0.007922783      -0.014044663  Zr
  1     6      -0.004612109       0.007751980       0.010850949  C
  1     6       0.007795477       0.025297088      -0.014772615  C
  2    40       0.001090722      -0.034816801      -0.004911543  Zr
  1     6      -0.004648133       0.019888620       0.001793153  C
  2    40       0.001243415      -0.027184043      -0.008236023  Zr
