              -3389.8997608080
         -0.000256969      -0.000014128       0.000003980
         -0.000014128      -0.000277035       0.000000872
          0.000003981       0.000000872      -0.000303870
          64
  1     6      -0.000933041       0.006696280      -0.015751759  C
  1     6       0.007098544      -0.025218649      -0.009302474  C
  2    40      -0.026686136       0.037785264       0.012801073  Zr
  1     6      -0.194154468       0.146267480      -0.007078994  C
  2    40      -0.075490926      -0.144672481      -0.043736201  Zr
  2    40      -0.003903305       0.017441050      -0.008152073  Zr
  1     6       0.009170022       0.049805897      -0.013046901  C
  2    40      -0.016182739      -0.165296642       0.047684261  Zr
  1     6       0.008809901      -0.040552498       0.230898866  C
  1     6      -0.019516421      -0.006566960      -0.004332897  C
  2    40       0.011514999       0.020435818      -0.025530715  Zr
  1     6       0.010419597       0.020118451      -0.038653639  C
  2    40       0.027634449      -0.004333528      -0.134762073  Zr
  2    40       0.010614909      -0.017756031       0.003944785  Zr
  1     6       0.014460062       0.000962211      -0.000718532  C
  2    40      -0.002154724       0.022407941       0.024584023  Zr
  2    40      -0.020583416      -0.022590080       0.021086878  Zr
  1     6      -0.005332868      -0.025011658      -0.014940644  C
  2    40       0.268687240       0.008601357       0.095217852  Zr
  1     6      -0.002062619       0.026677138       0.098557052  C
  1     6       0.000529822      -0.046340559       0.002824516  C
  2    40       0.016050749       0.039388454       0.000491151  Zr
  1     6      -0.133346917       0.087910087      -0.029355759  C
  2    40      -0.054253010       0.074707619      -0.201933087  Zr
  2    40       0.009640351       0.000709112       0.012223349  Zr
  1     6      -0.006610656       0.005125496      -0.002342925  C
  2    40      -0.002317378      -0.015827770       0.005013032  Zr
  1     6       0.008446924      -0.007887621      -0.023569169  C
  1     6      -0.016484123      -0.001942470       0.010975808  C
  2    40      -0.011037135      -0.012624648      -0.017123577  Zr
  1     6      -0.003209244      -0.008596562       0.004646985  C
  2    40       0.024441592       0.001490371       0.022657051  Zr
  1     6       0.014824724      -0.015535671      -0.015149986  C
  2    40      -0.023743830      -0.005657310      -0.007126048  Zr
  1     6       0.032499233      -0.016528296       0.003435718  C
  2    40       0.015780629       0.021009997       0.050191827  Zr
  2    40       0.009593438      -0.005911093      -0.007200702  Zr
  1     6       0.007224360      -0.003935190       0.009627883  C
  2    40       0.071020566       0.034355825      -0.009642391  Zr
  1     6       0.026407916      -0.030885269      -0.010363318  C
  1     6      -0.018167101       0.021891799       0.002155603  C
  2    40       0.027846416      -0.022202370      -0.023751094  Zr
  1     6       0.010991401       0.015837532       0.002436890  C
  2    40      -0.006764655      -0.023468233       0.007657220  Zr
  2    40       0.018569497      -0.004465338       0.006166030  Zr
  1     6       0.006443592       0.002276823       0.016324438  C
  2    40      -0.016246868      -0.001142075      -0.020077420  Zr
  1     6       0.004846045       0.002725635      -0.015044608  C
  2    40       0.012396111       0.018429405       0.008288532  Zr
  1     6       0.004522343      -0.007096985       0.000390033  C
  2    40      -0.011272325       0.008695810      -0.016707468  Zr
  1     6       0.009112140      -0.010283816      -0.014621989  C
  1     6       0.005691671       0.001011169       0.003523296  C
  2    40      -0.021760819       0.023506618      -0.011458112  Zr
  1     6       0.022894685      -0.011615082       0.006648492  C
  2    40       0.001205509      -0.006190076       0.036930839  Zr
  2    40       0.017925455      -0.016902028       0.003343573  Zr
  1     6      -0.003176344       0.018152512       0.007707001  C
  2    40      -0.017470076       0.002559018       0.010249322  Zr
  1     6      -0.022801980      -0.007765771      -0.019437481  C
  1     6      -0.006995976       0.012374956       0.001980727  C
  2    40      -0.008246906       0.000819780      -0.008374004  Zr
  1     6       0.006888150       0.004445617       0.002443066  C
  2    40      -0.004049155      -0.022734010      -0.001882740  Zr
