              -3390.1917726553
         -0.000064141      -0.000008347       0.000000230
         -0.000008347      -0.000131442       0.000000085
          0.000000230       0.000000085      -0.000056792
          64
  1     6      -0.000592842      -0.002972308      -0.009854257  C
  1     6      -0.001241588      -0.021149271       0.003151643  C
  2    40      -0.001023605      -0.007443953      -0.000506834  Zr
  1     6      -0.045484760       0.031866345       0.038743759  C
  2    40      -0.055690634       0.024597167       0.021491270  Zr
  2    40       0.010869978      -0.028327321      -0.020347078  Zr
  1     6      -0.003452265      -0.016287984      -0.006306191  C
  2    40      -0.042566031      -0.011284415      -0.017241216  Zr
  1     6      -0.028645343       0.034666869       0.027964551  C
  1     6      -0.010546156      -0.008778769      -0.006235213  C
  2    40      -0.006205125       0.001067211      -0.003403312  Zr
  1     6       0.003326608      -0.005464669      -0.010453164  C
  2    40       0.015885549      -0.005317015      -0.000571329  Zr
  2    40       0.001058140      -0.006823689       0.002546663  Zr
  1     6       0.002315487      -0.007295890      -0.005900694  C
  2    40      -0.012644209      -0.007696118       0.006973554  Zr
  2    40       0.001975333      -0.017872867       0.011437580  Zr
  1     6       0.004456072      -0.006321092      -0.011821025  C
  2    40       0.084112386       0.074648655       0.011382424  Zr
  1     6      -0.005013089      -0.025719267       0.035304174  C
  1     6      -0.001477215      -0.042519769      -0.005278118  C
  2    40       0.010503589       0.015127320       0.008806812  Zr
  1     6       0.023121891       0.173477262       0.001234841  C
  2    40       0.006443075      -0.075018850      -0.048504855  Zr
  2    40       0.006776199       0.015118552       0.003169479  Zr
  1     6      -0.000840192      -0.001497768      -0.001104822  C
  2    40      -0.005836083      -0.004089983      -0.002649851  Zr
  1     6      -0.004067062      -0.009035461      -0.010253472  C
  1     6       0.006478746       0.007888687      -0.006153976  C
  2    40      -0.006484224      -0.004174239       0.007842991  Zr
  1     6      -0.002952360      -0.013243746      -0.001052843  C
  2    40      -0.003928032       0.000508156       0.006076714  Zr
  1     6      -0.003479227       0.010392585       0.007376224  C
  2    40      -0.015968387      -0.021829006      -0.009964905  Zr
  1     6       0.003119347      -0.000951674      -0.012704083  C
  2    40       0.012177834      -0.017037582       0.002414012  Zr
  2    40       0.002989287       0.000487801      -0.016839269  Zr
  1     6      -0.002884121      -0.005718345       0.005444492  C
  2    40      -0.001291113       0.000392969      -0.002734400  Zr
  1     6       0.015566507      -0.011957466      -0.007446668  C
  1     6      -0.013339823       0.010453667       0.012777472  C
  2    40       0.001717158      -0.003840861      -0.011187713  Zr
  1     6      -0.000556178      -0.002917164       0.003974149  C
  2    40      -0.008481128      -0.006783032       0.000769035  Zr
  2    40       0.000627334      -0.023992371      -0.002847557  Zr
  1     6      -0.008446778       0.005229135       0.009778339  C
  2    40      -0.002022349      -0.017592816      -0.001177707  Zr
  1     6      -0.007111451       0.008296448       0.000415241  C
  2    40      -0.001223525       0.012061813       0.002337071  Zr
  1     6       0.007334931       0.000131264       0.009063982  C
  2    40       0.002986309      -0.018135505      -0.005775127  Zr
  1     6       0.011135653       0.005890744      -0.002968983  C
  1     6      -0.005076696      -0.007488624       0.007956568  C
  2    40       0.008942642       0.007509743      -0.009257491  Zr
  1     6       0.001319324      -0.006142280      -0.004860402  C
  2    40       0.004132432       0.010369419       0.008239404  Zr
  2    40       0.016340124       0.005508000      -0.009177557  Zr
  1     6       0.001579304      -0.011116226       0.010018870  C
  2    40       0.007702818       0.013372835      -0.001910114  Zr
  1     6       0.003520461      -0.005528023      -0.005927544  C
  1     6       0.011528490       0.030995004       0.007546156  C
  2    40      -0.007285538      -0.004501120      -0.003142949  Zr
  1     6       0.006536496       0.015954463       0.002016909  C
  2    40       0.019437306      -0.018294487       0.003238481  Zr
