              -3390.1673461179
         -0.000161973       0.000004464       0.000004337
          0.000004464      -0.000169040       0.000003740
          0.000004337       0.000003740      -0.000119676
          64
  1     6      -0.008590428      -0.009178141       0.030959346  C
  1     6       0.005932431       0.000454462      -0.022517515  C
  2    40      -0.050803063      -0.020244055       0.018814048  Zr
  1     6       0.019669582       0.104218383      -0.006552200  C
  2    40       0.014569625      -0.059558256      -0.039668481  Zr
  2    40       0.002811226      -0.007192190       0.015148392  Zr
  1     6       0.004719332      -0.003298359      -0.006866214  C
  2    40       0.041871127      -0.048090593      -0.024838673  Zr
  1     6      -0.083657895      -0.001619660      -0.015751154  C
  1     6       0.003398093      -0.014355639      -0.014356956  C
  2    40      -0.020782426      -0.025971401      -0.006363202  Zr
  1     6       0.003855460       0.002143876       0.035668534  C
  2    40       0.013636363      -0.018452448       0.018344536  Zr
  2    40       0.013559838       0.002443484       0.035758316  Zr
  1     6      -0.006594862       0.004741501       0.012167775  C
  2    40       0.000213269      -0.021009929      -0.009420115  Zr
  2    40       0.002311658      -0.013767585      -0.003251503  Zr
  1     6       0.025869032      -0.007674122       0.001072419  C
  2    40      -0.027881677       0.045508594       0.031850415  Zr
  1     6      -0.021411808       0.036145695      -0.073140663  C
  1     6      -0.007277993       0.010249668       0.008055029  C
  2    40       0.004234762       0.005653187       0.009350530  Zr
  1     6      -0.003590430       0.007540312      -0.010532128  C
  2    40       0.029038489      -0.017632555       0.000138313  Zr
  2    40      -0.045776345       0.001826148       0.012403446  Zr
  1     6       0.018179681       0.002553755      -0.022022211  C
  2    40      -0.002529167       0.007898672       0.011188086  Zr
  1     6      -0.004802941      -0.007477126      -0.003883415  C
  1     6       0.001662614       0.000526423       0.012943291  C
  2    40       0.028947893      -0.025071506       0.005023930  Zr
  1     6       0.008556093       0.019163273      -0.005786300  C
  2    40       0.017752882      -0.021444768       0.007688174  Zr
  1     6       0.011807022       0.006333394       0.032585435  C
  2    40      -0.003693228       0.031710052      -0.016573009  Zr
  1     6      -0.010248257      -0.022642450       0.004091419  C
  2    40       0.012102878      -0.023814380      -0.001544946  Zr
  2    40      -0.028271280       0.009656978       0.008050319  Zr
  1     6       0.001847132      -0.018332635       0.003201649  C
  2    40       0.016684297       0.040619215      -0.019839250  Zr
  1     6       0.005134345      -0.025279077       0.012522294  C
  1     6       0.025281371       0.023497065      -0.000050991  C
  2    40      -0.003139201      -0.047579059      -0.004261554  Zr
  1     6       0.001250601       0.010992636      -0.004747755  C
  2    40       0.010670867      -0.019891415      -0.020158220  Zr
  2    40      -0.019754023       0.002324824      -0.006589816  Zr
  1     6      -0.020309012       0.006204526      -0.014296343  C
  2    40       0.037878991       0.012885672       0.035401365  Zr
  1     6      -0.007518791      -0.003488288      -0.006216763  C
  2    40      -0.018459155       0.033906000       0.002902204  Zr
  1     6       0.000974028      -0.013709029      -0.006730156  C
  2    40      -0.009206237       0.009612717      -0.010775341  Zr
  1     6       0.009891875      -0.013060717       0.014304576  C
  1     6      -0.000296037       0.007546024      -0.008241758  C
  2    40      -0.005186370       0.000092228       0.026952856  Zr
  1     6      -0.002158601      -0.008956184       0.012254623  C
  2    40       0.000558007       0.032223112      -0.006355047  Zr
  2    40      -0.005243822       0.026510127       0.000708744  Zr
  1     6       0.006067951      -0.012725131      -0.024490035  C
  2    40      -0.018106353       0.019821366      -0.009745824  Zr
  1     6       0.007360280      -0.006214840       0.042451137  C
  1     6      -0.004380031      -0.025617655       0.000185246  C
  2    40       0.011388413       0.016914602       0.006713203  Zr
  1     6      -0.006816202       0.007160355      -0.003619032  C
  2    40       0.025719036       0.015242904      -0.039640938  Zr
