              -3390.1078414559
         -0.000109769      -0.000004643      -0.000006070
         -0.000004643      -0.000146864       0.000010079
         -0.000006070       0.000010079      -0.000242025
          64
  1     6       0.000085027       0.005064830       0.003879932  C
  1     6      -0.014752735       0.008349762       0.003850882  C
  2    40       0.000773607      -0.010205402      -0.021994057  Zr
  1     6      -0.018361772       0.024751931       0.124218764  C
  2    40       0.075053692      -0.088905870       0.122899390  Zr
  2    40      -0.012740645       0.017581052      -0.009475898  Zr
  1     6      -0.012034406      -0.015778725       0.001877384  C
  2    40      -0.037107580       0.051714145      -0.071158479  Zr
  1     6      -0.051577032      -0.012816627      -0.033709691  C
  1     6      -0.008968206      -0.017781263       0.014233377  C
  2    40       0.013545327      -0.010648375       0.063315453  Zr
  1     6       0.008387468       0.028380133      -0.031044947  C
  2    40      -0.017863403      -0.029271777      -0.009589332  Zr
  2    40       0.003230793       0.027800163      -0.026601338  Zr
  1     6      -0.017756948      -0.004061407      -0.022956630  C
  2    40       0.002632927       0.018315560       0.001375541  Zr
  2    40      -0.018173081       0.016138161       0.030449603  Zr
  1     6       0.000008336      -0.008133808       0.003133551  C
  2    40       0.058047390       0.005324476       0.009026987  Zr
  1     6      -0.003431274       0.033815268      -0.037257522  C
  1     6      -0.008798654      -0.021046387      -0.018729897  C
  2    40      -0.019470369       0.022134433      -0.022955388  Zr
  1     6      -0.010932639       0.062292138       0.040550577  C
  2    40       0.075571334      -0.178360015       0.037523185  Zr
  2    40       0.018553908       0.012524726      -0.015609208  Zr
  1     6      -0.016148849      -0.004380999       0.001675814  C
  2    40       0.005824055       0.030489070      -0.032796434  Zr
  1     6       0.007273173       0.009439109      -0.001140375  C
  1     6       0.001715631      -0.008831200      -0.003964572  C
  2    40       0.028451234      -0.029844083       0.007018202  Zr
  1     6      -0.000304003      -0.002853822      -0.023037697  C
  2    40      -0.021606086       0.033782736       0.002188073  Zr
  1     6       0.029692750       0.021078280      -0.013355873  C
  2    40       0.005497782      -0.004834146       0.033195120  Zr
  1     6       0.015245919      -0.002993910       0.016721463  C
  2    40      -0.032339436       0.006913567       0.005539757  Zr
  2    40      -0.020127327       0.020893394      -0.017635502  Zr
  1     6      -0.003405993      -0.019751819       0.001440887  C
  2    40       0.010389214       0.027438476      -0.019929666  Zr
  1     6       0.011784903      -0.001189491       0.001642264  C
  1     6      -0.013308120       0.008346579       0.025548627  C
  2    40       0.037134419      -0.017164438       0.012907792  Zr
  1     6      -0.021502335       0.016451480       0.026576474  C
  2    40       0.002122098      -0.035607697      -0.013936764  Zr
  2    40      -0.012060464       0.010244592      -0.001427305  Zr
  1     6      -0.010673240       0.011005209      -0.016234493  C
  2    40      -0.026645074      -0.006398389      -0.048475524  Zr
  1     6       0.006764282       0.008517545       0.013127349  C
  2    40       0.009405198       0.000751773       0.010313283  Zr
  1     6       0.017393167       0.005297676      -0.012245581  C
  2    40      -0.033886648      -0.012550344      -0.032927577  Zr
  1     6      -0.001520162       0.015908792       0.003354542  C
  1     6       0.002588660      -0.011363356      -0.009697675  C
  2    40       0.013810480      -0.010004327       0.016150097  Zr
  1     6       0.008102178       0.001733549      -0.012710172  C
  2    40      -0.034230974       0.012347630      -0.030615817  Zr
  2    40      -0.009046502      -0.018024708      -0.012078195  Zr
  1     6      -0.004915254       0.013642222      -0.025340957  C
  2    40       0.035534518       0.004499149       0.030257115  Zr
  1     6       0.013064059       0.026171808       0.003069860  C
  1     6      -0.010075810       0.009637056       0.000129903  C
  2    40       0.008023020      -0.006497783       0.013416530  Zr
  1     6      -0.010354318      -0.000683679       0.001680081  C
  2    40       0.009674778      -0.040202926      -0.031110836  Zr
