              -3389.8556947966
         -0.000265748       0.000001384       0.000026199
          0.000001384      -0.000180775       0.000010237
          0.000026199       0.000010237      -0.000432954
          64
  1     6      -0.007005246       0.007867168       0.033431684  C
  1     6      -0.001218433       0.018748831      -0.005800060  C
  2    40       0.005056530       0.030068383      -0.013185688  Zr
  1     6      -0.016380495      -0.062150452       0.125526107  C
  2    40      -0.009114321      -0.029616523       0.251646532  Zr
  2    40      -0.005659356      -0.035184603       0.011017677  Zr
  1     6       0.011197743       0.019586620      -0.015808940  C
  2    40      -0.357725242       0.074536805       0.016918234  Zr
  1     6       0.011420931      -0.037297871      -0.247585178  C
  1     6       0.006170539      -0.002315502       0.002976626  C
  2    40       0.001168929       0.000058579      -0.003652539  Zr
  1     6      -0.021952434       0.007147936      -0.049426002  C
  2    40      -0.027373538      -0.005484269      -0.027415575  Zr
  2    40      -0.011147021       0.001278365      -0.006598598  Zr
  1     6      -0.003432949       0.008893696       0.000245131  C
  2    40       0.004465763      -0.009730348       0.015592019  Zr
  2    40       0.005449742      -0.009800570       0.012307970  Zr
  1     6      -0.007285571       0.040033122      -0.002895435  C
  2    40      -0.023664066      -0.012708746      -0.117373085  Zr
  1     6       0.053340171      -0.082786191      -0.024619912  C
  1     6      -0.022954562       0.000399051      -0.013688854  C
  2    40       0.010697611       0.019526935       0.003222007  Zr
  1     6       0.272785386       0.004448622       0.184205663  C
  2    40       0.208992586      -0.014640736      -0.001264639  Zr
  2    40      -0.008415836       0.003378385      -0.003014724  Zr
  1     6       0.003352648       0.008770103      -0.009929793  C
  2    40       0.033967902       0.001639360      -0.160167834  Zr
  1     6      -0.004783930      -0.014324585      -0.007120023  C
  1     6       0.004313323       0.003016342      -0.009198292  C
  2    40      -0.014697717       0.017856508       0.038018660  Zr
  1     6      -0.016545836      -0.004732423       0.011385195  C
  2    40      -0.023190092       0.008084400       0.005207667  Zr
  1     6      -0.020242794       0.007043316       0.000765400  C
  2    40       0.015997535      -0.008913946       0.005884254  Zr
  1     6      -0.000003701       0.000680064      -0.010816499  C
  2    40      -0.022331315       0.001592633      -0.021067766  Zr
  2    40      -0.022264551       0.008935815       0.003943989  Zr
  1     6      -0.010642402      -0.002463234      -0.015943544  C
  2    40       0.004752275      -0.017118925       0.017933144  Zr
  1     6      -0.018155478       0.013120838       0.006282707  C
  1     6      -0.000715723      -0.005693796       0.019155124  C
  2    40      -0.006164552       0.012391073       0.018611869  Zr
  1     6       0.015437515      -0.008764704      -0.004096483  C
  2    40       0.003135656       0.011446780      -0.002402547  Zr
  2    40      -0.008701776       0.002287715      -0.003944543  Zr
  1     6      -0.003309564      -0.000905875      -0.021144130  C
  2    40       0.033102279       0.006412696       0.058195622  Zr
  1     6       0.007569145      -0.005660767       0.002432220  C
  2    40       0.007518914      -0.012023162      -0.011483483  Zr
  1     6      -0.003399011       0.005465050      -0.002094955  C
  2    40       0.014099059       0.003871405      -0.004099851  Zr
  1     6      -0.017552588       0.016651021       0.006637696  C
  1     6      -0.004130923      -0.000083339      -0.001736156  C
  2    40       0.013819479      -0.005498244      -0.006001959  Zr
  1     6      -0.034031579       0.008422759      -0.021036844  C
  2    40      -0.020641777       0.003682709      -0.010905240  Zr
  2    40      -0.013418048       0.016358540      -0.018921803  Zr
  1     6       0.017899546      -0.013663051       0.009735246  C
  2    40      -0.005949909       0.007179387       0.006402275  Zr
  1     6       0.006803227      -0.008412447       0.013603138  C
  1     6       0.014364468      -0.002878834       0.020498793  C
  2    40       0.001527001       0.007970790      -0.003669144  Zr
  1     6      -0.005124206      -0.004553422      -0.013570038  C
  2    40       0.012268372       0.006966644      -0.008659110  Zr
