              -3390.1175511521
         -0.000141336      -0.000013313      -0.000008439
         -0.000013313      -0.000153441       0.000001099
         -0.000008439       0.000001099      -0.000249856
          64
  1     6      -0.021372426       0.002189521       0.015517740  C
  1     6       0.006148407      -0.012384869       0.016002410  C
  2    40      -0.020875200      -0.018174732      -0.009501013  Zr
  1     6       0.017633036      -0.018892510       0.003332556  C
  2    40       0.039342969       0.075093379      -0.061502928  Zr
  2    40      -0.019787641      -0.065460569      -0.024490685  Zr
  1     6      -0.023541825       0.005203974       0.012663965  C
  2    40      -0.027998165       0.030352939       0.042445610  Zr
  1     6      -0.013630150       0.015844120       0.051418349  C
  1     6      -0.024032579      -0.002868489       0.025927861  C
  2    40       0.029987637       0.011350202      -0.004635866  Zr
  1     6       0.008152884       0.000672283      -0.035137157  C
  2    40      -0.023898376      -0.032300936      -0.026498736  Zr
  2    40      -0.000561073       0.006619109      -0.011762115  Zr
  1     6      -0.008784117       0.006400023       0.019813332  C
  2    40       0.013894881       0.012676266       0.003378939  Zr
  2    40       0.014370811       0.011001369       0.025476870  Zr
  1     6       0.041338355      -0.013427294      -0.010519125  C
  2    40       0.043085704      -0.011976615      -0.005166893  Zr
  1     6      -0.035428579      -0.003493444      -0.010711988  C
  1     6       0.029981748       0.021863443       0.027120743  C
  2    40      -0.017219227       0.005174384       0.011481608  Zr
  1     6       0.036064602       0.040236279      -0.042460617  C
  2    40      -0.037442402      -0.011369009      -0.009593130  Zr
  2    40      -0.011940640      -0.046807558      -0.033187526  Zr
  1     6      -0.000941848       0.010154117      -0.023892918  C
  2    40       0.005055652      -0.018012832       0.025564432  Zr
  1     6       0.025604516       0.004655623      -0.008881147  C
  1     6       0.036187898      -0.012295429       0.031563319  C
  2    40      -0.016780846       0.038449022       0.025600743  Zr
  1     6       0.019518306      -0.008369197      -0.015601885  C
  2    40      -0.010836096       0.026006971      -0.021937737  Zr
  1     6      -0.000325111      -0.013527306      -0.028365586  C
  2    40      -0.016033700       0.047590859       0.028779412  Zr
  1     6      -0.037771385      -0.018332429      -0.017924339  C
  2    40       0.032965228      -0.021112093       0.039840000  Zr
  2    40      -0.006408989      -0.003922881      -0.010599249  Zr
  1     6      -0.003579120       0.004771538      -0.021748639  C
  2    40       0.014470328      -0.021685079      -0.000725989  Zr
  1     6       0.002768213      -0.006439811      -0.005999311  C
  1     6       0.019573092      -0.002814006       0.007998848  C
  2    40       0.023731023      -0.032785363      -0.006985593  Zr
  1     6       0.004416790       0.000343660      -0.021525261  C
  2    40      -0.034692774       0.002935466      -0.004210620  Zr
  2    40       0.011986477       0.029661675      -0.013857628  Zr
  1     6      -0.024518447      -0.003861729       0.000213634  C
  2    40      -0.022177747       0.010242516      -0.003376594  Zr
  1     6      -0.048387381       0.005124138      -0.015762187  C
  2    40      -0.006978273      -0.058232404      -0.004570855  Zr
  1     6       0.015402606      -0.019875963      -0.001511271  C
  2    40       0.009947117      -0.036296414       0.013755418  Zr
  1     6      -0.010387944      -0.006209217      -0.008999610  C
  1     6       0.026944153       0.025173842       0.034752484  C
  2    40      -0.033901672      -0.002330963      -0.019192849  Zr
  1     6       0.003669910       0.009440239      -0.004687909  C
  2    40       0.002703768       0.003472136       0.006138417  Zr
  2    40       0.000755169       0.031641308      -0.021458580  Zr
  1     6      -0.026948127       0.023082047      -0.008520590  C
  2    40      -0.001706635      -0.033533950       0.042827767  Zr
  1     6       0.039188548      -0.002838584       0.004463435  C
  1     6      -0.009783007       0.015152306       0.020759386  C
  2    40       0.048509232       0.009847007      -0.019690077  Zr
  1     6      -0.033275371       0.011950522      -0.033863213  C
  2    40       0.008639563       0.004791662       0.091920675  Zr
