              -3390.1658983774
         -0.000089909       0.000001764       0.000000542
          0.000001764      -0.000092988      -0.000004037
          0.000000542      -0.000004037      -0.000103922
          64
  1     6      -0.004808624      -0.014157246      -0.008294609  C
  1     6      -0.000692931      -0.018587123       0.000997962  C
  2    40      -0.022069270       0.004024126      -0.011626827  Zr
  1     6       0.056910877       0.018006267       0.037249503  C
  2    40       0.030417985       0.075891364       0.035135605  Zr
  2    40       0.000557009      -0.012759752      -0.004815467  Zr
  1     6       0.007780622       0.004382594      -0.015302037  C
  2    40       0.004568243       0.062586572      -0.004209674  Zr
  1     6      -0.025417787      -0.011691579       0.045747437  C
  1     6       0.005931553      -0.006878455      -0.012583632  C
  2    40       0.000653512       0.025820830       0.033379071  Zr
  1     6      -0.003641107      -0.006831170      -0.007681046  C
  2    40      -0.027765993      -0.010661334      -0.027700902  Zr
  2    40       0.035142248       0.009995037      -0.009044759  Zr
  1     6      -0.004428459      -0.002728443      -0.004171161  C
  2    40       0.018259971      -0.039896261       0.002185722  Zr
  2    40      -0.020860268      -0.008494854       0.022950424  Zr
  1     6       0.003375964      -0.015240897      -0.033018054  C
  2    40       0.018027320       0.021139326      -0.083692503  Zr
  1     6       0.017216285       0.046837054       0.036902134  C
  1     6       0.005301496       0.001581991      -0.018978892  C
  2    40      -0.011760371      -0.030264681       0.017708306  Zr
  1     6       0.001029363      -0.029343911      -0.041267759  C
  2    40       0.019337814      -0.042515316       0.060364939  Zr
  2    40       0.016322190       0.023633964      -0.029834124  Zr
  1     6      -0.012551791      -0.000590812      -0.021498214  C
  2    40      -0.013380872       0.022803841      -0.007676606  Zr
  1     6       0.017352595      -0.002462090      -0.027952991  C
  1     6      -0.012864902       0.017725389       0.002201562  C
  2    40       0.038818054      -0.014885444       0.053278172  Zr
  1     6      -0.025738058       0.020491846       0.024760366  C
  2    40      -0.009398538      -0.053210242      -0.013608490  Zr
  1     6      -0.001895815      -0.008948592       0.005728387  C
  2    40      -0.017691649       0.029090743       0.000292686  Zr
  1     6      -0.011832424      -0.025291956      -0.014767704  C
  2    40      -0.016700139       0.012332403      -0.009953708  Zr
  2    40       0.036969939       0.025192803      -0.015232907  Zr
  1     6      -0.002942901      -0.004610262      -0.002708470  C
  2    40       0.010762956       0.009007776       0.055534632  Zr
  1     6       0.003019299       0.009020231       0.003390814  C
  1     6       0.009579172       0.001518421       0.008261535  C
  2    40      -0.004487459       0.003381052      -0.004794008  Zr
  1     6      -0.002382823      -0.019027456      -0.002270112  C
  2    40      -0.017037248       0.009516546       0.007233210  Zr
  2    40       0.000126462       0.008736676      -0.000758055  Zr
  1     6      -0.010073480      -0.004655717      -0.006743969  C
  2    40       0.036138792       0.010551562      -0.019573224  Zr
  1     6       0.006107215      -0.001150732      -0.009872699  C
  2    40      -0.012278418      -0.014394430      -0.001251881  Zr
  1     6       0.001384233      -0.015133383      -0.007422813  C
  2    40      -0.028900608      -0.014218402       0.007933189  Zr
  1     6      -0.028360204      -0.006212743      -0.025119948  C
  1     6      -0.014172257       0.020417884       0.007393010  C
  2    40       0.009781615      -0.046472411      -0.000360381  Zr
  1     6      -0.013931258       0.016847098      -0.006806457  C
  2    40       0.001685562      -0.024171138       0.044996786  Zr
  2    40      -0.013236017      -0.010217278       0.002696604  Zr
  1     6       0.005132871       0.001061335       0.016009304  C
  2    40       0.006017800       0.008138749      -0.009989317  Zr
  1     6      -0.001383724       0.003230414      -0.029432759  C
  1     6      -0.006112781      -0.005809039       0.006543717  C
  2    40      -0.011097524       0.008902021      -0.035872788  Zr
  1     6       0.001629504      -0.004429044       0.000901756  C
  2    40      -0.013907109      -0.005805733       0.046241091  Zr
