803378101
3.7155512297472483851379365660250186920166015625
5.59425628837918775815296612563543021678924560546875
5.373167442445282659946315106935799121856689453125
2.1828696838521270962019116268493235111236572265625
5.127479813352831428119316115044057369232177734375
1.1297020212532060678967127387295477092266082763671875
2.08524289042183585962675351765938103199005126953125
6.00997629634474694881873801932670176029205322265625
0.29227412655838336252855924612958915531635284423828125
1.550708450467279675422105356119573116302490234375
4.787805411889113571533016511239111423492431640625
5.49871405958368431043936652713455259799957275390625
2.2865388702253905961470081820152699947357177734375
0.811516669211531649352764361537992954254150390625
5.76008586453439619390337611548602581024169921875
1.7768078230034805020665089614340104162693023681640625
1.3209428677126180406986577509087510406970977783203125
1.2370555170673946943082910365774296224117279052734375
2.016831141552781758718992932699620723724365234375
2.37411246721507485091251510311849415302276611328125
0.374580323160407402394156406444380991160869598388671875
3.307144252702400866184007099946029484272003173828125
0.12682332037449395301109689171425998210906982421875
5.739911545440971707421340397559106349945068359375
2.331739296699698371639897231943905353546142578125
2.3829789152522220518903850461356341838836669921875
5.7533616288818283379669082933105528354644775390625
3.605779948744238350144541982444934546947479248046875
2.364460783270231569730412957142107188701629638671875
3.54265417347076638776570689515210688114166259765625
3.94161879259275504949755486450158059597015380859375
5.03381313916043549028245251975022256374359130859375
0.124155502005242279750518719083629548549652099609375
5.6734866675374373556905993609689176082611083984375
3.407608557147352001948092947714030742645263671875
3.00211229846363725215496742748655378818511962890625
5.268228323220792930214884108863770961761474609375
6.2420120938900023332962518907152116298675537109375
3.06000649728734952503828026237897574901580810546875
5.8141490934540005497410675161518156528472900390625
0.42298772646171556299776739251683466136455535888671875
6.22810520257585853443060841527767479419708251953125
3.512450377690455649570822060923092067241668701171875
1.649879251524926981886665089405141770839691162109375
1.684811169275866493677540347562171518802642822265625
1.4350872058394783525869797813356854021549224853515625
4.2288101214699391761087099439464509487152099609375
4.60580632217399443817384963040240108966827392578125
0.173398398301907341600980316798086278140544891357421875
0.2107669670332055489314626584018697030842304229736328125
5.76052152153810670398570437100715935230255126953125
1.08001053575701799758235210902057588100433349609375
3.238950516662880030338556025526486337184906005859375
3.85743088250251364712539725587703287601470947265625
0.454390363126321028541809710077359341084957122802734375
5.40751750793727747890216051018796861171722412109375
5.30233737881106304001832540961913764476776123046875
0.7705421449315805748625507476390339434146881103515625
2.619951955981559610364683976513333618640899658203125
2.125328314536369500586943104281090199947357177734375
1.32976952145220028711491977446712553501129150390625
3.64800778712604678588604656397365033626556396484375
3.746130565375761278801292064599692821502685546875
3.628359963471485372110691969282925128936767578125
5.96673649315979925944475326105020940303802490234375
1.2173506191269272136423751362599432468414306640625
0.7688208989273694893284982754266820847988128662109375
3.906451950679297180357707475195638835430145263671875
3.336198487456802030948210813221521675586700439453125
4.02354312954047887984643239178694784641265869140625
4.86909220621248817195692026871256530284881591796875
4.667966943096995890982725541107356548309326171875
2.217127439213382178451183790457434952259063720703125
0.1366614385992328262187101017843815498054027557373046875
1.5757451844850829392186142285936512053012847900390625
2.858657220452367031526819118880666792392730712890625
5.82240527643728622564367469749413430690765380859375
2.180909045933586920540392384282313287258148193359375
2.194108511026782171171589652658440172672271728515625
0.92169419963904275494570583759923465549945831298828125
3.36521064283559923069333308376371860504150390625
1.03854711303281543877119474927894771099090576171875
4.4364059795015879927859714371152222156524658203125
1.8586176544273815824936946228262968361377716064453125
0.1425112968939228064169100207436713390052318572998046875
5.2800080146156762594955580425448715686798095703125
2.746850815593943284653732916922308504581451416015625
2.61666248520412469957818757393397390842437744140625
2.82011344574124667161640900303609669208526611328125
3.517872352928102852587244342430494725704193115234375
5.01531367986479637011143495328724384307861328125
1.0181880361636128640157039626501500606536865234375
0.31682397803304696015658237229217775166034698486328125
1.5566988893376196845252934508607722818851470947265625
2.725180791502271215875907728332094848155975341796875
4.388592193246410033680149354040622711181640625
4.61743791066846842596760325250215828418731689453125
3.941237673175002509395881133968941867351531982421875
4.088953072917174580425125895999372005462646484375
4.26007775127677401627579456544481217861175537109375
5.39883081157024324880921994918026030063629150390625
2.959882569991671541487221475108526647090911865234375
0.63850482067928349128038689741515554487705230712890625
0.54328928197151160617295317933894693851470947265625
2.046683678999153155331214293255470693111419677734375
1.571291593721023449603535482310689985752105712890625
4.15450590535424790772367487079463899135589599609375
5.33334570931435880680737682268954813480377197265625
5.7885767149076716719946489320136606693267822265625
0.69907707244712347094406368341878987848758697509765625
3.085252387628640402539303977391682565212249755859375
2.03777833782197692613635808811523020267486572265625
4.2316232719727597810788211063481867313385009765625
4.19016358554132839486783268512226641178131103515625
5.495686038599362888135146931745111942291259765625
6.268855411775195562995577347464859485626220703125
5.42395649978471450225470107397995889186859130859375
0.1906425744079562056843002437744871713221073150634765625
2.238912436962662066974871777347289025783538818359375
3.237894283958691943325902684591710567474365234375
4.79509349127908279797338764183223247528076171875
5.06440817482576388641746234497986733913421630859375
1.1154802075643515113512194147915579378604888916015625
0.85455867709478805505085574623080901801586151123046875
4.72142787986626455420946513186208903789520263671875
2.851443825956130329046800397918559610843658447265625
0.35811971230960903955775620488566346466541290283203125
2.942999959940340914954504114575684070587158203125
4.58505287184924981147560174576938152313232421875
0.343948726246466218725572616676799952983856201171875
3.017034279373935756751734516001306474208831787109375
2.125699857692381566920403201947920024394989013671875
3.2751715197885271635414028423838317394256591796875
1.9370814966968115111711767895030789077281951904296875
3.050274288479805750995410562609322369098663330078125
3.51649476978716801767177457804791629314422607421875
3.700976358335218652229059443925507366657257080078125
4.22859657054054505209705894230864942073822021484375
0.1291009229013822812159872910342528484761714935302734375
5.43732818837159381786250378354452550411224365234375
0.3536056942514083090145504684187471866607666015625
0.0908384644108784777838394575155689381062984466552734375
0.611623572254157199523660892737098038196563720703125
5.30146839669505798298132503987289965152740478515625
3.88381666983288909023031010292470455169677734375
2.7110447545520184320366752217523753643035888671875
5.975035960963186454364404198713600635528564453125
2.775471122513801791598098134272731840610504150390625
0.86990174141890153070022506653913296759128570556640625
2.197920831651229089942489736131392419338226318359375
3.604343099866116784113501125830225646495819091796875
5.48235850673175928449154525878839194774627685546875
1.7289479431254928254446667779120616614818572998046875
5.8385907241009054047253812314011156558990478515625
2.2277397219818002582769622677005827426910400390625
0.425392365868685284890915454525384120643138885498046875
0.7151350209485485276417193745146505534648895263671875
3.29307082572006226683924978715367615222930908203125
3.55006925755661928434392393683083355426788330078125
0.2402497402319483388311027738382108509540557861328125
1.67358574243080848731324294931255280971527099609375
1.7683662707446601292105015090783126652240753173828125
1.504853804102530556718875232036225497722625732421875
4.33245858121987037492317540454678237438201904296875
2.9732047124690748063358114450238645076751708984375
0.01174627249430300335308885451013338752090930938720703125
5.96160971430949526705944663262926042079925537109375
1.3164966646848539344460959910065867006778717041015625
2.63868925064669301860931227565743029117584228515625
3.26542122346186314274518736056052148342132568359375
5.8646357012582566170522113679908215999603271484375
1.1645890888617016489803290824056603014469146728515625
4.2070444225359491241533760330639779567718505859375
1.6233440154095106766618528126855380833148956298828125
0.4858285340710477573367143122595734894275665283203125
2.624629001630403468681151935015805065631866455078125
4.8148882504254260084053385071456432342529296875
3.52485067697001408504320352221839129924774169921875
2.653647365633525101458189965342171490192413330078125
2.41131229712355210637042546295560896396636962890625
1.8213180681351464063055800579604692757129669189453125
5.9212145875119546190035180188715457916259765625
1.6339780459180806015950793153024278581142425537109375
2.907114836953793801654910566867329180240631103515625
1.8264280380567308181838370728655718266963958740234375
2.85591096919326670189320793724618852138519287109375
3.58016435267204169434762661694549024105072021484375
1.7044638585959563936711447240668348968029022216796875
2.194974672636732293540262617170810699462890625
2.977951852374721486427233685390092432498931884765625
5.19140163257276210373447611345909535884857177734375
4.84021748320963585143772434093989431858062744140625
0.285941064490909280237929124268703162670135498046875
0.68878901688791305257808517126250080764293670654296875
0.1478473558779095087256649776463746093213558197021484375
0.312450988829345910335888447662000544369220733642578125
0.5153183087312236398958020799909718334674835205078125
0.389295951178900867528653861882048659026622772216796875
0.46253516267171834730476120967068709433078765869140625
0.522042272389886097272437837091274559497833251953125
0.88824204396840278352698305752710439264774322509765625
0.312561443221085422106142459597322158515453338623046875
0.755337732264463657116948525072075426578521728515625
0.440766968969612815687497686667484231293201446533203125
0.12190522352322248622602529621872236020863056182861328125
0.28424101662088230302316560482722707092761993408203125
0.924293522687765545242655207403004169464111328125
0.50809448422309688719877840412664227187633514404296875
0.1731412900486687667100937915165559388697147369384765625
0.06540074621578713387481940344514441676437854766845703125
0.54429800135283634698879495772416703402996063232421875
0.137052404292417884246191306374385021626949310302734375
0.55764939615393493976824856872553937137126922607421875
0.39149302402115104815294444051687605679035186767578125
0.4828657919926875319305281664128415286540985107421875
0.06670143039277821872534701697077252902090549468994140625
0.1603382114136303882023781852694810368120670318603515625
0.13311073423042463215182351632392965257167816162109375
0.254410397845511504488769105591927655041217803955078125
0.27958990739639377753888993538566865026950836181640625
0.70303459311976779222419509096653200685977935791015625
0.2930617603906717771877765699173323810100555419921875
0.846618672295761598434182815253734588623046875
0.83756270252054687563969537222874350845813751220703125
0.9980397457247784931411160869174636900424957275390625
0.340748608271008668335610991562134586274623870849609375
0.280815183315805683150756522081792354583740234375
0.6019540566960135397067688245442695915699005126953125
0.004149368034745272264263160622022041934542357921600341796875
0.858649138295394021014317331719212234020233154296875
0.9069823766625404459773562848567962646484375
0.85812299598852315174468685654574073851108551025390625
0.304613442767697140123317467441665939986705780029296875
0.9829965312886035366801706913975067436695098876953125
0.56511143341898517622468034460325725376605987548828125
0.9353394624476039087568324248422868549823760986328125
0.8264173627022735058034186295117251574993133544921875
0.89547414141496373130024721831432543694972991943359375
0.02955746698638306302342471099109388887882232666015625
0.69279599687680415431856317809433676302433013916015625
0.63600029220618325975777906933217309415340423583984375
0.5699349593231151089867125847376883029937744140625
0.51134561771123931972482523633516393601894378662109375
0.7552800554573908531352799400337971746921539306640625
0.1653360962706320325121822634173440746963024139404296875
0.0025101457734173844744962611486016612616367638111114501953125
0.53927976197529570168143209230038337409496307373046875
0.1396390605436819976059581449590041302144527435302734375
0.85186687198088828498754310203366912901401519775390625
0.402917045356201486416836132775642909109592437744140625
0.385222030051621644464177052213926799595355987548828125
0.685124331007303855045620366581715643405914306640625
0.56665773017641984932168952582287602126598358154296875
0.8846754277519301989940458952332846820354461669921875
0.3136353158921167949557684551109559834003448486328125
0.62381240987396446850965503472252748906612396240234375
0.61101602931088583314789275391376577317714691162109375
0.86645108362028888659978065334144048392772674560546875
0.3656363847505470499044122334453277289867401123046875
0.63785663230244848964645143496454693377017974853515625
0.23566033189914203926917934950324706733226776123046875
0.6032909534886903291095450185821391642093658447265625
0.5009999203034676273915692945593036711215972900390625
0.61883329861743063826651223280350677669048309326171875
0.86556560586465780549048076863982714712619781494140625
0.769845097218567975261294122901745140552520751953125
0.3600068508461149452415384075720794498920440673828125
0.462427028204513257403363013509078882634639739990234375
0.035567899716816793465046231403903220780193805694580078125
0.52287977865099899421608142802142538130283355712890625
0.92457388011951646689112749299965798854827880859375
0.29883882370723358068431707579293288290500640869140625
0.34043955725638175291436482439166866242885589599609375
0.65795155552120487829625972153735347092151641845703125
0.7870210459395410307337215272127650678157806396484375
0.2370484225624466534387835281449952162802219390869140625
0.9361749658995190959132060015690512955188751220703125
0.79762147124745952364577306070714257657527923583984375
0.58326939008350919824152924775262363255023956298828125
0.79004167802168134837614843490882776677608489990234375
0.438205112907199711980155143464799039065837860107421875
0.6996226309331239345823405528790317475795745849609375
0.01485620206913733885867312523032524040900170803070068359375
0.72487654524151079460381197350216098129749298095703125
0.50915211462841936107537321731797419488430023193359375
0.399627317860549002848102873031166382133960723876953125
0.39444851148615056590784888612688519060611724853515625
0.9693159032470155533900424416060559451580047607421875
0.86375604889530499530536644670064561069011688232421875
0.44096401028379983433325151054305024445056915283203125
0.923075646126212401298971599317155778408050537109375
0.6734584717422065214265103350044228136539459228515625
0.51835180889738341480921235415735282003879547119140625
0.296425497297395701412625612647389061748981475830078125
0.8875347123888948086545269688940607011318206787109375
0.55045619399773715318957556519308127462863922119140625
0.64635394962800385432188932099961675703525543212890625
0.123951788583747946059787636841065250337123870849609375
0.4121284836028369369387291953898966312408447265625
0.7116342539487565677092106852796860039234161376953125
0.09658465678644582996792422591170179657638072967529296875
0.355006592513530783161712633955175988376140594482421875
0.809727713377088154089733507134951651096343994140625
0.2259212370151287008201990147426840849220752716064453125
0.9515899540631054254191667496343143284320831298828125
0.324260855710255369022121385569334961473941802978515625
0.344897680145175022925485563973779790103435516357421875
0.733916211283726749314837434212677180767059326171875
0.468799269976466537190873395957169122993946075439453125
0.96487068755778981898885149348643608391284942626953125
0.116808882968876925900758578791283071041107177734375
0.68207380673013340288690642410074360668659210205078125
0.76540570602072666162030145642347633838653564453125
0.424372983828360694769088468092377297580242156982421875
0.654853929139139978587991208769381046295166015625
0.0988147873891586370209694223376573063433170318603515625
0.247268809586422888546763942940742708742618560791015625
0.2424717546638435472505790357899968512356281280517578125
0.778143876128897016286600774037651717662811279296875
0.7304802847702429602350093773566186428070068359375
0.1352782389779008109798041914473287761211395263671875
0.60439942944999758278612489448278211057186126708984375
0.05246046746729894627581103350166813470423221588134765625
0.343425408165634327151138904810068197548389434814453125
0.36865734838352415270179562867269851267337799072265625
0.87759371934346563914886019119876436889171600341796875
0.82362297681328977549952696790569461882114410400390625
0.2486290634836205715174628494423814117908477783203125
0.365693120921819048163570187170989811420440673828125
0.7665628719919188593934222808456979691982269287109375
0.80900928508909852876485047090682201087474822998046875
0.7719856364522061920041551275062374770641326904296875
0.3191990392837669165970737594761885702610015869140625
0.11327461717337118651816041392521583475172519683837890625
0.482850382329360783284499802903155796229839324951171875
0.82707674513900497625940033685765229165554046630859375
0.8984960419584513413582271823543123900890350341796875
0.09830454089599872935512081539854989387094974517822265625
0.76979181439140431653100904441089369356632232666015625
0.472216246403854456037407771873404271900653839111328125
0.75002604478505718876846231069066561758518218994140625
0.62391539366166826052761962273507378995418548583984375
0.90947749135525779440314408930134959518909454345703125
0.1626777035010409100390660341872717253863811492919921875
0.545546503991608755512743300641886889934539794921875
0.2957176618723746930328388771158643066883087158203125
0.7946182348740371548245775557006709277629852294921875
0.4108338832905673587703176963259465992450714111328125
0.08216068850930811906518869136561988852918148040771484375
0.2111601891048067169975865908781997859477996826171875
0.36786340194189148800063549060723744332790374755859375
0.183139692611591742288368322988389991223812103271484375
0.469713107901491733198184874709113501012325286865234375
0.2173159528604317325406469763038330711424350738525390625
0.723174182569223500394173242966644465923309326171875
0.377954084136501944346520076578599400818347930908203125
0.03934216454594496870100783780799247324466705322265625
0.046849248486966477145188036956824362277984619140625
0.8744139344777976941003316824208013713359832763671875
0.2239902677126183461187025613980949856340885162353515625
0.1387675274809671288611667705481522716581821441650390625
0.77451622708445244658292949679889716207981109619140625
0.58741122790957389643295982750714756548404693603515625
0.04720303558148584988085616487296647392213344573974609375
0.70945861083895833676393749556154944002628326416015625
0.2345829872575509178478370131415431387722492218017578125
0.29660015846444298670547823348897509276866912841796875
0.343681456681192598612284427872509695589542388916015625
0.69916691337673320116863351358915679156780242919921875
0.0058181877275082227729541273220092989504337310791015625
0.250529608805910519730986152353580109775066375732421875
0.89554132330023750174774477272876538336277008056640625
0.385641749196519001419147798515041358768939971923828125
0.238691429253058251536145917270914651453495025634765625
0.1519175233095500232582963917593588121235370635986328125
0.6800161216780618023136639749282039701938629150390625
0.98238962701633092411412917499546892940998077392578125
0.22407081267986017625304384637274779379367828369140625
0.6398824586718727669421014070394448935985565185546875
0.2393727704134643030631224291937542147934436798095703125
0.52963707341329990807565764043829403817653656005859375
0.426663082291680872959460657511954195797443389892578125
0.8916784380058191405993284206488169729709625244140625
0.59255049824367767019595021338318474590778350830078125
