              -3390.1031458119
         -0.000224327      -0.000007890      -0.000015875
         -0.000007890      -0.000107785       0.000003399
         -0.000015875       0.000003399      -0.000101394
          64
  1     6      -0.003068612       0.004431712       0.025825323  C
  1     6       0.006714517      -0.003081091       0.000434825  C
  2    40       0.032481819      -0.017693012      -0.004397716  Zr
  1     6      -0.023463694       0.009561949       0.004304251  C
  2    40      -0.042546526       0.059820209      -0.048745657  Zr
  2    40       0.008097154       0.002347583       0.010785266  Zr
  1     6      -0.002249814       0.017443078       0.010081144  C
  2    40      -0.041636169      -0.079509017       0.006932716  Zr
  1     6      -0.002611730       0.007748161      -0.057598463  C
  1     6      -0.003671240      -0.000160526       0.009129346  C
  2    40      -0.019401263       0.009627282      -0.029124235  Zr
  1     6       0.035406329      -0.025859481      -0.007174954  C
  2    40       0.025178127      -0.001161993       0.007640233  Zr
  2    40       0.017600641       0.002187310       0.028743816  Zr
  1     6       0.031972220       0.009820715      -0.006156971  C
  2    40      -0.005694160      -0.027596217      -0.000247292  Zr
  2    40      -0.009682963      -0.012658943      -0.011025452  Zr
  1     6       0.003727192       0.009822501      -0.005822291  C
  2    40       0.057025072       0.038764335       0.059865762  Zr
  1     6       0.010828110       0.017663161       0.003208304  C
  1     6       0.023289359       0.004108563      -0.009502254  C
  2    40       0.041233508       0.046954368       0.005938783  Zr
  1     6      -0.006162854      -0.019966382      -0.023045164  C
  2    40      -0.304124237      -0.055941594      -0.047013269  Zr
  2    40      -0.012551595       0.023852110       0.014504759  Zr
  1     6       0.002738726      -0.002325313       0.005293548  C
  2    40      -0.019362350       0.013882573      -0.001439166  Zr
  1     6      -0.001248718      -0.001372895       0.024858506  C
  1     6      -0.016185464       0.005547869       0.013920785  C
  2    40      -0.014303044      -0.006328525       0.021906730  Zr
  1     6       0.001874260      -0.002652841      -0.003778519  C
  2    40       0.058598223      -0.003666172      -0.002543647  Zr
  1     6       0.027650728      -0.013245521      -0.014593953  C
  2    40      -0.039331615      -0.015124778       0.023060053  Zr
  1     6      -0.013471399       0.004870991       0.013892044  C
  2    40       0.021716295      -0.021699358       0.021000579  Zr
  2    40       0.019442314      -0.024902720      -0.011983466  Zr
  1     6      -0.000168888       0.009834223      -0.017860262  C
  2    40       0.041501378       0.019765976       0.009806177  Zr
  1     6       0.118628274       0.008303263      -0.027110873  C
  1     6      -0.014278908       0.003456292      -0.001412068  C
  2    40       0.016268994       0.010674482      -0.002863672  Zr
  1     6      -0.001722669       0.007850516       0.000460508  C
  2    40       0.014184211      -0.014253279      -0.019171313  Zr
  2    40      -0.010511563      -0.003985711       0.006268274  Zr
  1     6       0.039175019      -0.008582802      -0.012839811  C
  2    40      -0.040735536      -0.005951425      -0.001650666  Zr
  1     6      -0.005084150       0.010739195       0.006846245  C
  2    40       0.002060099       0.034751881       0.017519668  Zr
  1     6       0.005430618      -0.009559580       0.016781338  C
  2    40       0.036340918      -0.008412363      -0.005660727  Zr
  1     6       0.003512597       0.013365635       0.011798825  C
  1     6      -0.005556636      -0.016435871      -0.024590855  C
  2    40       0.002698613      -0.000963138      -0.014767975  Zr
  1     6       0.001316267      -0.015879459      -0.011306155  C
  2    40       0.026162437       0.014528470       0.037740594  Zr
  2    40       0.015116247      -0.021008277       0.007206353  Zr
  1     6      -0.011059385      -0.011766281      -0.000519482  C
  2    40      -0.008996832       0.015244469       0.004170627  Zr
  1     6      -0.011979659       0.017445363      -0.002584666  C
  1     6      -0.024469263       0.002743721       0.002915241  C
  2    40      -0.056124104      -0.016201445       0.004863552  Zr
  1     6       0.018169783      -0.014533639      -0.008660721  C
  2    40       0.006574082       0.026383837      -0.002598430  Zr
