              -3390.1130064911
         -0.000148207      -0.000019169      -0.000009961
         -0.000019169      -0.000217916      -0.000008813
         -0.000009960      -0.000008813      -0.000144059
          64
  1     6      -0.023049706      -0.003685386       0.042134272  C
  1     6      -0.000859376      -0.055836633       0.006209007  C
  2    40       0.006235637      -0.001001788       0.030715977  Zr
  1     6       0.010753272       0.034462015      -0.043475401  C
  2    40       0.085088562       0.124530427      -0.052438236  Zr
  2    40      -0.012119593      -0.015288682       0.043374424  Zr
  1     6      -0.008241789      -0.006554853      -0.005031388  C
  2    40       0.020094553       0.076724380       0.045720708  Zr
  1     6       0.023928319      -0.045033740      -0.042357021  C
  1     6       0.010766351       0.002779438      -0.009736394  C
  2    40      -0.007460670      -0.009214335       0.000111849  Zr
  1     6      -0.009186610       0.002735875       0.011719462  C
  2    40      -0.041073759      -0.013861300      -0.017291159  Zr
  2    40      -0.005126162      -0.000170909       0.027389459  Zr
  1     6      -0.005127146      -0.020815798      -0.014187779  C
  2    40      -0.003762187      -0.019034493       0.025803549  Zr
  2    40       0.005612342      -0.021489747       0.031540877  Zr
  1     6      -0.007057638      -0.003061138      -0.006194945  C
  2    40      -0.029754328      -0.004662694      -0.108072934  Zr
  1     6       0.054628786       0.004601252      -0.036974163  C
  1     6      -0.001036162      -0.024721667      -0.021682791  C
  2    40      -0.026337269      -0.002166495       0.040675406  Zr
  1     6       0.030068123      -0.044364788       0.017916986  C
  2    40       0.082402881       0.097340555       0.000188568  Zr
  2    40       0.008487858       0.041600427       0.015122387  Zr
  1     6       0.011762937      -0.014967807      -0.000025745  C
  2    40      -0.000541370      -0.024507129      -0.018826202  Zr
  1     6       0.018524939       0.001912786       0.005297616  C
  1     6      -0.029157873      -0.001894027      -0.015338892  C
  2    40       0.022868676      -0.001232972      -0.017081199  Zr
  1     6      -0.017225734       0.004094903       0.041632452  C
  2    40       0.004749371      -0.008398133       0.014112550  Zr
  1     6       0.006631539       0.011531134       0.008109582  C
  2    40      -0.028326015      -0.002534937      -0.023318992  Zr
  1     6       0.017085751       0.002136281      -0.011759835  C
  2    40      -0.019341248      -0.001465073       0.012648845  Zr
  2    40      -0.004228511       0.009155082       0.013264256  Zr
  1     6      -0.013482739       0.022660998       0.029507459  C
  2    40      -0.022031941      -0.046060469       0.006711093  Zr
  1     6      -0.011094712       0.016472165       0.005944285  C
  1     6      -0.000468747       0.006022597      -0.000130464  C
  2    40      -0.007205997      -0.011493738      -0.018218238  Zr
  1     6       0.007780424      -0.004413718      -0.010709976  C
  2    40       0.006713203      -0.020630344      -0.001205938  Zr
  2    40       0.000758331       0.003466694       0.020586295  Zr
  1     6       0.001369126      -0.007520257       0.003510722  C
  2    40      -0.021775308      -0.000388382       0.005320306  Zr
  1     6       0.006321179       0.009632223      -0.007598095  C
  2    40      -0.019370222      -0.030412599      -0.018240264  Zr
  1     6       0.020111088       0.002215997      -0.015332539  C
  2    40      -0.011129580      -0.049838073       0.010435634  Zr
  1     6      -0.020723590      -0.001736921       0.020214808  C
  1     6      -0.028741410       0.006900326       0.016573398  C
  2    40       0.023668035       0.007920973      -0.003716394  Zr
  1     6      -0.027299485       0.016477930       0.002970230  C
  2    40      -0.021216479      -0.021818134      -0.001930484  Zr
  2    40      -0.013420814       0.023221457      -0.038696028  Zr
  1     6       0.010973225      -0.016601843      -0.001374786  C
  2    40       0.001420484       0.012144584       0.015868845  Zr
  1     6      -0.003736619      -0.000358449      -0.007094205  C
  1     6      -0.009833787      -0.000830062       0.011177062  C
  2    40       0.013039593      -0.003495632       0.000625882  Zr
  1     6       0.005872003       0.003485102      -0.017471962  C
  2    40      -0.006075282       0.017781706       0.002900072  Zr
