              -3390.1413082880
         -0.000144455      -0.000002326      -0.000008537
         -0.000002326      -0.000136563      -0.000009413
         -0.000008537      -0.000009413      -0.000179113
          64
  1     6      -0.036118956       0.001507858       0.043369845  C
  1     6       0.015060082      -0.003218707      -0.018665384  C
  2    40      -0.022549819      -0.014903802       0.035336791  Zr
  1     6      -0.014081763       0.012912134       0.013806064  C
  2    40       0.033793416       0.025313544      -0.119401164  Zr
  2    40       0.027531986       0.017017609       0.014574536  Zr
  1     6       0.009296222       0.002849184      -0.012970595  C
  2    40      -0.026458487      -0.028030509      -0.000469129  Zr
  1     6      -0.001340410       0.022084806      -0.030362342  C
  1     6       0.014561205       0.008482109      -0.044391508  C
  2    40       0.010024107      -0.017811506      -0.019595277  Zr
  1     6       0.014808787      -0.004831244       0.060137550  C
  2    40      -0.008593077      -0.015078542       0.005078487  Zr
  2    40       0.008170190       0.014010300       0.057894039  Zr
  1     6      -0.005409807      -0.010061055       0.010296682  C
  2    40      -0.008799625       0.031592848      -0.040353046  Zr
  2    40       0.025567896       0.007824054      -0.007690797  Zr
  1     6      -0.006373977      -0.014464965       0.021025156  C
  2    40       0.022712503      -0.002060467      -0.006985083  Zr
  1     6       0.015137209      -0.010472901       0.013952671  C
  1     6       0.010459465       0.002008438      -0.000287013  C
  2    40      -0.012112654       0.015657405      -0.048355223  Zr
  1     6       0.015930160      -0.003301015      -0.020057399  C
  2    40      -0.072493639       0.026435291       0.013349919  Zr
  2    40      -0.041734926      -0.025049648       0.017249765  Zr
  1     6      -0.021978394      -0.017259180       0.017378426  C
  2    40       0.019673286      -0.018250622      -0.002045919  Zr
  1     6      -0.006334038       0.019786960       0.016233170  C
  1     6      -0.028316445      -0.009317832       0.014534837  C
  2    40       0.042411723       0.022761915      -0.017025136  Zr
  1     6      -0.040887189      -0.009037016      -0.005611668  C
  2    40       0.052794771       0.033550216      -0.001361953  Zr
  1     6       0.008343859      -0.003586068       0.073359712  C
  2    40      -0.027113573      -0.017461247       0.015011508  Zr
  1     6      -0.000415066      -0.001676288      -0.026986914  C
  2    40      -0.021556346      -0.010705621      -0.012401546  Zr
  2    40       0.002649099      -0.030397093      -0.054829297  Zr
  1     6       0.000142551      -0.004146607       0.004783553  C
  2    40      -0.031553231      -0.019708969       0.039001354  Zr
  1     6       0.024746831       0.010248633       0.003174023  C
  1     6       0.018593481       0.015153688       0.020944926  C
  2    40      -0.024573643      -0.033615002      -0.025636707  Zr
  1     6       0.014449075       0.005400934      -0.009571465  C
  2    40       0.027293020      -0.028025518      -0.001258100  Zr
  2    40      -0.011957457       0.022919673      -0.036854576  Zr
  1     6      -0.010312016      -0.018289075      -0.018721368  C
  2    40      -0.023065460       0.022860180       0.038289566  Zr
  1     6      -0.006015326       0.000036502      -0.007713297  C
  2    40       0.001872839       0.015405777       0.002949925  Zr
  1     6      -0.010042574      -0.018348393       0.003898146  C
  2    40       0.046424072      -0.007473349      -0.013986954  Zr
  1     6      -0.016926500      -0.015709031       0.007165423  C
  1     6      -0.000718770       0.006067940       0.005347511  C
  2    40       0.030366867       0.027344102       0.039675145  Zr
  1     6       0.005420418       0.021756467       0.005872673  C
  2    40       0.014297568      -0.009146225       0.036713577  Zr
  2    40       0.009409698      -0.004031620      -0.053807229  Zr
  1     6      -0.003982061      -0.009879219       0.013772750  C
  2    40      -0.044908984       0.019001891      -0.008816514  Zr
  1     6      -0.009402619       0.013406918       0.030118458  C
  1     6       0.018915116      -0.029647857      -0.009887600  C
  2    40       0.037644534       0.013133113      -0.000434683  Zr
  1     6       0.008802918      -0.015175610      -0.016328269  C
  2    40      -0.011573986       0.023227228      -0.001026480  Zr
