              -3390.1389186373
         -0.000149883      -0.000006954      -0.000001281
         -0.000006954      -0.000211599       0.000007727
         -0.000001281       0.000007727      -0.000152890
          64
  1     6      -0.012791929       0.008523790      -0.004064419  C
  1     6       0.001694610      -0.004759831      -0.009391909  C
  2    40      -0.014525654      -0.001691089      -0.001187123  Zr
  1     6      -0.042972394       0.165101203      -0.004433701  C
  2    40      -0.032217816      -0.178032536      -0.023662436  Zr
  2    40      -0.044961383      -0.024219436       0.032330189  Zr
  1     6       0.014161565       0.014678094       0.000813403  C
  2    40       0.057248556      -0.034576044      -0.044259069  Zr
  1     6       0.010579665       0.041213872       0.033906643  C
  1     6       0.012451253       0.013904047      -0.000224439  C
  2    40       0.005637866       0.003920631      -0.010031484  Zr
  1     6      -0.006846078      -0.004968155       0.005898135  C
  2    40       0.005505504      -0.009756464      -0.026317058  Zr
  2    40      -0.029074868       0.002937347       0.040375992  Zr
  1     6       0.011167955       0.010351000      -0.010095525  C
  2    40      -0.003715199       0.013317253      -0.015373992  Zr
  2    40       0.007498037       0.013484586      -0.022336534  Zr
  1     6      -0.025920912       0.001487704      -0.030714077  C
  2    40       0.077989556      -0.028621150       0.012845962  Zr
  1     6       0.086571196       0.017123128       0.015742195  C
  1     6       0.018825723       0.008049193       0.000893633  C
  2    40       0.006169204      -0.014999760       0.010302501  Zr
  1     6      -0.007806304       0.026388419      -0.043084549  C
  2    40       0.011136883       0.052099079       0.086309242  Zr
  2    40       0.004103101      -0.033841457      -0.044754035  Zr
  1     6      -0.000280045       0.009196611      -0.010271731  C
  2    40       0.016392812      -0.024780744       0.009950967  Zr
  1     6      -0.000290191      -0.001582990      -0.023123003  C
  1     6       0.008065494      -0.025892370       0.008284324  C
  2    40      -0.038663198       0.016525238       0.034034608  Zr
  1     6      -0.020740367      -0.021080964       0.013882771  C
  2    40       0.001501660       0.010005174       0.025167524  Zr
  1     6       0.011333350      -0.026373192       0.000457005  C
  2    40       0.020774167       0.018263411       0.007493631  Zr
  1     6       0.004075379      -0.019101248       0.022246630  C
  2    40       0.009332309       0.018687542      -0.012252159  Zr
  2    40       0.000074600       0.020447020      -0.011304458  Zr
  1     6       0.007474380      -0.003578030      -0.010219571  C
  2    40      -0.019904787      -0.001558299       0.000471189  Zr
  1     6      -0.007286793      -0.008991709      -0.001741999  C
  1     6       0.004827436       0.014770216       0.005183332  C
  2    40       0.009398304      -0.024444042      -0.008754589  Zr
  1     6       0.005977406      -0.000088157       0.013935064  C
  2    40      -0.006045851      -0.014078411       0.000256623  Zr
  2    40      -0.015283746      -0.001995690      -0.012442565  Zr
  1     6       0.037448489       0.018438179      -0.000361609  C
  2    40       0.016774127       0.005968769      -0.023439750  Zr
  1     6       0.001915858       0.023116462      -0.002471170  C
  2    40       0.015026470       0.004259083      -0.015975223  Zr
  1     6      -0.012503138      -0.006646650      -0.014679398  C
  2    40      -0.013471930       0.001705668       0.022144614  Zr
  1     6      -0.019687121      -0.013358048       0.011265494  C
  1     6      -0.006536013      -0.013713056       0.007540555  C
  2    40      -0.040490928       0.038967784       0.028548453  Zr
  1     6      -0.018075756      -0.029007386       0.010640189  C
  2    40      -0.005214786      -0.005627608      -0.026380403  Zr
  2    40      -0.006061452      -0.011416668       0.004698986  Zr
  1     6       0.000882801       0.015501553       0.005600971  C
  2    40      -0.016367070      -0.013208991      -0.008911844  Zr
  1     6      -0.025030983      -0.003147701       0.006404909  C
  1     6       0.002366726       0.001250131      -0.022856224  C
  2    40       0.007267124      -0.014521996       0.039103429  Zr
  1     6      -0.003558624       0.011805631      -0.008866196  C
  2    40      -0.014579657      -0.001005668      -0.014258815  Zr
