              -3390.0214329303
         -0.000325685       0.000002333       0.000005062
          0.000002333      -0.000215196      -0.000006609
          0.000005062      -0.000006609      -0.000089071
          64
  1     6      -0.018707736      -0.006211497       0.026066324  C
  1     6      -0.000792212      -0.008492308       0.001375758  C
  2    40      -0.032981689       0.009314698      -0.001338185  Zr
  1     6      -0.193416231       0.034388199      -0.007735422  C
  2    40       0.196475028       0.008940672      -0.052711368  Zr
  2    40       0.009826652      -0.035813199       0.014038087  Zr
  1     6      -0.020074072      -0.016684553       0.010062178  C
  2    40       0.045915159      -0.030565900      -0.030399779  Zr
  1     6       0.137632302       0.066777775      -0.016732777  C
  1     6      -0.016086982       0.000664653       0.000274556  C
  2    40      -0.005319541      -0.000520715      -0.011338489  Zr
  1     6       0.000494188      -0.004035057       0.001336806  C
  2    40      -0.003913713       0.000261613       0.003834137  Zr
  2    40       0.008811944      -0.008564864      -0.004011002  Zr
  1     6       0.014477690       0.000076428      -0.008169993  C
  2    40      -0.024755089       0.007704242       0.019445480  Zr
  2    40      -0.021521750      -0.007289444      -0.005595648  Zr
  1     6      -0.005894742       0.034448822       0.000314816  C
  2    40       0.220850968       0.173842252       0.037872540  Zr
  1     6       0.062794690      -0.213576516       0.005427955  C
  1     6      -0.008490754      -0.004637405       0.006213746  C
  2    40       0.017091663      -0.006858597      -0.006144337  Zr
  1     6       0.001019906      -0.011719958      -0.004513059  C
  2    40      -0.094239895       0.034996533      -0.007008013  Zr
  2    40       0.030928181      -0.015606817       0.002266916  Zr
  1     6      -0.008599359       0.009419450       0.006941079  C
  2    40      -0.021350047       0.000695639       0.014951878  Zr
  1     6      -0.005341426      -0.000012251       0.004389970  C
  1     6      -0.009196819       0.007978647       0.000408862  C
  2    40      -0.024265575      -0.020019556      -0.004895889  Zr
  1     6      -0.002073850       0.002254294      -0.001678434  C
  2    40       0.006403242      -0.010697660       0.004799395  Zr
  1     6       0.004055170       0.005177308      -0.011287366  C
  2    40      -0.014461779      -0.026241230      -0.001834433  Zr
  1     6       0.025779130      -0.000960629      -0.000591275  C
  2    40      -0.005163767      -0.011747032       0.015114136  Zr
  2    40       0.028720006      -0.018456839       0.007524065  Zr
  1     6      -0.018157939      -0.003698861       0.006986513  C
  2    40       0.000038779       0.014360100       0.000431685  Zr
  1     6      -0.009760936       0.004433849       0.000190616  C
  1     6      -0.030138206      -0.000811010       0.001570844  C
  2    40       0.008264323       0.007626905      -0.008865752  Zr
  1     6       0.005952528       0.000321785      -0.005588134  C
  2    40       0.027843517      -0.010047790      -0.020285882  Zr
  2    40      -0.002040848      -0.008590950       0.002746531  Zr
  1     6       0.015338437       0.011897422      -0.002686981  C
  2    40      -0.015805063      -0.012312927      -0.018793912  Zr
  1     6      -0.006822570       0.018511485      -0.004512940  C
  2    40      -0.001804355      -0.016923006       0.009458134  Zr
  1     6       0.009250393      -0.000215470      -0.001038227  C
  2    40      -0.021820837       0.007886059       0.007292223  Zr
  1     6      -0.094228930       0.016977028       0.000533267  C
  1     6      -0.022556549      -0.020791652      -0.005587598  C
  2    40       0.006488774       0.024425025       0.009033580  Zr
  1     6      -0.014113040       0.001108556      -0.004734564  C
  2    40      -0.094990401       0.008879808      -0.013747342  Zr
  2    40       0.026324718       0.026250135       0.000968886  Zr
  1     6       0.007318911      -0.019621855       0.003542730  C
  2    40       0.000786803       0.014318926       0.007461181  Zr
  1     6      -0.003640017      -0.013895751      -0.018508223  C
  1     6      -0.008906965      -0.009250741       0.003895303  C
  2    40      -0.027884306       0.020410787       0.011676711  Zr
  1     6       0.014003694      -0.015418095      -0.001929597  C
  2    40      -0.020207922       0.019888393       0.028729516  Zr
