1178191652
5.5571059519151351224763857317157089710235595703125
5.4284420845671466082649203599430620670318603515625
2.927376673658333761096628222730942070484161376953125
1.05899898572155937159777749911881983280181884765625
6.0106412452763748888173722662031650543212890625
3.289206773386531335034987932885996997356414794921875
4.23297288412003780422310228459537029266357421875
3.003313725787094323749215618590824306011199951171875
0.60991658384953695293262398990918882191181182861328125
1.2796790981960664002059502308839000761508941650390625
2.241472763037358095772333399509079754352569580078125
3.594973785442906244469440935063175857067108154296875
0.234994523026044010993729216352221556007862091064453125
1.3503218732062325369014388343202881515026092529296875
2.5291442567378670247535410453565418720245361328125
4.806648888074203540554663049988448619842529296875
3.83952410691127088426810587407089769840240478515625
0.6371109025950867366105967448675073683261871337890625
3.44281110011359192668578543816693127155303955078125
0.0192996169677338673398292456795388716273009777069091796875
2.907733311903910600193512436817400157451629638671875
3.297600025942079238205906221992336213588714599609375
4.48657402519095516169045367860235273838043212890625
0.325430518192735440674567826135898940265178680419921875
4.445846941800599694261109107173979282379150390625
6.153410047936272775359611841849982738494873046875
3.80718934273472964235907056718133389949798583984375
3.443572859111967421341660156031139194965362548828125
1.9891677439771047186667374262469820678234100341796875
6.094365190898091810822734260000288486480712890625
5.0554995888962910299824216053821146488189697265625
0.038191603516300541565353654505088343285024166107177734375
2.286549145761972656742955223307944834232330322265625
3.0955538763771652810419254819862544536590576171875
2.371412397353869661031922078109346330165863037109375
2.616441991265530564447772121638990938663482666015625
0.1401745836991636628976465317464317195117473602294921875
6.136666605281728692489195964299142360687255859375
5.9317704660109473735474239219911396503448486328125
3.4400539179306104387023879098705947399139404296875
1.784021439863265445779916262836195528507232666015625
4.49856651264950446744705914170481264591217041015625
0.492291893394388557769758563154027797281742095947265625
3.350209348358768490783177185221575200557708740234375
0.1696635011538351889281983631008188240230083465576171875
0.7165863351606283071504321924294345080852508544921875
1.4960327123774821433954684835043735802173614501953125
1.5538161858576862162095721942023374140262603759765625
1.4300804477141522141891982755623757839202880859375
3.228756806940854762189019311335869133472442626953125
1.4810382526539134229182081980980001389980316162109375
2.797453251399965257206758906249888241291046142578125
5.476055512488159138229093514382839202880859375
6.24796144816903176177902423660270869731903076171875
2.829846380156157525931348573067225515842437744140625
2.93588748045897940386339541873894631862640380859375
0.43192342611485246006708393906592391431331634521484375
3.921893302617417642608188543817959725856781005859375
2.810222761944119351795734473853372037410736083984375
3.405674956880734072228733566589653491973876953125
4.1503065843813740087853147997520864009857177734375
1.9218640531480797317698261394980363547801971435546875
4.87703923071829148483402605052106082439422607421875
3.145735857824146108896457008086144924163818359375
1.8418649983147805659911000475403852760791778564453125
3.825427220574628695004548717406578361988067626953125
5.93650616004554887439326193998567759990692138671875
4.9441160931734433603423894965089857578277587890625
2.99062972865628839969076580018736422061920166015625
3.970831742255304330768694853759370744228363037109375
2.030537001590444479148800382972694933414459228515625
4.15115862590603246218279309687204658985137939453125
1.774802612896931197639105448615737259387969970703125
3.386675747214538123586180518032051622867584228515625
2.778783973647963367881175145157612860202789306640625
1.2817263379390044786276803279179148375988006591796875
4.6314266932107983620880986563861370086669921875
0.00905925478819201435154440105179673992097377777099609375
0.396085330092849741134841679013334214687347412109375
3.249214999435696693552699798601679503917694091796875
3.24610247445150168488225972396321594715118408203125
5.5608535823021600918991680373437702655792236328125
1.1311520890590831545097216803696937859058380126953125
1.7456143982532494884907237064908258616924285888671875
2.847491310966405730908945770352147519588470458984375
3.659072623601980378538200966431759297847747802734375
0.056794760297000722315541310081243864260613918304443359375
1.05730343733631126923455667565576732158660888671875
3.316912575105625204940906769479624927043914794921875
0.1334374480349818925528637691968469880521297454833984375
4.95314458572028559757427501608617603778839111328125
0.458416506782924948470991921567474491894245147705078125
4.6187541799869062941752417827956378459930419921875
0.24348129408266394602122772994334809482097625732421875
3.6222708741834548362703571910969913005828857421875
0.96960453556155012933004400110803544521331787109375
4.28415321352868527782220553490333259105682373046875
3.484611377280334654216176204499788582324981689453125
4.46905719041347726516733018797822296619415283203125
3.253901820303139569290351573727093636989593505859375
4.663486613116301526815732358954846858978271484375
5.91139151101089677098343599936924874782562255859375
2.156835090487295492067687519011087715625762939453125
0.26869344953306961709671440985403023660182952880859375
5.12948882997222010970972405630163848400115966796875
5.28625891727234442640792622114531695842742919921875
1.81729468646787406527209896012209355831146240234375
0.81764878584608047251691687051788903772830963134765625
6.21215118562638668464614966069348156452178955078125
5.1677030736087008477852577925659716129302978515625
4.55382637637294163113210743176750838756561279296875
4.13642480259312517176795154227875173091888427734375
0.1013951241081245402408939071392524056136608123779296875
1.6869142895635587109381958725862205028533935546875
0.2848913495553710983898554331972263753414154052734375
5.603815515901484189953407621942460536956787109375
5.5706052508459809047280941740609705448150634765625
3.385474036084973992188906777300871908664703369140625
5.91753137233375259285139691201038658618927001953125
0.6348174069261960372756448123254813253879547119140625
4.0562983861119317197108102845959365367889404296875
2.28009771214680601048030439415015280246734619140625
5.38256644532797423607917153276503086090087890625
6.02645663610875015336887372541241347789764404296875
4.158876583773302826330109382979571819305419921875
2.57958378198669269210085985832847654819488525390625
4.7650967130360282197898413869552314281463623046875
4.984311947122034069934670696966350078582763671875
1.770674158601604819551766922813840210437774658203125
3.153758854591590665705780338612385094165802001953125
5.3288570436264546259508279035799205303192138671875
0.72075816790281177492971664833021350204944610595703125
1.4232254915537823070081913101603277027606964111328125
6.0605320328798750750820545363239943981170654296875
1.477214389605828959162181490682996809482574462890625
5.8214064661935065458919780212454497814178466796875
0.050055158152938990234748217744709108956158161163330078125
5.12392054537172914052689520758576691150665283203125
4.91606537633319806701592824538238346576690673828125
4.46096862858359965997578910901211202144622802734375
3.494980982420420101419722413993440568447113037109375
5.22127431732690805432639535865746438503265380859375
1.1901903892984375676888930684071965515613555908203125
0.56019893260060105166786570407566614449024200439453125
4.31044189528286114665434070047922432422637939453125
5.0164300560570183051822823472321033477783203125
6.18834685475942958277073557837866246700286865234375
1.689205324604241553743122494779527187347412109375
3.560235130873451669941687214304693043231964111328125
2.3859586102007455110651790164411067962646484375
1.8787161943643513328794369954266585409641265869140625
4.2877769961970404466455875081010162830352783203125
3.742498648882891298939057378447614610195159912109375
1.078207655998202785241346646216697990894317626953125
1.712518817197575149435806451947428286075592041015625
5.16713538239675340690837401780299842357635498046875
0.0133580922262590828797357289658975787460803985595703125
0.90120689214860683069474589501623995602130889892578125
1.7444400553950936139102623201324604451656341552734375
4.1644130323505752500068410881794989109039306640625
5.17536361194139971075856010429561138153076171875
3.127810283735597440823994475067593157291412353515625
2.351660712367422689794693724252283573150634765625
0.1257269100882040524513882928658858872950077056884765625
0.0003823658239553523138266888370395690799341537058353424072265625
4.66616006079431855368966353125870227813720703125
4.43586529375736571267907493165694177150726318359375
3.807869915631433510583292445517145097255706787109375
5.7992639956342912910258746705949306488037109375
4.2705573649305090810912588494829833507537841796875
4.142068559137275229886654415167868137359619140625
0.152912006598188432437979145106510259211063385009765625
0.9765465411992499955573521219776012003421783447265625
5.358975135814066703687785775400698184967041015625
2.5155247264218392189150108606554567813873291015625
2.4926832472722981748347592656500637531280517578125
6.13786065657223556257804375491105020046234130859375
0.205042902138230453967793209812953136861324310302734375
4.1543238422735697668031207285821437835693359375
1.8350466063288590756741314180544577538967132568359375
2.842455332515383847891143886954523622989654541015625
6.03380476828583223181112771271727979183197021484375
2.88877312118869866708337212912738323211669921875
2.890313963061333257797969054081477224826812744140625
2.161381655546901203734933005762286484241485595703125
3.633449323803183528269755697692744433879852294921875
4.03219347531910354831552467658184468746185302734375
4.1756915631218749496156306122429668903350830078125
4.84048023207400301970437794807367026805877685546875
1.4465413131126962920092182685039006173610687255859375
0.20849896417474689247484320731018669903278350830078125
2.48052269685908033380883352947421371936798095703125
0.56944353579051953939682562122470699250698089599609375
0.8144326567717048437344828926143236458301544189453125
0.91897508311969000605046176133328117430210113525390625
0.9260859200386730716303418375900946557521820068359375
0.1928358572501856216252491549312253482639789581298828125
0.0202656732966497894754542841155853238888084888458251953125
0.1874952871294204570506991558431764133274555206298828125
0.9153151865654229890623128085280768573284149169921875
0.70475694756245099714675461655133403837680816650390625
0.168213953342388367051540853935875929892063140869140625
0.350471873465213856757571875277790240943431854248046875
0.483741654774053786436383006730466149747371673583984375
0.765082403908056374319812675821594893932342529296875
0.3266148023896919827535612057545222342014312744140625
0.041635705643163857525568261053194873966276645660400390625
0.286966692789907884542088822854566387832164764404296875
0.62896532268680882538092191680334508419036865234375
0.076985709870693141976261131276260130107402801513671875
0.269944273061093087395789780202903784811496734619140625
0.50456367177169936244496284416527487337589263916015625
0.5265651473433548002134330090484581887722015380859375
0.13647868956275222007690217651543207466602325439453125
0.002821570263626785139698949222974988515488803386688232421875
0.81113167377707162675193330869660712778568267822265625
0.255461129944520581869227271454292349517345428466796875
0.06431998827695846465690721061037038452923297882080078125
0.55150347554660561488759640269563533365726470947265625
0.643333543857249168240741710178554058074951171875
0.76297204464812395929840249664266593754291534423828125
0.71911169016692400024481912623741663992404937744140625
0.73495027736525531114608611460425890982151031494140625
0.415686991724971199868576832159305922687053680419921875
0.1074777320527833535113160223772865720093250274658203125
0.91185600539290156962834998921607621014118194580078125
0.495744331039369268143701674489420838654041290283203125
0.84020213589081638172473276426899246871471405029296875
0.94124902176728897362778525348403491079807281494140625
0.73636991238983806606910320624592714011669158935546875
0.028474701116082586083155803180488874204456806182861328125
0.6516491098569934248274648780352436006069183349609375
0.52684721282070834380562018850469030439853668212890625
0.889868834935998886948027575272135436534881591796875
0.26403074071930288102549866380286403000354766845703125
0.394936567821976058922928132233209908008575439453125
0.50315072457452802989763540608691982924938201904296875
0.83161053565871456694225116734742186963558197021484375
0.12012664001440938321696449975206633098423480987548828125
0.60201660152618619026299029428628273308277130126953125
0.739970228513688876859077936387620866298675537109375
0.60502637811239179388422826377791352570056915283203125
0.93029228315236622837147706377436406910419464111328125
0.258024037470120981563326267860247753560543060302734375
0.4219093389911154901028567110188305377960205078125
0.815611896019248217015729096601717174053192138671875
0.54189553556120750865687796249403618276119232177734375
0.73431987116780128577175901227747090160846710205078125
0.1832301030788710816121778179876855574548244476318359375
0.147093436749229866666865973456879146397113800048828125
0.1573910844313870516231190777034498751163482666015625
0.4742636291656008307171532578649930655956268310546875
0.6560782620944447529609533376060426235198974609375
0.89864281094569842256447600448154844343662261962890625
0.5531716912766786453659051403519697487354278564453125
0.0038092741760468455843036128527501205098815262317657470703125
0.01453201799398847783584276527335532591678202152252197265625
0.52885647887776443543117466106195934116840362548828125
0.054064165825985451008239834891355712898075580596923828125
0.8163656051346872555285472117247991263866424560546875
0.78127446574218317731919114521588198840618133544921875
0.92635754492429900341932125229504890739917755126953125
0.099238506098854595283142998596304096281528472900390625
0.39191274968530642741626479619299061596393585205078125
0.28486612126457788729538833649712614715099334716796875
0.72972945344156092684073655618703924119472503662109375
0.08103619054008097399854904097082908265292644500732421875
0.10279901470188006207262532143431599251925945281982421875
0.5098672469658158679095549814519472420215606689453125
0.51331935427771846480737849560682661831378936767578125
0.50210123718814048121572568561532534658908843994140625
0.35618085756720085921500640324666164815425872802734375
0.125964280742203948992852247101836837828159332275390625
0.461457555862822388359489877984742633998394012451171875
0.671917852327189368821791504160501062870025634765625
0.6560019513852903827455520513467490673065185546875
0.90980066122012248630568365115323103964328765869140625
0.776362319372763121094749294570647180080413818359375
0.2430369114703670729848994369604042731225490570068359375
0.2915077764967026752174206194467842578887939453125
0.70728125502694461079755683385883457958698272705078125
0.97016023889657121426211006109951995313167572021484375
0.225230312079764127819458963131182827055454254150390625
0.52543189773588994118114214870729483664035797119140625
0.0744010783147071863563581928247003816068172454833984375
0.79813649775373585182336455545737408101558685302734375
0.55587988046737379921324873066623695194721221923828125
0.09313557021931538615344692288999794982373714447021484375
0.039354691300240669804555437849558074958622455596923828125
0.861872608243428484087189644924364984035491943359375
0.83241628661398603394871997807058505713939666748046875
0.1644648612311412072539695827799732796847820281982421875
0.10023405500698558123762182958671473897993564605712890625
0.75125611468742425902433978990302421152591705322265625
0.10910224873065121897752760560251772403717041015625
0.87117399967795894344391172126051969826221466064453125
0.06400112019106797556222687717308872379362583160400390625
0.604700948858960085630087633035145699977874755859375
0.91429349124165881779191522582550533115863800048828125
0.024328991782073393357332946607129997573792934417724609375
0.1688840981427971732475867838729755021631717681884765625
0.5651968845935524399237692705355584621429443359375
0.976782844391084648094647491234354674816131591796875
0.4066081398197487484225121079361997544765472412109375
0.212925580429344230015686889601056464016437530517578125
0.72741007931875534264776206327951513230800628662109375
0.78635530769189598832014098661602474749088287353515625
0.78755881394611615409218075001263059675693511962890625
0.8327021211538008227392992921522818505764007568359375
0.22986032917623422378028408274985849857330322265625
0.5815788188863446617204999711248092353343963623046875
0.7581878736420477604696088747004978358745574951171875
0.942368566497400639292436608229763805866241455078125
0.93481137227956734303546681985608302056789398193359375
0.49302166863019658560318703166558407247066497802734375
0.84535662636410291437272235270938836038112640380859375
0.78160585313178876365469704978750087320804595947265625
0.386669744917503444003870072265272028744220733642578125
0.06888596483920046698035122290093568153679370880126953125
0.7745262327485373798907630771282128989696502685546875
0.061758632800429424936083933062036521732807159423828125
0.32715341184621371528606914580450393259525299072265625
0.393811251685866725580353886471129953861236572265625
0.73470330272554573713961190151167102158069610595703125
0.653527153960208995187031177920289337635040283203125
0.1683177422584582749731652029367978684604167938232421875
0.0655979598246505257730376570179942063987255096435546875
0.88068591192396628031247018952853977680206298828125
0.2893944374701913346825676853768527507781982421875
0.86462858312978807528992319930694065988063812255859375
0.7746376473338518753308790110168047249317169189453125
0.44432187240772036407321365913958288729190826416015625
0.12053871905456237101361693930812180042266845703125
0.31463219705719136509713962368550710380077362060546875
0.62426950252813728781120516941882669925689697265625
0.471236229162307562745581890339963138103485107421875
0.59109474094169900393325178811210207641124725341796875
0.5341420753552308386957747643464244902133941650390625
0.91310186680085114740990093196160160005092620849609375
0.21141936500157199052551959539414383471012115478515625
0.2334090095168952772031190079360385425388813018798828125
0.801734992676291113866682280786335468292236328125
0.30624272269487506914487084941356442868709564208984375
0.306973495663596995797206545830704271793365478515625
0.497918187872468553933913426590152084827423095703125
0.378053266265454379624344483090681023895740509033203125
0.88158728782161477344203603934147395193576812744140625
0.828799335206299669920326778083108365535736083984375
0.65336675599839855177464187363511882722377777099609375
0.1915506907699399963274089486731099896132946014404296875
0.23258996113789731641219304947298951447010040283203125
0.96366439338944120951424565646448172628879547119140625
0.461176560940768809349066259528626687824726104736328125
0.80859069470716204985905051216832362115383148193359375
0.76665184635978744775997029137215577065944671630859375
0.940907447571357469229269554489292204380035400390625
0.39974716650310304633109126370982266962528228759765625
0.299067824752567268387082322078640572726726531982421875
0.42506334391658351368192825248115696012973785400390625
0.301627048897383287506812621359131298959255218505859375
0.77764339920954939078256984430481679737567901611328125
0.1955373669953725246362097323071793653070926666259765625
0.50205545383601235531756401542224921286106109619140625
0.66135669297601873406478034667088650166988372802734375
0.16776823399950202553299050123314373195171356201171875
0.43305846789528545937031367429881356656551361083984375
0.51569430367820634497633136561489664018154144287109375
0.22404289721699566229062838829122483730316162109375
0.89452932956373754080914295627735555171966552734375
0.35114929142927253646888630100875161588191986083984375
0.052643650701569233429921723654842935502529144287109375
0.6612420308688851111611484157037921249866485595703125
0.03469917785129471299310210952171473763883113861083984375
0.1583807059369891356848114583044662140309810638427734375
0.56635117603761664373251960569177754223346710205078125
0.38274405402259159547639910670113749802112579345703125
0.1396880699972100903227811841134098358452320098876953125
0.003225260881346306458816730611260936711914837360382080078125
0.602618122753975082872557322843931615352630615234375
0.79716573320197203766923621515161357820034027099609375
0.517489337603323829029022817849181592464447021484375
0.170744551890876394839580143525381572544574737548828125
0.62694706191632298963867242491687647998332977294921875
0.0100545049691826600402055902350184624083340167999267578125
