              -3390.1377828338
         -0.000165447      -0.000003642      -0.000011713
         -0.000003642      -0.000193757      -0.000011524
         -0.000011713      -0.000011524      -0.000083636
          64
  1     6       0.003971069      -0.010854707       0.012310840  C
  1     6       0.003472705       0.000615082       0.011266939  C
  2    40       0.019897246      -0.027370176      -0.023765217  Zr
  1     6      -0.028842529       0.030087158      -0.004739701  C
  2    40       0.021601715      -0.028676956      -0.036067947  Zr
  2    40      -0.015073383      -0.025135724       0.020909137  Zr
  1     6      -0.011158646      -0.002245723      -0.002765742  C
  2    40      -0.081560831       0.060081589      -0.013551875  Zr
  1     6      -0.035601567       0.032444619       0.047645704  C
  1     6       0.004675569      -0.003289438      -0.002966178  C
  2    40      -0.017388116      -0.023666824       0.016922376  Zr
  1     6      -0.030943332       0.004599278       0.001429556  C
  2    40       0.011294637      -0.036307400      -0.020711117  Zr
  2    40      -0.043073055       0.003531496       0.022012169  Zr
  1     6       0.000486040      -0.019682452      -0.018609634  C
  2    40      -0.024614311       0.009552812       0.043795527  Zr
  2    40      -0.012312402      -0.073361419      -0.003074749  Zr
  1     6       0.015992266       0.002501230      -0.011994143  C
  2    40      -0.042881446       0.010386155       0.017534866  Zr
  1     6      -0.021043517       0.093573436      -0.017119490  C
  1     6      -0.007723038      -0.014973098      -0.010087287  C
  2    40       0.024748066       0.003431609      -0.001642060  Zr
  1     6      -0.002290815       0.061312030      -0.038189069  C
  2    40       0.089627710      -0.087243255      -0.019468888  Zr
  2    40      -0.001766303       0.011206192       0.002584089  Zr
  1     6       0.022111848       0.029224735      -0.005906630  C
  2    40       0.011517915      -0.000239436      -0.012144210  Zr
  1     6      -0.008679117      -0.016627639       0.022330220  C
  1     6       0.022171027      -0.005192918      -0.015539128  C
  2    40       0.005542667       0.018483107       0.018308972  Zr
  1     6      -0.003270642       0.013927793      -0.000627540  C
  2    40       0.002811403      -0.032750557      -0.005070058  Zr
  1     6      -0.012191290      -0.008640074       0.004647056  C
  2    40       0.011820605       0.035942212      -0.024516052  Zr
  1     6       0.024724969       0.003238217       0.006010176  C
  2    40       0.032597558      -0.001037454      -0.021817241  Zr
  2    40      -0.014144375       0.012975173       0.006617597  Zr
  1     6      -0.000501523      -0.022940021       0.000443703  C
  2    40      -0.022929664      -0.007479295       0.006716825  Zr
  1     6       0.011900087      -0.023438066      -0.019018006  C
  1     6       0.006397732       0.000714272      -0.002151714  C
  2    40       0.014451366      -0.030827946      -0.018992029  Zr
  1     6       0.010175396       0.020683396       0.011370718  C
  2    40       0.007966808       0.001579683      -0.016450122  Zr
  2    40      -0.046392806      -0.003776764       0.040511334  Zr
  1     6       0.002725278      -0.022915895       0.004896333  C
  2    40       0.004721930       0.016891049       0.019262659  Zr
  1     6      -0.013290657       0.006358095      -0.002801919  C
  2    40      -0.009346423       0.011590329      -0.005738900  Zr
  1     6       0.017629860      -0.044732916       0.016855188  C
  2    40       0.011697799       0.018385129      -0.000609059  Zr
  1     6      -0.019539765       0.003618262      -0.001716679  C
  1     6      -0.000531735      -0.018058703       0.002437625  C
  2    40      -0.025045187       0.037882009      -0.019062143  Zr
  1     6       0.034564928      -0.020655551      -0.014406282  C
  2    40       0.021514675       0.006161187       0.042232699  Zr
  2    40      -0.012868729       0.026487446       0.031624797  Zr
  1     6       0.026672848      -0.003652809      -0.000264413  C
  2    40       0.005706964       0.013158010      -0.008476994  Zr
  1     6      -0.012934952       0.001783194      -0.000852165  C
  1     6       0.016093048       0.016797256       0.013268421  C
  2    40      -0.000533573      -0.051309339      -0.011574331  Zr
  1     6       0.004490788       0.019290128      -0.002008381  C
  2    40       0.053014947       0.029976208      -0.009691752  Zr
