              -3390.0806597643
         -0.000269609      -0.000004886      -0.000002753
         -0.000004886      -0.000337161      -0.000002331
         -0.000002753      -0.000002332      -0.000094466
          64
  1     6      -0.003124305      -0.029770589       0.007760110  C
  1     6      -0.007649768       0.020424769       0.019442994  C
  2    40      -0.048015430      -0.006344599       0.008478859  Zr
  1     6      -0.031344202      -0.016231310      -0.018765712  C
  2    40       0.042982970       0.058885108       0.013517859  Zr
  2    40      -0.024468849      -0.027140354      -0.008731535  Zr
  1     6       0.017484969       0.011325173       0.015919213  C
  2    40      -0.018859855      -0.025684938       0.032011860  Zr
  1     6      -0.011127970       0.035113985      -0.025355045  C
  1     6      -0.005256755      -0.002728215      -0.005078853  C
  2    40      -0.009358340      -0.006161932      -0.031151454  Zr
  1     6      -0.011784387      -0.004780881       0.001993556  C
  2    40      -0.005880280      -0.011779690       0.026324908  Zr
  2    40       0.004399197       0.016092234      -0.073773676  Zr
  1     6      -0.017693010      -0.016301156       0.002452557  C
  2    40       0.039311486       0.040272350       0.010715246  Zr
  2    40       0.035045308      -0.005895692      -0.010554270  Zr
  1     6       0.022313192       0.013406341       0.006036017  C
  2    40       0.063981535      -0.010077738      -0.008277249  Zr
  1     6      -0.028587492       0.029147887       0.000662636  C
  1     6       0.017664778      -0.007288162       0.008277305  C
  2    40      -0.030562780       0.010769732       0.001307832  Zr
  1     6      -0.023486874       0.156513334      -0.024971402  C
  2    40      -0.081247381      -0.247662180       0.018864206  Zr
  2    40       0.010120036      -0.022412353       0.003595039  Zr
  1     6       0.009957747       0.027516641       0.013401108  C
  2    40       0.010585946       0.000439374      -0.034606904  Zr
  1     6      -0.024392845       0.008020627       0.013803706  C
  1     6       0.011047628      -0.019429857      -0.016005698  C
  2    40       0.015403702      -0.046710562      -0.002740056  Zr
  1     6      -0.035552595      -0.003393170      -0.009944813  C
  2    40      -0.001497291       0.024106076      -0.015180882  Zr
  1     6      -0.012673783      -0.002408937      -0.000146349  C
  2    40      -0.070281980       0.015099803      -0.019370421  Zr
  1     6       0.011711661       0.003895071      -0.000125996  C
  2    40       0.009182361      -0.003007447       0.011065765  Zr
  2    40      -0.020273484      -0.019336325       0.013673895  Zr
  1     6       0.059712552      -0.012140657       0.007741053  C
  2    40       0.067332181       0.099192418       0.017495379  Zr
  1     6      -0.004705693      -0.020017828      -0.006382342  C
  1     6      -0.013948768      -0.010453235      -0.012822075  C
  2    40      -0.022735751       0.020588180       0.019158235  Zr
  1     6      -0.011280306       0.031054082       0.033190162  C
  2    40       0.038202841       0.027247962      -0.024572963  Zr
  2    40       0.001584252       0.054978514       0.018281039  Zr
  1     6      -0.016936595      -0.046665765      -0.013126563  C
  2    40       0.005694549      -0.006597973      -0.008849210  Zr
  1     6      -0.069861486      -0.017936898       0.002017688  C
  2    40       0.016983902       0.001892093       0.008133800  Zr
  1     6       0.022339450      -0.019715836       0.016194802  C
  2    40       0.019160870       0.004666266       0.003215629  Zr
  1     6      -0.018186032      -0.003589332       0.011918886  C
  1     6       0.012226284       0.022416959      -0.011672331  C
  2    40      -0.001131236      -0.055489907      -0.000589519  Zr
  1     6       0.016363391      -0.009160497      -0.022486973  C
  2    40       0.004030135       0.025788260       0.019932644  Zr
  2    40       0.000781712       0.005781719       0.030124966  Zr
  1     6       0.013177685      -0.028036053       0.001156098  C
  2    40       0.029995281       0.003667378      -0.012881086  Zr
  1     6      -0.021281090      -0.017694782       0.006364125  C
  1     6       0.014087467      -0.013327240      -0.013233580  C
  2    40       0.020999092       0.040261385       0.012119294  Zr
  1     6      -0.028048663      -0.037452195      -0.001268029  C
  2    40       0.067332637       0.023533994      -0.003245168  Zr
