              -3390.0469765814
         -0.000119070      -0.000021776      -0.000002330
         -0.000021776      -0.000388575      -0.000005097
         -0.000002330      -0.000005097      -0.000122742
          64
  1     6      -0.007587233      -0.012120246      -0.005232459  C
  1     6       0.007127367      -0.027039047       0.006739899  C
  2    40      -0.018980584       0.037031294       0.020385350  Zr
  1     6      -0.030455424      -0.009542713       0.028851416  C
  2    40       0.101787386       0.089381104       0.085175203  Zr
  2    40       0.005283499      -0.096152136      -0.023018743  Zr
  1     6      -0.003183202      -0.012344086      -0.003997483  C
  2    40      -0.022102428      -0.055922655      -0.075282742  Zr
  1     6       0.016258514       0.163906513       0.004053803  C
  1     6      -0.011061716      -0.000620227      -0.004654219  C
  2    40       0.011710859       0.003081280      -0.000188911  Zr
  1     6      -0.004930942      -0.005474238      -0.004493550  C
  2    40      -0.003495376      -0.002879384       0.018471045  Zr
  2    40       0.011306033      -0.003602987      -0.007802065  Zr
  1     6      -0.007648978      -0.000874992       0.004453668  C
  2    40      -0.004060636      -0.000985587       0.003921269  Zr
  2    40      -0.016579989      -0.017251964       0.007249636  Zr
  1     6       0.008271981      -0.008811533       0.002773867  C
  2    40      -0.007834192      -0.040730925      -0.069103034  Zr
  1     6       0.000347018       0.074220499       0.056223023  C
  1     6       0.011090751      -0.038587921      -0.013624053  C
  2    40       0.012295496       0.026697728       0.012485491  Zr
  1     6       0.016393531       0.318119616      -0.026105666  C
  2    40       0.021580645      -0.357055635      -0.050147869  Zr
  2    40       0.021309037       0.010813397       0.000593216  Zr
  1     6      -0.010726705      -0.006899969      -0.000293530  C
  2    40      -0.005328546       0.022706789       0.004723545  Zr
  1     6      -0.013127001       0.001504389      -0.014500084  C
  1     6       0.003670008      -0.010813007       0.010457765  C
  2    40       0.007982297       0.019452360       0.005665262  Zr
  1     6       0.004140128      -0.020834173       0.017657027  C
  2    40      -0.017336205      -0.001288201      -0.001246103  Zr
  1     6       0.000958806       0.003400725       0.003031686  C
  2    40       0.002174993      -0.008021918      -0.004187554  Zr
  1     6       0.009465587       0.000144270       0.002017477  C
  2    40      -0.013782151       0.004224232       0.006830378  Zr
  2    40      -0.004865539      -0.000862609      -0.015929304  Zr
  1     6      -0.006146199       0.001060362      -0.008666821  C
  2    40      -0.003164207       0.004005563       0.018264871  Zr
  1     6       0.005333991       0.010779719      -0.001518001  C
  1     6      -0.009961253       0.008619776       0.011531731  C
  2    40       0.014627061       0.000247403       0.015168013  Zr
  1     6       0.001157423      -0.001605079       0.007308269  C
  2    40      -0.008062874      -0.006269272       0.009231563  Zr
  2    40      -0.012052756      -0.025289511      -0.005319771  Zr
  1     6      -0.007710476       0.020135053      -0.007021477  C
  2    40      -0.000354508      -0.021849703      -0.002818566  Zr
  1     6       0.004174943       0.009650076      -0.006846424  C
  2    40      -0.024512591      -0.024458317      -0.002190705  Zr
  1     6      -0.002608508       0.000977966       0.009385848  C
  2    40      -0.004085290       0.001698409       0.019056501  Zr
  1     6      -0.020845645      -0.000624625       0.001347887  C
  1     6      -0.009427325      -0.009407915       0.005684763  C
  2    40       0.006378672       0.012051310      -0.014685533  Zr
  1     6       0.002137996      -0.006845379       0.005473779  C
  2    40      -0.026863126       0.004599517      -0.016929261  Zr
  2    40       0.008864007      -0.020340080      -0.013990348  Zr
  1     6      -0.007458435       0.006094602       0.012010568  C
  2    40       0.012678126      -0.001002180       0.004971534  Zr
  1     6      -0.002512997       0.007180427       0.005763624  C
  1     6       0.003012732       0.025404542       0.013035298  C
  2    40       0.007932771      -0.030274722      -0.008953158  Zr
  1     6       0.004826775       0.019378428      -0.013353533  C
  2    40       0.006661564      -0.018970391      -0.016806485  Zr
