1249792095
3.121709368217822078150902598281390964984893798828125
3.518933825804847703722089136135764420032501220703125
2.4821553982836856988569707027636468410491943359375
4.9933624126984117452821010374464094638824462890625
2.24714124582286700615441077388823032379150390625
6.2342819879510091851670949836261570453643798828125
2.113527352312627893837770898244343698024749755859375
1.9206168452662808476816280744969844818115234375
0.51585336523117064633225936631788499653339385986328125
1.8964975920246136542601789187756367027759552001953125
5.09971388862655761187170355697162449359893798828125
6.1236353728416990094274297007359564304351806640625
0.205565760762751181811580636349390260875225067138671875
4.13888167110132609849415530334226787090301513671875
5.5662252887488019581496700993739068508148193359375
3.508593040150903785701075321412645280361175537109375
4.48463758393743017194310596096329391002655029296875
0.1109306289508633913687418726112809963524341583251953125
3.641692413669668670905821272754110395908355712890625
4.86216882059608845878528882167302072048187255859375
1.1446973792084744747654667662573046982288360595703125
4.17417025998309387802009950974024832248687744140625
3.434217685254901564206875264062546193599700927734375
4.8281140334148489046128815971314907073974609375
0.303792967956565129750146070364280603826045989990234375
5.83389698655678756722409161739051342010498046875
1.5892963672684938813972621574066579341888427734375
4.09403713748542941175401210784912109375
5.027062895750272986106210737489163875579833984375
2.38461119535642129818597823032177984714508056640625
1.5584715042472316870458826087997294962406158447265625
0.43166693268818823181476318495697341859340667724609375
0.354360498537239776428720006151706911623477935791015625
0.443531467479939156550727830108371563255786895751953125
5.6468906032883268153454991988837718963623046875
3.601701271699443651641558972187340259552001953125
3.835780490771452111431472076219506561756134033203125
3.7666274169437397034698733477853238582611083984375
1.3042880340060751809261319067445583641529083251953125
4.936883926512425802002326236106455326080322265625
2.752982472872215424786190851591527462005615234375
0.7284025585457623019891570947947911918163299560546875
3.8787573695418640085108563653193414211273193359375
6.13714096817195464694805195904336869716644287109375
0.48898790169210892830875536674284376204013824462890625
0.64955254393953698599517565526184625923633575439453125
1.8485857961098639545838295816793106496334075927734375
1.80738319412400105790084126056171953678131103515625
1.6238170411926129421686937348567880690097808837890625
6.19899920977984830727791631943546235561370849609375
1.27342964675413128361469716764986515045166015625
1.4959250240519039731879047394613735377788543701171875
5.01020141023599219209927468909882009029388427734375
6.0960230135519370975316633121110498905181884765625
1.29092328842839609848169857286848127841949462890625
1.6393851462047079881045874572009779512882232666015625
2.95413195020773944321490489528514444828033447265625
2.102999301441320856298489161417819559574127197265625
0.9070421007816609204610358574427664279937744140625
3.17233897919006668786323643871583044528961181640625
4.19552183021581459598792207543738186359405517578125
3.44348940841311002003521934966556727886199951171875
4.903111002683164798554571461863815784454345703125
1.9638686209727815867864819665555842220783233642578125
1.2186019612152154678597071324475109577178955078125
1.2312650825050444058916809808579273521900177001953125
5.39719770930608522263582926825620234012603759765625
1.3180564454949295072339054968324489891529083251953125
1.706557247552591860539905610494315624237060546875
4.155517960858308157412466243840754032135009765625
5.880615796185391985773094347678124904632568359375
0.75820099728159939811433787326677702367305755615234375
1.8795055118134857963241302059032022953033447265625
3.10126646029106201041258827899582684040069580078125
4.8181552654103594335310845053754746913909912109375
4.18257761506891601044344497495330870151519775390625
3.812311662610731399780661377008073031902313232421875
2.491414121951850635383607368567027151584625244140625
0.3105690230933013662451003256137482821941375732421875
2.675980103318000846712720885989256203174591064453125
0.051779970751425007102763942157253040932118892669677734375
4.02120259520369938144312982331030070781707763671875
0.351249995305829287861598686504294164478778839111328125
3.290006193747914142733179687638767063617706298828125
0.1869678968196582247163206602635909803211688995361328125
5.05528778176524529186508516431786119937896728515625
0.6740566616692376111785733883152715861797332763671875
2.33596083647234475932918940088711678981781005859375
2.391503774843928287197059034951962530612945556640625
5.34010978900370592015178772271610796451568603515625
5.42764743624453416259711957536637783050537109375
3.656965532954623565586871336563490331172943115234375
4.58238382462881244094887733808718621730804443359375
5.38901116122332535240957440692000091075897216796875
4.320477097831105339764690143056213855743408203125
0.138938534956466075431791296068695373833179473876953125
5.6890511532902063862593422527424991130828857421875
3.538049445714204210844400222413241863250732421875
3.2162148708587938727987420861609280109405517578125
1.8149230885286204983941615864750929176807403564453125
1.7072091911425035792859716821112670004367828369140625
3.187581157757665817342740410822443664073944091796875
0.117329043489037110337136482485220767557621002197265625
4.9348280292203003938311667297966778278350830078125
4.6775839909934173732608542195521295070648193359375
3.435306558587252201419914854341186583042144775390625
0.9480693135191191611710337383556179702281951904296875
0.495634620241544754382090332001098431646823883056640625
0.6742811435225128935400107366149313747882843017578125
4.14022068879588100998034860822372138500213623046875
1.3832664460061947497848677812726236879825592041015625
3.083830007010312623805248222197405993938446044921875
2.156115050986675552024962598807178437709808349609375
0.54624814204076421741973490497912280261516571044921875
0.88356448633496176281454381751245819032192230224609375
2.492327386598085059432605703477747738361358642578125
2.94819680086324975576417273259721696376800537109375
4.972039533215042439451281097717583179473876953125
4.9202652385857614802944226539693772792816162109375
5.5743586656110881705217252601869404315948486328125
1.3322494718818396197690390181378461420536041259765625
0.85352475096545743493692270931205712258815765380859375
3.535566709888543268647254080860875546932220458984375
1.5275866264747259837264437010162509977817535400390625
0.95061985267187154580170727058430202305316925048828125
2.921420791838838848519799284986220300197601318359375
3.6637812360971171443679850199259817600250244140625
3.123018595048630885457896511070430278778076171875
0.06075964572199492319537483808744582347571849822998046875
4.9090409089292617039745891815982758998870849609375
6.0304379705846162806892607477493584156036376953125
3.535097815386094577405629024724476039409637451171875
0.514906236957260343700681914924643933773040771484375
5.76097531287431596780379550182260572910308837890625
5.8476343081106421095682890154421329498291015625
2.466650102196363381068522357963956892490386962890625
1.4954432939062358709492173147737048566341400146484375
3.17701726539344075916915244306437671184539794921875
4.66933422729465963385564464260824024677276611328125
2.957672557205835328630882941070012748241424560546875
4.08922590421293730145180234103463590145111083984375
1.6706550786445968359572589179151691496372222900390625
5.60115884789382523223366661113686859607696533203125
1.0065328244680100677754808202735148370265960693359375
2.179755110782622740117631110479123890399932861328125
0.323057328598612525372146819790941663086414337158203125
0.75057142307294577587839512489154003560543060302734375
4.622457246963431742869943263940513134002685546875
6.08210718966000740692834369838237762451171875
0.417463838499063377707187783016706816852092742919921875
2.869210632471479005545234031160362064838409423828125
0.260069371911458790957993869596975855529308319091796875
6.2042887967830839812677368172444403171539306640625
3.11247863017249404293806946952827274799346923828125
1.858505229173065931291830565896816551685333251953125
3.927206498192600481189629135769791901111602783203125
5.66605923934884003756451420485973358154296875
1.1343676707702201600369562584091909229755401611328125
4.108349950530424621319980360567569732666015625
4.3627659779326481981343022198416292667388916015625
1.773288925709665786456525893299840390682220458984375
1.9319275368286132898987261796719394624233245849609375
2.26079314759013083602212645928375422954559326171875
3.789338011738653921867125973221845924854278564453125
4.3714467377781200951858409098349511623382568359375
1.4230859291691146939484724498470313847064971923828125
0.8077304909331435300856583126005716621875762939453125
5.32212599662731467020648778998292982578277587890625
5.12024194131130894191983315977267920970916748046875
5.3192717059422971459525797399692237377166748046875
1.938385211252301676410070285783149302005767822265625
0.360107698018704736053763326708576641976833343505859375
2.277969178046257869851842770003713667392730712890625
0.02210663199213358520722749744891189038753509521484375
3.6353758640271554014589128200896084308624267578125
0.10805358403805657985241595042680273763835430145263671875
2.787510616456042367161671791109256446361541748046875
1.6493398385194322219859941469621844589710235595703125
2.311180601732878425735862037981860339641571044921875
0.8248334983704748157862240987014956772327423095703125
3.362294400495802637607312135514803230762481689453125
1.3569141068347609913047335794544778764247894287109375
3.9310747315459995121500469394959509372711181640625
4.89885887621933679980656961561180651187896728515625
2.547274124410211282310001479345373809337615966796875
3.463693237490010456980371600366197526454925537109375
0.61505287751902193438269250691519118845462799072265625
5.8069184862636546995418029837310314178466796875
5.31827630722347510783265533973462879657745361328125
2.996155881216125305144259982625953853130340576171875
3.930712428180569428803892151336185634136199951171875
1.795946358061615288903567488887347280979156494140625
0.77602352191508916501305748170125298202037811279296875
0.63492741139369435199313329576398245990276336669921875
0.4611277102777397995936325969523750245571136474609375
0.6650386609439917773300976477912627160549163818359375
0.36981077742288392951053310753195546567440032958984375
0.7271028439174884727691505759139545261859893798828125
0.78051772284345599661747883146745152771472930908203125
0.249855642323314974806436339349602349102497100830078125
0.07833465658050713098514705734487506560981273651123046875
0.29982020999296576935222446991247124969959259033203125
0.1826891913929438171493302434100769460201263427734375
0.79159142160396622767137841947260312736034393310546875
0.89698152611822890012405196102918125689029693603515625
0.09386147935588913526760990180264343507587909698486328125
0.93772871882548958222258761452394537627696990966796875
0.382727747029963760727611088441335596144199371337890625
0.11846563924032525727536580006926669739186763763427734375
0.10879954141974428061256929822775418870151042938232421875
0.81237346949631972226057996522285975515842437744140625
0.93723698749078299119474877443281002342700958251953125
0.766054998508680196067643919377587735652923583984375
0.51856257278405248900554624924552626907825469970703125
0.970015496001586097207791681285016238689422607421875
0.62867333396741809092844732731464318931102752685546875
0.07025518178486041265262684873960097320377826690673828125
0.85999482723884046464490893413312733173370361328125
0.9031003843541725029098188315401785075664520263671875
0.2856611801710264852971477012033574283123016357421875
0.310309725492405596991574157073046080768108367919921875
0.685974179620842505755717866122722625732421875
0.9379325858028291218460026357206515967845916748046875
0.96179068412715140734547958345501683652400970458984375
0.08635708414314179071080701532991952262818813323974609375
0.6359915745612194637459424484404735267162322998046875
0.8444284283762930609640307011432014405727386474609375
0.0809148000930039190681242189384647645056247711181640625
0.2375683925289513442891120575950480997562408447265625
0.1570561473057866808122895463384338654577732086181640625
0.3678955875187626123334894145955331623554229736328125
0.25593404064696934074873979625408537685871124267578125
0.714223025233588604265833055251277983188629150390625
0.69109514248142722703249773985589854419231414794921875
0.76751511626295521040219682618044316768646240234375
0.41740531866317864828630490592331625521183013916015625
0.356278982179369319016615236250800080597400665283203125
0.325863285607594643789042265780153684318065643310546875
0.1720814244691661609731880844265106134116649627685546875
0.350609792559691602065186089021153748035430908203125
0.35824419528164164194805607621674425899982452392578125
0.1571690622517694924109576959381229244172573089599609375
0.55982992870725223344408050252241082489490509033203125
0.81315604961158527430598041974008083343505859375
0.8375612352218297917971767674316652119159698486328125
0.004982209301079720646654447335777149419300258159637451171875
0.75594167819057667134785560847376473248004913330078125
0.6436075920442154707501458688057027757167816162109375
0.37684511783385887806474556782632134854793548583984375
0.0874881116149426041328496239657397381961345672607421875
0.3114590567124351228045497919083572924137115478515625
0.2221850758521748125939865303735132329165935516357421875
0.6082729285621424342167529175640083849430084228515625
0.96194960687400288268378290013060905039310455322265625
0.8357023311945155352731262610177509486675262451171875
0.038792862109277799487205840023307246156036853790283203125
0.29916076608894426325235826880089007318019866943359375
0.396619149202769250006639367711613886058330535888671875
0.43404578717148201150166642037220299243927001953125
0.65638901603240007442963133144075982272624969482421875
0.1799873952660650811008480332020553760230541229248046875
0.47706384466824303114407257453422062098979949951171875
0.9222874757471901663308244678773917257785797119140625
0.406093775949484536713640636662603355944156646728515625
0.455374171238101144165710820743697695434093475341796875
0.443492827212201790043621940640150569379329681396484375
0.99847531830820968057338404832989908754825592041015625
0.434571266842340708791425640811212360858917236328125
0.21372626452414611453178849842515774071216583251953125
0.3871025994359993394056118631851859390735626220703125
0.7090802722187155016086990144685842096805572509765625
0.2433751217291574564516309919781633652746677398681640625
0.62185738637198573197650830479688011109828948974609375
0.8672317335695176598875377749209292232990264892578125
0.84976946974628109199301206899690441787242889404296875
0.327510195005457027672690628605778329074382781982421875
0.184991974469736197850266989917145110666751861572265625
0.965685938468987981053714975132606923580169677734375
0.92524547685181979250756967303459532558917999267578125
0.406412042866652833961182977873249910771846771240234375
0.8653616019828997973917239505681209266185760498046875
0.1474528751091346567836382064342615194618701934814453125
0.51558277314323130990914023641380481421947479248046875
0.47058516623013890711746398665127344429492950439453125
0.97854501520215764198695751474588178098201751708984375
0.7787376333860389632235410317662172019481658935546875
0.283583227211415433988150880395551212131977081298828125
0.69586632572853301947901627499959431588649749755859375
0.6621070255814618388257031256216578185558319091796875
0.96134378666120756662394342129118740558624267578125
0.08671880750298444073820292032905854284763336181640625
0.54163336034008924269045337496208958327770233154296875
0.093428020874703310294506763966637663543224334716796875
0.378990231723985715461822110228240489959716796875
0.87909901276188862073723839785088784992694854736328125
0.39929314488512146485987841515452601015567779541015625
0.63530714513515451624670049568521790206432342529296875
0.60829753410457521045628936917637474834918975830078125
0.1287701619457314594630048532053478993475437164306640625
0.8801989559457632505967694669379852712154388427734375
0.93657046600085236409682920566410757601261138916015625
0.7949404645687623283123457440524362027645111083984375
0.6810493435156761421467308537103235721588134765625
0.1255943058643463616785851399981766007840633392333984375
0.053904848198362088906865352555541903711855411529541015625
0.855032863959219735505712378653697669506072998046875
0.3757920732608959202281084799324162304401397705078125
0.4123344381397284763579591526649892330169677734375
0.9039855226427249146325948458979837596416473388671875
0.4878935918621223333246916809002868831157684326171875
0.57672694445435279675393758225254714488983154296875
0.52754514921807926786101461402722634375095367431640625
0.4339327572071611793802503598271869122982025146484375
0.362924007402231907359890783482114784419536590576171875
0.214725383191707253072166849960922263562679290771484375
0.670018096300781795804368812241591513156890869140625
0.90205955174847485267264346475712954998016357421875
0.371449541473504896149648857317515648901462554931640625
0.9557653502355167862702955972054041922092437744140625
0.9262652634299664011763297821744345128536224365234375
0.5839819393977438988230233007925562560558319091796875
0.1502938541352254464555926460889168083667755126953125
0.177964350757172484751578167561092413961887359619140625
0.428994107259900336881486282436526380479335784912109375
0.353952961673006882836745035092462785542011260986328125
0.86503440833884959193511576813762076199054718017578125
0.80407443586926652390189929064945317804813385009765625
0.1427139952512057607947326687281019985675811767578125
0.528422240413922050805695107555948197841644287109375
0.8007101122293203143698292478802613914012908935546875
0.74876096553577153880354444481781683862209320068359375
0.8944434727981889210468580131419003009796142578125
0.93568676893398483596087089608772657811641693115234375
0.23392941115141352437234445460489951074123382568359375
0.76293686160954499175801402088836766779422760009765625
0.90112231713771928642842112822108902037143707275390625
0.94149280197056606223071639760746620595455169677734375
0.30669281366592870963216910240589641034603118896484375
0.61404446308223736838982631525141187012195587158203125
0.2014070256619746868143039364440483041107654571533203125
0.65257461958219042941209409036673605442047119140625
0.8986773308826039308172539676888845860958099365234375
0.459020990626430591685647186750429682433605194091796875
0.69465624806222325826610131116467528045177459716796875
0.54702932878724730425545885736937634646892547607421875
0.73059085511164312265464104712009429931640625
0.9660945683559842844800868988386355340480804443359375
0.9466108111416040582497544164652936160564422607421875
0.890927341715864518079115441651083528995513916015625
0.7932334550624868807489065147819928824901580810546875
0.340734896874397452659621876591700129210948944091796875
0.0007830038670371304576622861759460647590458393096923828125
0.7457719425418283254458629016880877315998077392578125
0.401684850641379542768305555000551976263523101806640625
0.04316273799313359582630056365815107710659503936767578125
0.32781382991364871326567254072870127856731414794921875
0.6695333098385172210242899382137693464756011962890625
0.15238641256111973287801220067194662988185882568359375
0.267882486464400992876022655764245428144931793212890625
0.11599753150530044132349161145612015388906002044677734375
0.342409020449225331983456044326885603368282318115234375
0.1107021095746672234572116622075554914772510528564453125
0.47162271359545304694194101102766580879688262939453125
0.21028492469819493049243419591221027076244354248046875
0.237853142543627493754598845043801702558994293212890625
0.01641425817106582918381008084907080046832561492919921875
0.69787415149522669111092909588478505611419677734375
0.86081573779732722950797096927999518811702728271484375
0.324673079571068778914622043885174207389354705810546875
0.8034624991954595341070444192155264317989349365234375
0.8655924647420609741033104000962339341640472412109375
0.0635731746738651681827292350135394372045993804931640625
0.357767489439699548636752979291486553847789764404296875
0.663680075045526063348688694532029330730438232421875
0.06300224832398922114595762877797824330627918243408203125
0.4405617911557488941554083794471807777881622314453125
0.6262659927021088090981493223807774484157562255859375
0.71391485757842421122632003971375524997711181640625
0.608576821446687343808434889069758355617523193359375
0.460438761143218133753407528274692595005035400390625
0.927718162037300952960094946320168673992156982421875
0.425018003408339783977254455749061889946460723876953125
0.49405028135238693298703083200962282717227935791015625
0.06923840710392147046459143666652380488812923431396484375
