              -3390.0782558244
         -0.000157081      -0.000004365      -0.000010556
         -0.000004365      -0.000218756      -0.000012316
         -0.000010556      -0.000012316      -0.000127619
          64
  1     6       0.004816193      -0.012743473       0.012704246  C
  1     6       0.002669092      -0.011406023       0.005225073  C
  2    40       0.020503656      -0.018923402      -0.011097168  Zr
  1     6      -0.038288456       0.048116085      -0.005622568  C
  2    40       0.018221381      -0.037547547      -0.050541296  Zr
  2    40      -0.010586248      -0.033255694       0.025089681  Zr
  1     6      -0.004578129      -0.019784020      -0.003307857  C
  2    40      -0.119342600       0.095744554      -0.029913367  Zr
  1     6      -0.059898954       0.057785259       0.072198154  C
  1     6       0.004556301      -0.005210783      -0.011175562  C
  2    40      -0.007783806      -0.023314700       0.019159121  Zr
  1     6      -0.019970127       0.001123167       0.002067451  C
  2    40       0.002567103      -0.024098637      -0.034966950  Zr
  2    40      -0.033661344      -0.000764300       0.026492492  Zr
  1     6      -0.004435378      -0.015489669      -0.018296633  C
  2    40      -0.010725826       0.009883820       0.038302624  Zr
  2    40      -0.008314665      -0.098003336      -0.005541923  Zr
  1     6       0.011819217      -0.014702913      -0.005733423  C
  2    40      -0.069589337       0.034870511       0.033970500  Zr
  1     6      -0.030361317       0.147108550      -0.028594275  C
  1     6      -0.001211921      -0.025310727      -0.007019119  C
  2    40       0.017296435       0.010732014      -0.000893546  Zr
  1     6      -0.009310634       0.102007230      -0.063515472  C
  2    40       0.132582714      -0.150772548      -0.028786271  Zr
  2    40      -0.000363937       0.011334117       0.004927590  Zr
  1     6       0.011111688       0.019907102       0.000054989  C
  2    40       0.014045698       0.000607541      -0.013708136  Zr
  1     6      -0.002820359      -0.013406050       0.018264020  C
  1     6       0.017939216      -0.007430546      -0.007540377  C
  2    40       0.011035945       0.013982713       0.007216868  Zr
  1     6      -0.000494091       0.005650530       0.010967904  C
  2    40       0.002095666      -0.024194232       0.012188155  Zr
  1     6      -0.004761170      -0.011926811       0.005242957  C
  2    40       0.013890137       0.034581222      -0.024676523  Zr
  1     6       0.039101993      -0.004378447       0.008330950  C
  2    40       0.033390807      -0.005448012      -0.014015868  Zr
  2    40      -0.018541915       0.013973718       0.002970258  Zr
  1     6       0.000098358      -0.015986132       0.007030924  C
  2    40      -0.009965800      -0.008699891       0.001213441  Zr
  1     6       0.018744606      -0.021311129      -0.017290996  C
  1     6       0.003476253       0.006830820      -0.000296864  C
  2    40       0.018938687      -0.031032662      -0.023296360  Zr
  1     6       0.005555981       0.019142565       0.011125398  C
  2    40       0.001360236      -0.002925982      -0.010275545  Zr
  2    40      -0.034373560      -0.009128572       0.028074461  Zr
  1     6      -0.005638175      -0.011461554       0.008749225  C
  2    40       0.008161126       0.009257054       0.015348862  Zr
  1     6      -0.004013239       0.006725537      -0.000307235  C
  2    40      -0.012361098       0.008423301       0.000336614  Zr
  1     6       0.013038114      -0.035854569       0.010284294  C
  2    40       0.009829077       0.015687444      -0.003230250  Zr
  1     6      -0.009742658      -0.000496009      -0.001865314  C
  1     6      -0.000302350      -0.014575468      -0.000836021  C
  2    40      -0.009628368       0.020600066      -0.014016614  Zr
  1     6       0.033614331      -0.021076829      -0.006653759  C
  2    40       0.013852173       0.007836992       0.035050916  Zr
  2    40      -0.013086211       0.008140302       0.028160332  Zr
  1     6       0.015673845       0.006960340       0.002202297  C
  2    40       0.008198309       0.000761848      -0.001922037  Zr
  1     6      -0.009486435       0.007772219      -0.003113171  C
  1     6       0.010755553       0.021955663       0.004740498  C
  2    40       0.009542690      -0.048415782      -0.009338488  Zr
  1     6       0.001550226       0.020098533      -0.001984114  C
  2    40       0.032452821       0.013131351       0.000332139  Zr
