              -3390.1971762346
         -0.000088826      -0.000002529       0.000013344
         -0.000002529      -0.000090439       0.000005051
          0.000013344       0.000005051      -0.000097929
          64
  1     6      -0.002695570       0.003742414      -0.009758208  C
  1     6       0.000559109       0.020038534      -0.008329780  C
  2    40       0.001361362      -0.004980263      -0.015072941  Zr
  1     6      -0.048722177      -0.030876018       0.002363459  C
  2    40      -0.074051747      -0.076404205       0.023421905  Zr
  2    40      -0.012370970       0.021029194      -0.003330107  Zr
  1     6       0.002338600      -0.000441383      -0.008937333  C
  2    40       0.055698756       0.046418995      -0.041302738  Zr
  1     6      -0.022903785      -0.039803153       0.019637620  C
  1     6      -0.001821480       0.023191121      -0.007054494  C
  2    40      -0.034651480      -0.035712235       0.008413920  Zr
  1     6      -0.011852228      -0.013272609       0.000382689  C
  2    40      -0.009199328      -0.005293088      -0.024812156  Zr
  2    40       0.016607362       0.000071308       0.016086411  Zr
  1     6      -0.007298574       0.009971906       0.011879626  C
  2    40      -0.005934134       0.037055255       0.006967629  Zr
  2    40      -0.018403791      -0.010130532       0.023956613  Zr
  1     6       0.020272095       0.009011982       0.004843952  C
  2    40       0.047430356       0.131136997      -0.024698673  Zr
  1     6       0.026611957      -0.050337311       0.031796513  C
  1     6       0.004707184       0.007210950      -0.007267305  C
  2    40       0.004565598      -0.029989660       0.012473653  Zr
  1     6       0.007032608       0.020100468      -0.012196010  C
  2    40       0.038340332      -0.016209353      -0.053094667  Zr
  2    40       0.018119762       0.022532927      -0.005006083  Zr
  1     6       0.017486520       0.016771871       0.000745666  C
  2    40      -0.010589168       0.014236184       0.043296104  Zr
  1     6      -0.004359580      -0.006549693       0.006082944  C
  1     6      -0.025694752      -0.005772199      -0.005899248  C
  2    40       0.004477440      -0.000021738      -0.000587339  Zr
  1     6      -0.005249181       0.004093945       0.005607781  C
  2    40       0.006964450      -0.022595872       0.004248491  Zr
  1     6      -0.005424522      -0.008076239       0.003272711  C
  2    40      -0.013300532      -0.011519191       0.018566178  Zr
  1     6       0.007511444       0.004415235      -0.001788012  C
  2    40      -0.005676805      -0.025010139      -0.002937993  Zr
  2    40       0.030463296      -0.014752247      -0.016207834  Zr
  1     6       0.005502160      -0.000755947      -0.011670536  C
  2    40      -0.014350090       0.001361644      -0.005875812  Zr
  1     6      -0.008478450      -0.010021548       0.002319415  C
  1     6      -0.015405293       0.000019873       0.008673905  C
  2    40      -0.026414696      -0.012054832       0.001533589  Zr
  1     6      -0.006210675       0.004696651       0.000998986  C
  2    40      -0.017716785      -0.001478984       0.010475086  Zr
  2    40       0.034789798       0.022588600      -0.020957852  Zr
  1     6      -0.013081222       0.005775504       0.007320857  C
  2    40       0.011276064      -0.008483970       0.007488095  Zr
  1     6      -0.011069851      -0.002988072      -0.008343722  C
  2    40       0.022406972       0.007034477      -0.003580456  Zr
  1     6       0.001982894       0.009162568       0.006298745  C
  2    40      -0.007483868      -0.011089728       0.018823228  Zr
  1     6       0.008003516       0.010273177      -0.010731745  C
  1     6      -0.009550073       0.006825486       0.012390605  C
  2    40       0.005276267       0.010722604      -0.008706930  Zr
  1     6      -0.014535039      -0.009739828       0.000836533  C
  2    40      -0.004400757      -0.019502553       0.008156180  Zr
  2    40       0.006432348       0.005597420      -0.008821858  Zr
  1     6       0.009215931      -0.008733420       0.012448432  C
  2    40      -0.000914865       0.035162713       0.013146272  Zr
  1     6       0.007377964      -0.019441476       0.008428760  C
  1     6      -0.005510786      -0.004249560      -0.013050833  C
  2    40       0.016082957      -0.008783521      -0.023523483  Zr
  1     6       0.017505543      -0.004505217      -0.019076368  C
  2    40       0.018824036       0.018966390       0.018570400  Zr
