              -3390.1067293739
         -0.000149979      -0.000011829       0.000000838
         -0.000011829      -0.000138309      -0.000005228
          0.000000838      -0.000005228      -0.000180655
          64
  1     6       0.012038488      -0.000214823      -0.038629347  C
  1     6       0.010971692      -0.014509217      -0.013276991  C
  2    40      -0.019080286       0.029756912       0.026872454  Zr
  1     6      -0.041659754       0.002703153       0.055085954  C
  2    40       0.032557826       0.003372416       0.018513015  Zr
  2    40       0.003644591       0.012261921      -0.002831988  Zr
  1     6       0.008476520       0.002437486      -0.010785398  C
  2    40      -0.054009765      -0.072859240      -0.076011418  Zr
  1     6      -0.015217764       0.015915012       0.152216038  C
  1     6      -0.003660008      -0.002398344      -0.005930092  C
  2    40       0.016765798      -0.008311457       0.004971406  Zr
  1     6       0.006886581       0.011977158      -0.025684493  C
  2    40      -0.028300168      -0.001166567      -0.065748482  Zr
  2    40       0.003539681       0.008364192      -0.008602202  Zr
  1     6       0.004060183       0.009058080      -0.010187923  C
  2    40      -0.004331325      -0.011845102       0.006675199  Zr
  2    40      -0.010117526       0.003491466      -0.003508305  Zr
  1     6       0.019098995       0.009185157      -0.002550722  C
  2    40      -0.039319081      -0.088984595      -0.025160047  Zr
  1     6      -0.088512870       0.031829894       0.035449446  C
  1     6       0.021921922      -0.013812281      -0.013880613  C
  2    40       0.032439992       0.041602084      -0.025247990  Zr
  1     6      -0.111861459       0.013658141       0.044925255  C
  2    40      -0.038629615      -0.028226646       0.094142076  Zr
  2    40       0.019154050      -0.002157343      -0.005561780  Zr
  1     6      -0.014410468       0.007389320       0.004108733  C
  2    40       0.006475836       0.024317216      -0.024048650  Zr
  1     6       0.017319506      -0.005758975      -0.056505052  C
  1     6      -0.005816080       0.000809371      -0.002828651  C
  2    40       0.013944403       0.015053148       0.028508684  Zr
  1     6       0.010178899      -0.001131081      -0.005549406  C
  2    40       0.010137487      -0.002246476      -0.004714221  Zr
  1     6       0.010489870      -0.007181169       0.009945448  C
  2    40       0.007839434       0.015782433      -0.023919545  Zr
  1     6       0.040191660       0.001140319      -0.003051311  C
  2    40       0.030939386       0.005985821       0.000343746  Zr
  2    40      -0.005649850      -0.001999059      -0.021571873  Zr
  1     6      -0.000618354       0.000864423       0.015162181  C
  2    40       0.051595179       0.014753059       0.010482243  Zr
  1     6       0.035366201      -0.003133201      -0.018754968  C
  1     6      -0.013590478       0.011967595       0.023711968  C
  2    40       0.016303155      -0.021623551      -0.014554357  Zr
  1     6       0.007303776       0.009794407      -0.010662787  C
  2    40       0.011139618      -0.025523176      -0.009091779  Zr
  2    40      -0.008971364      -0.030609984      -0.029410226  Zr
  1     6      -0.004241473       0.022164099       0.024233922  C
  2    40      -0.009681062      -0.008129072       0.014637366  Zr
  1     6       0.007841736       0.015636728       0.005846685  C
  2    40      -0.012290490       0.002338313      -0.020345390  Zr
  1     6       0.009840676      -0.005592199      -0.009289587  C
  2    40      -0.004061055       0.012724344       0.011434919  Zr
  1     6       0.020767455       0.002293996      -0.009003224  C
  1     6       0.001314078       0.001963275       0.008416416  C
  2    40       0.000709481      -0.006048860       0.011208600  Zr
  1     6       0.027546987      -0.005517808      -0.012247782  C
  2    40       0.004896245       0.006973235      -0.005855510  Zr
  2    40       0.008430884      -0.013389780      -0.013118826  Zr
  1     6      -0.019790915       0.020768426       0.011363015  C
  2    40       0.009517713      -0.009296835      -0.000240574  Zr
  1     6      -0.004489083       0.018561491       0.005274143  C
  1     6      -0.013270086       0.002576345       0.013035355  C
  2    40       0.008171331      -0.021559102      -0.007845428  Zr
  1     6       0.006150534       0.003822723      -0.006532402  C
  2    40       0.003014497       0.000122592       0.009950475  Zr
