2053341956
2.606460940092871769735438647330738604068756103515625
4.95487970896538687526344801881350576877593994140625
3.63355917724751709130259769153781235218048095703125
3.9651317131043555264113820157945156097412109375
1.688109037203070261767834381316788494586944580078125
4.49916331007953740339644355117343366146087646484375
5.88717966090654698518846998922526836395263671875
0.1655796687857324644976841909738141112029552459716796875
3.801178124576006123191973529173992574214935302734375
3.211922991059106724520688658230938017368316650390625
4.74898195649978749344199968618340790271759033203125
2.622097816883826482126096379943192005157470703125
5.81201846738060101671408119727857410907745361328125
6.1253526367829014276367161073721945285797119140625
0.7420373353940019622854151748470030725002288818359375
6.160306340309862349613467813469469547271728515625
5.937052597983655033431205083616077899932861328125
4.1701882671940921909481403417885303497314453125
1.620273040224575300527476429124362766742706298828125
5.88285788491301264713229102198965847492218017578125
5.6606296657146941697646980173885822296142578125
0.5515257448191024369776869207271374762058258056640625
5.926819804942251579404910444281995296478271484375
2.000920304093308121906602536910213530063629150390625
4.35484403369437789166340735391713678836822509765625
4.030448960139938918700863723643124103546142578125
0.235903773425071516811613037134520709514617919921875
3.216906482935316002880199448554776608943939208984375
3.537179038715990930796806424041278660297393798828125
3.116283709352453801244564601802267134189605712890625
2.847811142894186797747124728630296885967254638671875
1.3445293525227024478141402141773141920566558837890625
1.54222019016005607028318991069681942462921142578125
5.78910491025734241787858991301618516445159912109375
1.083666997089405281684548754128627479076385498046875
0.18769000781227640484161156564368866384029388427734375
3.20442808431123093981796046136878430843353271484375
5.72573538649950375400976554374210536479949951171875
1.456321166236213660027942751185037195682525634765625
0.00968991292006481097498493681996478699147701263427734375
0.37312837989355396306478951373719610273838043212890625
2.34862058719892186076094731106422841548919677734375
4.40950035300960507811396382749080657958984375
0.373769094124296763492765194314415566623210906982421875
2.341415584000781535678470390848815441131591796875
5.9427104658355887067955336533486843109130859375
0.200272247287393734271887524300836957991123199462890625
1.40771986484697464447890524752438068389892578125
0.235586835149248996490456420360715128481388092041015625
4.9049856678320811198545925435610115528106689453125
0.01923166442299791001335762530288775451481342315673828125
1.780365195042753700960247442708350718021392822265625
5.831891431201572828513235435821115970611572265625
6.07172234091354567908638273365795612335205078125
2.66638566628339646058520884253084659576416015625
0.533007194442541187839879057719372212886810302734375
3.83836582689361449638454359956085681915283203125
3.64854619949557612557100583217106759548187255859375
2.163969548849864477091387016116641461849212646484375
3.628174968702978731016628444194793701171875
1.22918279417078668558360732276923954486846923828125
3.41142655974561481713180910446681082248687744140625
4.29175464997102107389537195558659732341766357421875
3.17194747890563011338826981955207884311676025390625
5.73278589677106964472841355018317699432373046875
5.84659531735892556980616063810884952545166015625
0.60323822238206792345494022811180911958217620849609375
2.692492012854132088506275977124460041522979736328125
2.566690488092263411346038992633111774921417236328125
1.15697164809558916687137752887792885303497314453125
2.279256001749616178386759202112443745136260986328125
1.9894048976267739714529625416616909205913543701171875
4.57160662710542897713139609550125896930694580078125
1.79911740562061339687716099433600902557373046875
3.37708109074222218026761765941046178340911865234375
4.957776008805939937928997096605598926544189453125
2.4318072059363231574025121517479419708251953125
6.03571892929702613628251128830015659332275390625
0.62197838729247101330344094094471074640750885009765625
4.9677180381017791432896046899259090423583984375
4.7182289549403666484295172267593443393707275390625
5.8235965481834437440511464956216514110565185546875
5.87490326493654624329110447433777153491973876953125
5.47341152798023866665744208148680627346038818359375
4.71393230895358072984890895895659923553466796875
1.1082993044786328962203469927771948277950286865234375
2.037176721539794232995745915104635059833526611328125
0.544439536420590730614321728353388607501983642578125
2.452469999227756769499819711199961602687835693359375
0.77798892167468125524720790053834207355976104736328125
1.4876640163647960601878139641485176980495452880859375
4.15262967780882430446354192099533975124359130859375
1.5385968961063396509558742764056660234928131103515625
4.359847775282627679871438886038959026336669921875
0.54645910945683251469517927034758031368255615234375
2.23215427038818692295762957655824720859527587890625
1.292323262993436916445944007136858999729156494140625
4.302969938793797410880870302207767963409423828125
4.0054687737575331851758164702914655208587646484375
3.0424496751071199440730197238735854625701904296875
3.840394042849862632493795899790711700916290283203125
3.14621878756263839704843121580779552459716796875
0.96526788169115962379152051653363741934299468994140625
6.203168810109044528644517413340508937835693359375
6.0342152718761052909712816472165286540985107421875
2.96410367088889525888362186378799378871917724609375
0.1505520622643462258505309137035510502755641937255859375
5.158165210542019707418148755095899105072021484375
4.73871135287773181943293820950202643871307373046875
3.849724244695332142640609163208864629268646240234375
6.27920819628321691396877213264815509319305419921875
4.26667322673176396818917055497877299785614013671875
1.571258727803476862305842587375082075595855712890625
2.172387381354963675761382546625100076198577880859375
5.7796540293737592719480744563043117523193359375
1.729757978420451536294422112405300140380859375
3.082400736047836264930310790077783167362213134765625
2.93124823076160634371944979648105800151824951171875
2.2834497928921546616720661404542624950408935546875
1.1822211957320758468625854220590554177761077880859375
3.54920417265437482257084411685355007648468017578125
3.2731737471574877673674563993699848651885986328125
4.97987291531868958571749317343346774578094482421875
5.388905193289406980738931451924145221710205078125
5.3829813405983184537717534112744033336639404296875
2.43738412760514844279668977833352982997894287109375
2.75413735014242178067433997057378292083740234375
0.38416508738067800532434148408356122672557830810546875
2.707329914010799587487099415739066898822784423828125
3.61893827950690916139819819363765418529510498046875
1.4882042222718887547472377264057286083698272705078125
5.54066141268234435557360484381206333637237548828125
3.9414877268362857876127236522734165191650390625
2.33508827313288502836030602338723838329315185546875
5.039956084314599848994475905783474445343017578125
1.976231978645027087537755505763925611972808837890625
1.3804490384117669155017438242794014513492584228515625
6.00573118896185942361398701905272901058197021484375
1.1143740805761856993427727502421475946903228759765625
3.512535619001040831932414221228100359439849853515625
1.78370991438433268427843358949758112430572509765625
5.59317435220436465215243515558540821075439453125
0.08760649509142860724697499108515330590307712554931640625
2.580058045398489152688625836162827908992767333984375
2.250706605394847681367309633060358464717864990234375
4.99873505248678728918321212404407560825347900390625
5.2645072828327581504481713636778295040130615234375
2.026330485986461926728452453971840441226959228515625
0.161750205687244352770193245305563323199748992919921875
2.86456192354581151704451258410699665546417236328125
1.5955429279843063028465621755458414554595947265625
1.2244959411191460585399681804119609296321868896484375
3.807014327993353486334626722964458167552947998046875
3.05312862012652885823627002537250518798828125
6.05849290648059923825030637090094387531280517578125
5.1355585268182064595521296723745763301849365234375
6.23239868280792297383641198393888771533966064453125
6.096864788317521544058763538487255573272705078125
4.139701712755940121724052005447447299957275390625
2.831756284075743312911299653933383524417877197265625
2.309548552769735696443831329816021025180816650390625
3.84613384289168802609992781071923673152923583984375
5.8035172017316600800995729514397680759429931640625
4.2136802423457009325602484750561416149139404296875
3.95069778799749560249665591982193291187286376953125
4.88378839449491319868457139818929135799407958984375
5.6358507680823510810341758769936859607696533203125
2.2390473823778744844048560480587184429168701171875
0.7721408598433914249881127034313976764678955078125
1.7978828987935704386558199985302053391933441162109375
5.5746549387061374858376439078710973262786865234375
2.106465984263085733374509800341911613941192626953125
5.09580369878267358529910779907368123531341552734375
5.56068819356173893453387790941633284091949462890625
4.31388300044494510387949048890732228755950927734375
3.059543123837727751634929518331773579120635986328125
3.6565652112741755530578302568756043910980224609375
1.63111678881717470090961796813644468784332275390625
0.2117706926817281842811979686302947811782360076904296875
2.858979214573067917370963186840526759624481201171875
0.3566685941285516747711881180293858051300048828125
3.4255238966610246365007697022520005702972412109375
1.2846813388303666148004822389339096844196319580078125
2.86901385536077047078151736059226095676422119140625
4.67356197861746647248537556151859462261199951171875
2.604270664997748507829555819625966250896453857421875
5.317152879766116058135594357736408710479736328125
3.205714630060154224366897324216552078723907470703125
0.3476968189156044442000847993767820298671722412109375
0.798906084235729618825416764593683183193206787109375
4.59247669540770164786636087228544056415557861328125
5.001826072575230597294648759998381137847900390625
0.9785347678598643739178442046977579593658447265625
0.130776023553114406627884136469219811260700225830078125
0.4888376595866110729815545710152946412563323974609375
0.41307573924450002866848308258340694010257720947265625
0.60614080336230846679512751506990753114223480224609375
0.56123268676979132241200431963079608976840972900390625
0.290932675959045372593436695751734077930450439453125
0.480565419644380653618753740374813787639141082763671875
0.57896408372510410611511133538442663848400115966796875
0.09320691744480603946332308851197012700140476226806640625
0.2078954732082297363060519046484841965138912200927734375
0.06306765976504780102374070338555611670017242431640625
0.5041738243327353874434493263834156095981597900390625
0.5334152358274046878960916728829033672809600830078125
0.96637650158553223267432485954486764967441558837890625
0.53293005355304579051534119571442715823650360107421875
0.7690368046839892723909315463970415294170379638671875
0.52321017371640088367001908409292809665203094482421875
0.2947763899782562813101094434387050569057464599609375
0.52654536232657045413674268274917267262935638427734375
0.6523499938903143391399908068706281483173370361328125
0.83789093784889712157593066876870580017566680908203125
0.11413087142358109560280610139670898206532001495361328125
0.54825895817403635934539352092542685568332672119140625
0.82964977893496383298810314954607747495174407958984375
0.448918908577840281015625123473000712692737579345703125
0.05878570492322822416131344880341202951967716217041015625
0.96255672115951629308483461500145494937896728515625
0.48686671978182471942631082129082642495632171630859375
0.6810584397432666303728865386801771819591522216796875
0.4764151626622374902098044913145713508129119873046875
0.39815448988143098407732622945331968367099761962890625
0.8776945699368112752125625775079242885112762451171875
0.5033264306855045333577436394989490509033203125
0.85765057655873266906354501770692877471446990966796875
0.0733881523243096467457036169435014016926288604736328125
0.1176498411771142171833304246320039965212345123291015625
0.453283239832745488140375300645246170461177825927734375
0.2297354476664845990274699261135538108646869659423828125
0.9248756677493805700152051940676756203174591064453125
0.64300807362562417690554639193578623235225677490234375
0.09693047781331952383876426893039024434983730316162109375
0.88578114513577010935563293969607912003993988037109375
0.26475330733915480863061020500026643276214599609375
0.55545915595975670076001051711500622332096099853515625
0.8258910853536292062671009261975996196269989013671875
0.1598002394474112575206703468211344443261623382568359375
0.277326285036898323443921299258363433182239532470703125
0.1454102383672307430284575957557535730302333831787109375
0.2099657688336287464370144562053610570728778839111328125
0.8105245087344778998073024922632612287998199462890625
0.51306138490934916074337479585665278136730194091796875
0.1946330117968064765676672323024831712245941162109375
0.1599550625122874436545572507384349592030048370361328125
0.967886822283215320084082122775726020336151123046875
0.4837536855990782758141222075209952890872955322265625
0.4586253061232274941261266576475463807582855224609375
0.312688673526369365074373263269080780446529388427734375
0.64017136238523353330975851349649019539356231689453125
0.71705431524526996867052730522118508815765380859375
0.52325372794794555719732898069196380674839019775390625
0.227504836035661794912954292158246971666812896728515625
0.76699097583395936528205538706970401108264923095703125
0.72054877724524069027012274091248400509357452392578125
0.2854838367949630306696917614317499101161956787109375
0.9154620291271535759136668275459669530391693115234375
0.2138684672368077743787040390088804997503757476806640625
0.024182694509710507546618174501418252475559711456298828125
0.394868037847274921947615666795172728598117828369140625
0.8328699384969053820526596609852276742458343505859375
0.268968487283665902420892734880908392369747161865234375
0.97364975557366839620243581521208398044109344482421875
0.8973077875083814713974561527720652520656585693359375
0.07200024420022975435440315550295053981244564056396484375
0.8637804099655619349817925467505119740962982177734375
0.73310966777294395146924443906755186617374420166015625
0.33199995957873762453260724214487709105014801025390625
0.07008810530886432077490866277003078721463680267333984375
0.465445624881165864739074322642409242689609527587890625
0.01139214914822585418552325364771604654379189014434814453125
0.72115142816731303554433907265774905681610107421875
0.84693780673990859408917231121449731290340423583984375
0.355377591380559632039393136437865905463695526123046875
0.34352137443773511638056561423582024872303009033203125
0.055258258271617004264708583605170133523643016815185546875
0.11300048842700220752544026936448062770068645477294921875
0.493014936564962813481116654656943865120410919189453125
0.051820538496515029802669261016490054316818714141845703125
0.372988672635047091574733713059686124324798583984375
0.92780187350129794676689698462723754346370697021484375
0.91287534260790581530642384677776135504245758056640625
0.623803220048455120405606066924519836902618408203125
0.62152604415152501449171040803776122629642486572265625
0.343866237133679086834803229066892527043819427490234375
0.484528207445763137162231259935651905834674835205078125
0.837901130243158487331811556941829621791839599609375
0.2821125640916231080979059697710908949375152587890625
0.140699531017197065896340291146771050989627838134765625
0.55595943776702483329898996089468710124492645263671875
0.3877357842343560623277198828873224556446075439453125
0.66061221838957262519897994934581220149993896484375
0.9354444415939247026159364395425654947757720947265625
0.5873865166620289013366118524572812020778656005859375
0.54394987856221843625093015361926518380641937255859375
0.111085762787184572086829348336323164403438568115234375
0.19714427096636233383009084718651138246059417724609375
0.1326632919407744470863264041327056474983692169189453125
0.268836406650411141594503305896068923175334930419921875
0.51483881637213702031630191413569264113903045654296875
0.84116100512499036856439715847955085337162017822265625
0.96796103006599520934827296514413319528102874755859375
0.205046659430976330185103506664745509624481201171875
0.363901071419893307190562836694880388677120208740234375
0.88756374916413971476458755205385386943817138671875
0.8299670959031055783583497031941078603267669677734375
0.53107820475989864217325475692632608115673065185546875
0.7760358060598540053121041637496091425418853759765625
0.6442064692472138087708799503161571919918060302734375
0.453787625978601949494617429081699810922145843505859375
0.32379751108763621392228060358320362865924835205078125
0.65990809940728734073189798436942510306835174560546875
0.58883449369521556615580948346178047358989715576171875
0.341889273068816057499219596138573251664638519287109375
0.54676072744036130490741243193042464554309844970703125
0.470373544129716936179619324320810846984386444091796875
0.85609511372451441157949147964245639741420745849609375
0.0669838674678392143047034323899424634873867034912109375
0.68840816788766912015518073530984111130237579345703125
0.406887963138002906049450757564045488834381103515625
0.35074544807465068974039468230330385267734527587890625
0.85127144998464332470433646449237130582332611083984375
0.72743437286812551167969331800122745335102081298828125
0.348346298722711555928555071659502573311328887939453125
0.99072957783505766204967812882387079298496246337890625
0.55979718945911027816464411444030702114105224609375
0.367007313001438628674577557831071317195892333984375
0.8354688705110311364165909253642894327640533447265625
0.01227667928313681822150016387240611948072910308837890625
0.81351270657661967078411180409602820873260498046875
0.03408623302080027173133203177712857723236083984375
0.94695913975451107003067363621084950864315032958984375
0.7222208244363874651838841600692830979824066162109375
0.9513231194351441377676792399142868816852569580078125
0.444827945644421463011752848615287803113460540771484375
0.98660090844454284564335466711781919002532958984375
0.5950661406829329536094519426114857196807861328125
0.67739704655362154017694820140604861080646514892578125
0.465179613076699693952065217672497965395450592041015625
0.6941413552007364984319792711175978183746337890625
0.82787726951198525870978528473642654716968536376953125
0.770436278903128712869374794536270201206207275390625
0.4736438325949217098553845062269829213619232177734375
0.1507263882787555353548469838642631657421588897705078125
0.783263292994007098712927472661249339580535888671875
0.044957919067217931574642619807491428218781948089599609375
0.2481253450960504702837994273068034090101718902587890625
0.7075308722944608774696462205611169338226318359375
0.005860065112756595966103656536461130599491298198699951171875
0.380975160925171862924543120243470184504985809326171875
0.0170650729057682075395785403770787524990737438201904296875
0.2462614044762502507612822455485002137720584869384765625
0.2054484268675783875668372502332204021513462066650390625
0.9346317271397597270521373502560891211032867431640625
0.949401795840543627491570077836513519287109375
0.126537230390374177968482172218500636518001556396484375
0.88271162653468160375069828660343773663043975830078125
0.9721636469346301989702396895154379308223724365234375
0.5028786582420015083272346601006574928760528564453125
0.84227597147332311511291891292785294353961944580078125
0.0871291291374383103374157144571654498577117919921875
0.1034914763194934861356699684620252810418605804443359375
0.8791509488966087193517751074978150427341461181640625
0.3056006433002653732700082400697283446788787841796875
0.469876339412236720960436286986805498600006103515625
0.33569902430088216505055243032984435558319091796875
0.054151873129490706026967217212586547248065471649169921875
0.0990726259067061520990904455175041221082210540771484375
0.50561887934134286393117463376256637275218963623046875
0.930228339941347126540449608000926673412322998046875
0.66247743492130073406087831244803965091705322265625
0.2322997391374314879453066851056064479053020477294921875
0.9537390796252243063690912094898521900177001953125
0.90154452058558565141765939188189804553985595703125
0.327353420354124846625154532375745475292205810546875
0.742759688637573134428748744539916515350341796875
0.6310543816681273288082820727140642702579498291015625
0.74973702419071319713594903078046627342700958251953125
0.65727351357102092865858367076725699007511138916015625
0.395216343642778855649311253728228621184825897216796875
0.74191347171641586211165986242122016847133636474609375
0.61409126530126256771069392925710417330265045166015625
0.31287579672079335324497151304967701435089111328125
