              -3390.1498278738
         -0.000138972      -0.000008585       0.000011798
         -0.000008585      -0.000175527       0.000006431
          0.000011798       0.000006431      -0.000121116
          64
  1     6      -0.007316085       0.007714533      -0.005682988  C
  1     6       0.006598742      -0.006232752      -0.012560212  C
  2    40      -0.022902991       0.000236937       0.023456392  Zr
  1     6      -0.034927243       0.001415005       0.025816483  C
  2    40       0.046318710       0.006746737       0.000132228  Zr
  2    40      -0.018033004       0.016577008      -0.017923429  Zr
  1     6       0.023179519      -0.011072737      -0.003367018  C
  2    40      -0.024340920      -0.024948260      -0.038536483  Zr
  1     6      -0.007072465       0.010100787       0.063409334  C
  1     6       0.003995198       0.012806870      -0.003875605  C
  2    40       0.003433779      -0.044523569      -0.000204979  Zr
  1     6       0.001333184       0.024552589      -0.018673683  C
  2    40      -0.053563220      -0.036909739      -0.006634136  Zr
  2    40      -0.012362210       0.019037330      -0.015264488  Zr
  1     6       0.019132155       0.056247826      -0.015097228  C
  2    40      -0.026326287      -0.078834969      -0.002267480  Zr
  2    40      -0.029490797      -0.012161429       0.012454278  Zr
  1     6       0.011959851       0.001758708       0.011955668  C
  2    40       0.001244874      -0.050718594      -0.039022133  Zr
  1     6      -0.047456321       0.025746511       0.021622940  C
  1     6       0.037852551       0.007850070      -0.013929688  C
  2    40       0.034910294       0.029388127      -0.041572925  Zr
  1     6      -0.039967481      -0.009514326       0.024273953  C
  2    40      -0.014693535       0.001349758       0.050667676  Zr
  2    40       0.023355838       0.021233010       0.011258458  Zr
  1     6      -0.007199746       0.020100385       0.008291316  C
  2    40      -0.005564949       0.003901576      -0.006280946  Zr
  1     6       0.006976012      -0.002442954      -0.044704278  C
  1     6      -0.003998691      -0.003582868      -0.025909054  C
  2    40       0.030393065       0.017461967       0.040474566  Zr
  1     6       0.006554975       0.008576573       0.009145772  C
  2    40       0.048403221      -0.024478770      -0.020627280  Zr
  1     6       0.017276324      -0.002338276      -0.007117022  C
  2    40      -0.009898552      -0.010780033      -0.039266609  Zr
  1     6       0.023779649       0.007594776       0.005882618  C
  2    40       0.015893505       0.007335843      -0.006095285  Zr
  2    40      -0.000599035       0.013451872      -0.012452558  Zr
  1     6      -0.004136547      -0.016260648       0.017903419  C
  2    40      -0.011482895      -0.004837211       0.027548105  Zr
  1     6       0.024706098       0.010994830      -0.002565329  C
  1     6      -0.012996302      -0.001587241       0.014084615  C
  2    40      -0.010076787      -0.026576670      -0.001744487  Zr
  1     6       0.006490102       0.004065272      -0.009581300  C
  2    40      -0.012955908      -0.030287511       0.004396084  Zr
  2    40      -0.046463292      -0.036617277      -0.024064864  Zr
  1     6      -0.003265075       0.017963846       0.033223429  C
  2    40      -0.028355496       0.024492388       0.025192898  Zr
  1     6       0.012258615       0.002144993       0.004552486  C
  2    40      -0.022567467       0.009447583      -0.034234756  Zr
  1     6       0.018614330      -0.005458287      -0.032119191  C
  2    40       0.013268037      -0.007469252       0.016079309  Zr
  1     6      -0.017915051       0.026660239       0.009117171  C
  1     6       0.011864314       0.002376968       0.010280206  C
  2    40      -0.000119158      -0.016561472       0.048755369  Zr
  1     6      -0.008396538      -0.011342820      -0.016244125  C
  2    40       0.020644154      -0.011172091       0.012085170  Zr
  2    40      -0.001318537       0.030227109       0.007569827  Zr
  1     6      -0.002229479       0.010192304       0.014068945  C
  2    40       0.015899672       0.024318334      -0.045187068  Zr
  1     6       0.013148776       0.010102012       0.021749871  C
  1     6      -0.002072143      -0.053952601       0.007076564  C
  2    40      -0.003138687      -0.007556677      -0.014185690  Zr
  1     6       0.020857381      -0.014179704      -0.005076302  C
  2    40       0.033425430       0.067411264      -0.001284622  Zr
