              -3390.1918876451
         -0.000101268      -0.000013656      -0.000006544
         -0.000013656      -0.000117259      -0.000005139
         -0.000006544      -0.000005139      -0.000093784
          64
  1     6       0.001440025       0.009901345       0.014140447  C
  1     6      -0.000126279       0.002889864       0.004545485  C
  2    40      -0.020678058       0.061374026      -0.018752696  Zr
  1     6      -0.014073226      -0.065955452      -0.026054932  C
  2    40       0.048624457       0.016080221       0.042142862  Zr
  2    40       0.009307761      -0.014912591       0.031285880  Zr
  1     6      -0.011830079       0.023774231       0.001278983  C
  2    40      -0.037645550      -0.056472081      -0.065295998  Zr
  1     6      -0.012686606       0.006448952      -0.008059341  C
  1     6      -0.013071326      -0.002302970      -0.000597857  C
  2    40      -0.018586402       0.006234720       0.021859228  Zr
  1     6      -0.021852964      -0.002278689       0.028394829  C
  2    40      -0.000849841       0.034805611      -0.039358764  Zr
  2    40      -0.024724816       0.003197253      -0.014829897  Zr
  1     6       0.003029697      -0.001390452       0.018596942  C
  2    40       0.010267180      -0.016298830      -0.002927040  Zr
  2    40      -0.001995540      -0.044226735       0.019238333  Zr
  1     6       0.031227360       0.018061503       0.009014845  C
  2    40      -0.027050019      -0.053678391      -0.016092933  Zr
  1     6      -0.034169083       0.064751821      -0.005744285  C
  1     6      -0.000812805       0.001936298      -0.008709876  C
  2    40       0.010683333       0.038802208      -0.026010406  Zr
  1     6       0.045906357      -0.075825472      -0.024675881  C
  2    40       0.011150795      -0.005435022       0.035537266  Zr
  2    40       0.014589774      -0.003786795       0.011756634  Zr
  1     6       0.006012921      -0.001032998      -0.001656634  C
  2    40       0.034164330       0.012453793       0.001001428  Zr
  1     6       0.012541626       0.006602900      -0.005067765  C
  1     6       0.004181569      -0.008050725       0.014762994  C
  2    40      -0.007488228      -0.006907307       0.010650157  Zr
  1     6      -0.004285690      -0.001449354       0.013116246  C
  2    40      -0.002603863       0.022457693      -0.000953301  Zr
  1     6      -0.010221094      -0.000464916       0.018520657  C
  2    40      -0.010955014       0.019332795       0.007954370  Zr
  1     6      -0.009148367       0.007532737      -0.002342689  C
  2    40       0.013486699       0.000044824      -0.023967620  Zr
  2    40       0.010572519       0.021748009      -0.027010054  Zr
  1     6      -0.014078343      -0.007599124       0.002325926  C
  2    40      -0.003814137      -0.006464286       0.007202603  Zr
  1     6       0.001057733      -0.015268246       0.004590384  C
  1     6      -0.003066848      -0.003117787      -0.007043043  C
  2    40      -0.008532354       0.000912054       0.001139958  Zr
  1     6      -0.013224908       0.002297440      -0.003033733  C
  2    40      -0.007225522       0.004753400       0.004235900  Zr
  2    40       0.010790742       0.010984377      -0.020423775  Zr
  1     6      -0.007589747      -0.011278676      -0.005900373  C
  2    40      -0.012846611      -0.008528022       0.012867247  Zr
  1     6       0.000694113       0.000359069      -0.007607229  C
  2    40       0.002967975      -0.000540682      -0.009789467  Zr
  1     6       0.012562334       0.010472955      -0.001544484  C
  2    40       0.010560399       0.000338371      -0.004565922  Zr
  1     6       0.004454624       0.006723112      -0.005365864  C
  1     6      -0.001288510       0.000236764       0.004601243  C
  2    40       0.028193290      -0.014418391       0.016693430  Zr
  1     6      -0.000399200       0.002888207      -0.003942342  C
  2    40      -0.016590025       0.002283529       0.004464420  Zr
  2    40       0.005243389      -0.019136102      -0.006239242  Zr
  1     6      -0.015231034       0.015688860      -0.001484069  C
  2    40       0.007548519      -0.004195640       0.008649402  Zr
  1     6       0.009600225       0.019887067      -0.004915683  C
  1     6       0.018260506      -0.017857748       0.007133971  C
  2    40       0.011540752       0.007985039       0.007941433  Zr
  1     6       0.005613397       0.001229820      -0.015650397  C
  2    40      -0.008152300       0.003765681       0.027558923  Zr
