              -3390.1800293002
         -0.000113098      -0.000005658      -0.000005734
         -0.000005658      -0.000163303       0.000010750
         -0.000005734       0.000010749      -0.000082628
          64
  1     6       0.000234798       0.002088587       0.000642812  C
  1     6       0.000208098       0.021583130      -0.009344412  C
  2    40       0.007027782       0.015717351       0.003594909  Zr
  1     6      -0.011511095      -0.055397304      -0.002445939  C
  2    40      -0.078584833      -0.046112816      -0.043094340  Zr
  2    40       0.000437432       0.002721188       0.020177087  Zr
  1     6      -0.004952957       0.017413441      -0.003098538  C
  2    40      -0.024583581       0.029950549      -0.035144548  Zr
  1     6       0.036714490      -0.031410751       0.012260111  C
  1     6       0.008739731       0.001453527      -0.010710991  C
  2    40      -0.025438966      -0.009378855       0.014185987  Zr
  1     6       0.008865847       0.001194007       0.002785210  C
  2    40       0.016670357       0.011524621       0.008353139  Zr
  2    40      -0.005638204      -0.000451923       0.002856425  Zr
  1     6       0.023757195       0.000163224       0.001009352  C
  2    40       0.003140756       0.005519321       0.008282537  Zr
  2    40       0.000134550      -0.029258880       0.035329775  Zr
  1     6       0.008710504       0.026563463       0.005966274  C
  2    40      -0.023391026       0.041755131      -0.044844776  Zr
  1     6       0.010415599      -0.104728493      -0.038234428  C
  1     6       0.002108028      -0.024707544       0.002944379  C
  2    40      -0.000722446       0.005267829      -0.006439521  Zr
  1     6      -0.007147229      -0.025976613      -0.005646826  C
  2    40      -0.057447142       0.131032426      -0.059549641  Zr
  2    40      -0.005876314      -0.002296476      -0.006165342  Zr
  1     6       0.020903712       0.001062640      -0.008266557  C
  2    40       0.001183210      -0.014126114       0.022619672  Zr
  1     6       0.000531015      -0.001250005       0.005365431  C
  1     6       0.007054181       0.003171522       0.001784751  C
  2    40      -0.015279454       0.016236710       0.017118962  Zr
  1     6      -0.004453303       0.016159947       0.026054372  C
  2    40       0.015999234      -0.004202539       0.029051116  Zr
  1     6       0.002156089      -0.002953595       0.008000912  C
  2    40      -0.005413673       0.001842186      -0.005745815  Zr
  1     6       0.014826782       0.009565643       0.004702814  C
  2    40       0.029584301       0.002315946       0.015334040  Zr
  2    40       0.028701428      -0.032040159      -0.015800360  Zr
  1     6       0.010489645       0.012980530       0.011196609  C
  2    40       0.000702938      -0.014482912       0.008738624  Zr
  1     6       0.003616994       0.009830207       0.002351487  C
  1     6       0.009104836      -0.012605714       0.006593362  C
  2    40      -0.012699124      -0.002641283      -0.024755491  Zr
  1     6       0.006576932       0.003697864       0.004031975  C
  2    40      -0.008343188       0.003297302       0.014945956  Zr
  2    40      -0.020716277       0.022349085      -0.016755595  Zr
  1     6       0.020751403      -0.020277094       0.014058446  C
  2    40       0.018670081       0.009136799       0.002387898  Zr
  1     6      -0.000515583      -0.010423560      -0.001890409  C
  2    40       0.010220837       0.018063412      -0.024689163  Zr
  1     6       0.000810649      -0.009286040      -0.006740716  C
  2    40       0.011004257      -0.014850529       0.019890698  Zr
  1     6      -0.001194783      -0.002176213       0.010677183  C
  1     6      -0.002817831       0.007007132       0.015843080  C
  2    40      -0.001694014       0.000330861      -0.003822395  Zr
  1     6      -0.001162358       0.014414327       0.000033430  C
  2    40      -0.000938637      -0.015421200       0.021059470  Zr
  2    40      -0.011616466       0.012181356      -0.002426251  Zr
  1     6       0.016090693      -0.022002727      -0.000533477  C
  2    40       0.001399731       0.014658641       0.005511668  Zr
  1     6       0.003254311      -0.011145143       0.001223362  C
  1     6       0.008044761      -0.015948289       0.002331989  C
  2    40      -0.031661358       0.027383207      -0.004609252  Zr
  1     6      -0.001220423      -0.017526789      -0.004208780  C
  2    40      -0.001312261       0.033294679      -0.006821614  Zr
