1013619045
2.89403269789047623561373256961815059185028076171875
2.551263888220044240284778425120748579502105712890625
0.462943038642367354906781429235707037150859832763671875
2.53702061937465384033885129611007869243621826171875
0.50693808791440642114167758336407132446765899658203125
4.5054144116930654462294114637188613414764404296875
0.6964259196406195062678534668521024286746978759765625
2.1326960147056670535903322161175310611724853515625
2.93988991899104323834990282193757593631744384765625
0.266873880804817442680132444365881383419036865234375
5.145536254240990814423639676533639430999755859375
1.959779486989563057619534447439946234226226806640625
5.05230274423990000087769658421166241168975830078125
5.24309262864666703052307639154605567455291748046875
4.0257447832124153563881918671540915966033935546875
0.09038090459769969331471628493090975098311901092529296875
3.20845620290724031775653202203102409839630126953125
2.335373507048114749551359636825509369373321533203125
1.384563085889858324861734217847697436809539794921875
1.404988362727939144036781726754270493984222412109375
5.90566614411883250568280345760285854339599609375
0.03175375748424495714328230633327621035277843475341796875
1.2759399146980248129779056398547254502773284912109375
2.196119897573458157324921558029018342494964599609375
0.6414645116860044904427695655613206326961517333984375
3.2396702723573920223998356959782540798187255859375
1.176955808319691154650854514329694211483001708984375
5.0183017163722016817928306409157812595367431640625
3.818122744798838397173312841914594173431396484375
0.401197681645065695743568312536808662116527557373046875
3.593544078530842345031715012737549841403961181640625
2.197274406188308493170779911451973021030426025390625
3.13322337906050929490220369189046323299407958984375
4.19021422591352621367377651040442287921905517578125
3.121856739659191415370287359110079705715179443359375
0.1261023387546321983254671295071602798998355865478515625
5.22242006306246953073468830552883446216583251953125
3.06324434168580150839034104137681424617767333984375
2.322305868428788944157759033259935677051544189453125
4.4310045085237259598898162948898971080780029296875
1.439172714711698830569730489514768123626708984375
2.467585843115952304316351728630252182483673095703125
0.303753937302236709516733981217839755117893218994140625
2.562201778516816741415595970465801656246185302734375
5.18091130450702141985175330773927271366119384765625
5.68255891011232794340912732877768576145172119140625
3.454978046404647784584085457026958465576171875
3.01008506155011001936827597091905772686004638671875
6.1292959295370597061491935164667665958404541015625
4.82280259041552472609737378661520779132843017578125
0.2291312731792654877605031060738838277757167816162109375
5.712304950048437746090712607838213443756103515625
5.1067610283348709998563208500854671001434326171875
5.66672601107639284379047239781357347965240478515625
1.4685429280676627339374817893258295953273773193359375
4.10965197687845229523873058496974408626556396484375
5.20203469755540037766650129924528300762176513671875
5.523844168736587789680925197899341583251953125
1.4967547794825579732247433639713563024997711181640625
3.344480019884547683517439509159885346889495849609375
4.766260104489450810660855495370924472808837890625
2.88575086117576962152497799252159893512725830078125
4.34050164337167654338145439396612346172332763671875
2.243068973433418822338580866926349699497222900390625
0.5297646072636792435872621354064904153347015380859375
0.87139433332747817662067291166749782860279083251953125
5.73159119301910013888345929444767534732818603515625
6.21044721668468024944331773440353572368621826171875
2.792877972184319101955907171941362321376800537109375
5.7010485181176289160021042334847152233123779296875
3.125347841509519053460053328308276832103729248046875
0.88595124010550652116080527775920927524566650390625
3.821567712064648958403267897665500640869140625
1.2668005709967193883613845173385925590991973876953125
1.9294707531696613234117876345408149063587188720703125
5.7128032726109498895539218210615217685699462890625
1.0719489179523069566357662552036345005035400390625
2.350598405627373654880329922889359295368194580078125
1.9280194565125985395326324578491039574146270751953125
3.31587752838104687924669633503071963787078857421875
5.3763536429097360525020121713168919086456298828125
3.2166799471450584491094559780322015285491943359375
4.4877858450844403392920867190696299076080322265625
3.096741151431132710314386713434942066669464111328125
2.454744485739138060154118647915311157703399658203125
5.25889941459490461994619181496091187000274658203125
6.042119561619006873343096231110394001007080078125
1.3411042604619030083057396041112951934337615966796875
6.2714607635425050347066644462756812572479248046875
2.61563916230502524484791138092987239360809326171875
0.93600012233988960641539733842364512383937835693359375
2.3302917743712772136177591164596378803253173828125
4.360625965776858237177293631248176097869873046875
1.137214298690343294850890742964111268520355224609375
2.991372259059442928474936707061715424060821533203125
2.463244186065734364632362485281191766262054443359375
2.357178388779914701700590740074403584003448486328125
0.62611482912050486770993984464439563453197479248046875
2.54068069118885819790421010111458599567413330078125
1.559257445281441167850289275520481169223785400390625
6.23746035010039978629947654553689062595367431640625
4.2923322012508169365219146129675209522247314453125
0.396636908725083225935037489762180484831333160400390625
3.29371127955138742748886215849779546260833740234375
1.95815599609717860829505298170261085033416748046875
2.3026585889797530626310617662966251373291015625
1.6714222709207151584820394418784417212009429931640625
4.90210516165510146180395167903043329715728759765625
3.030655240423843821417904109694063663482666015625
6.037508358987029311037986190058290958404541015625
4.2092259874168345135103663778863847255706787109375
1.8233827956007921944348026954685337841510772705078125
1.6143060724118829529771801389870233833789825439453125
0.84499800420943060874634511492331512272357940673828125
6.17235361112460712007532492862083017826080322265625
2.86722664052873721374226079205982387065887451171875
2.93922700644138057413101705606095492839813232421875
5.839837967092737613938879803754389286041259765625
0.2266247034922737879636400748495361767709255218505859375
3.720776287434051088354181047179736196994781494140625
2.4765290826488648434633432771079242229461669921875
5.07893681802652086076932391733862459659576416015625
4.373199936838997103905057883821427822113037109375
3.89681429026715253627344281994737684726715087890625
3.45399083710122933865704908384941518306732177734375
0.85951207382029082282315357588231563568115234375
5.86870459138110778241070875083096325397491455078125
1.66325059486313886480957080493681132793426513671875
5.1323924999940526703312571044079959392547607421875
5.35481213031956837511415869812481105327606201171875
4.91250404856344147219715523533523082733154296875
4.8650041635661551708835759200155735015869140625
2.815227009702022886727945660823024809360504150390625
4.90440966724544846755406979355029761791229248046875
0.98883546852550896488764919922687113285064697265625
5.22663241278374979259524479857645928859710693359375
2.082250228167466854500844419817440211772918701171875
1.330130604743952726920497298124246299266815185546875
1.4370553046402176899931646403274498879909515380859375
1.2929347422693038272001331279170699417591094970703125
2.59489694133945025811271989368833601474761962890625
6.271077663333674223622438148595392704010009765625
4.83534168843651368518976596533320844173431396484375
3.380241596513548163471796215162612497806549072265625
4.15939155434354557172582644852809607982635498046875
2.422924390771715508208217215724289417266845703125
4.39072189182974881305199232883751392364501953125
4.3572560520601353317715620505623519420623779296875
5.42640008207092794378922917530871927738189697265625
3.964615314726068096007338681374676525592803955078125
5.32048107398508296483896629069931805133819580078125
3.59741480177081029978580772876739501953125
0.6472610553942497180202053641551174223423004150390625
1.291810864233176037174644079641439020633697509765625
3.871305001525868316747391872922889888286590576171875
0.6921772017759142414661255315877497196197509765625
4.73719242551791008821737705147825181484222412109375
2.36343287266003887481247147661633789539337158203125
2.33121252038056336886029384913854300975799560546875
0.69071239653331650831802335233078338205814361572265625
1.9123575901550309286136553055257536470890045166015625
2.996129074705259132116452747141011059284210205078125
4.11838004164290349962129766936413943767547607421875
0.94265778351655094002836676736478693783283233642578125
4.0486802431451405226425777073018252849578857421875
3.393645074310267961692488825065083801746368408203125
1.5321502228265995171341273817233741283416748046875
4.2055220163569373426071251742541790008544921875
5.63541998259584087094253845862112939357757568359375
4.26372764118115288312083066557534039020538330078125
1.7988931870925919387360636392259038984775543212890625
3.406556321135353559981240323395468294620513916015625
5.63597440514081871043572391499765217304229736328125
3.542249120713253152104016407974995672702789306640625
5.2304783629689790558359163696877658367156982421875
1.8914203973196546115786986774764955043792724609375
1.06341300455160148175082213128916919231414794921875
0.87954483510878922469800045291776768863201141357421875
5.95774929586447132834337025997228920459747314453125
2.160202566982499572389997410937212407588958740234375
0.446290413942122821122637787993880920112133026123046875
0.526034950288163383191886168788187205791473388671875
6.2617222173738458224079295177944004535675048828125
4.15785191791540764683077213703654706478118896484375
3.945704547235212800160297774709761142730712890625
2.554311275313885243321010420913808047771453857421875
0.8111137962019550062819917002343572676181793212890625
5.997498044012470330699215992353856563568115234375
5.44767149024463126494310927228070795536041259765625
1.84790452393831916566568907001055777072906494140625
1.2063380790464564018549253887613303959369659423828125
5.2546152063376201368782858480699360370635986328125
0.57186299589083666727873378476942889392375946044921875
0.270369446030989946105904664364061318337917327880859375
0.7999292327090767873443155622226186096668243408203125
0.63928950514611304623002752123284153640270233154296875
0.1644503488971154891995496427625766955316066741943359375
0.70401200545207220926613445044495165348052978515625
0.26240232645645844566928417407325468957424163818359375
0.29876775029058000310300258206552825868129730224609375
0.757609367723394822036198092973791062831878662109375
0.8446393808557834947947640102938748896121978759765625
0.79532070029309054337574025339563377201557159423828125
0.87765774683917763265839084851904772222042083740234375
0.78015497782274845217642678107949905097484588623046875
0.07243530269359950424234995125516434200108051300048828125
0.93877866954485822414966378346434794366359710693359375
0.10131679200628622428137504130063462071120738983154296875
0.420430827150321928531440107690286822617053985595703125
0.58432133848980127854844113244325853884220123291015625
0.77546561126386082118955300757079385221004486083984375
0.301041762019061354127558161053457297384738922119140625
0.94066981828802720411175641856971196830272674560546875
0.05075558743009138396029555906352470628917217254638671875
0.3444828807117803481929740883060730993747711181640625
0.67097015803259341115705183256068266928195953369140625
0.39199763508140927914524809239082969725131988525390625
0.92102977862629564764773704155231826007366180419921875
0.82751813150361097637386365022393874824047088623046875
0.9914172920358448326538791661732830107212066650390625
0.6331516348911223612816456807195208966732025146484375
0.248390291001829466299710702514857985079288482666015625
0.078237162008060689988298008756828494369983673095703125
0.082571968940353013266530979308299720287322998046875
0.72139332151105317603168032292160205543041229248046875
0.7190280490177813899066450176178477704524993896484375
0.89050415060040732928570150761515833437442779541015625
0.436774892004567594216979387056198902428150177001953125
0.025123578042315124203565090965639683417975902557373046875
0.03424611316725896525969830008762073703110218048095703125
0.8370538171553303374849974716198630630970001220703125
0.4716987067236093622568660066463053226470947265625
0.220825809622567981183038909875904209911823272705078125
0.416369787145578207354645883242483250796794891357421875
0.19141600988405571559525242264498956501483917236328125
0.65601704998687704328830250233295373618602752685546875
0.47163967297954467738918538088910281658172607421875
0.39649794827983619871503151443903334438800811767578125
0.25411442399682215853573552521993406116962432861328125
0.0485448236803267263450578639094601385295391082763671875
0.1459632241846822442443709633153048343956470489501953125
0.472366677817127988969758689563605003058910369873046875
0.78764268373495094355263290708535350859165191650390625
0.8676413436735241901942572440020740032196044921875
0.39667204925635457524180083055398426949977874755859375
0.1823727205313615262749493695082492195069789886474609375
0.6071037275749742168073908032965846359729766845703125
0.46277731818276335307160707088769413530826568603515625
0.046799912139214534800846223561165970750153064727783203125
0.87627347832372104452502981075667776167392730712890625
0.28693418357844191479699702540528960525989532470703125
0.06278356633278707465972701129430788569152355194091796875
0.436697868367982022785867002312443219125270843505859375
0.30845069107993072776707776938565075397491455078125
0.93835143229847373103069685384980402886867523193359375
0.66632003833834085870790886474424041807651519775390625
0.12456838745836558424162632263687555678188800811767578125
0.120782030802584261497401030283072032034397125244140625
0.04782828551150312967887856530069257132709026336669921875
0.72497733297058253310041209260816685855388641357421875
0.8903108308512301949377842902322299778461456298828125
0.67822620164520397434415599491330794990062713623046875
0.561421480291253605088286349200643599033355712890625
0.3253440951580852669167143176309764385223388671875
0.0201506246906475276758907710927815060131251811981201171875
0.84643731445373837640744341115350835025310516357421875
0.7339081008610819356619003883679397404193878173828125
0.06565866482707609363966838600390474312007427215576171875
0.36850239539914875219750456381007097661495208740234375
0.8614182620595294270771091760252602398395538330078125
0.731104871132925548948833238682709634304046630859375
0.391168483249455911643366334828897379338741302490234375
0.66642501562201650333605584819451905786991119384765625
0.767884329784607633229143175412900745868682861328125
0.500373888528148569321274408139288425445556640625
0.15875363636703865299892868279130198061466217041015625
0.400211715325811734356165061399224214255809783935546875
0.8880992778055831760042337919003330171108245849609375
0.97798335737454866745110848569311201572418212890625
0.56985458804753352790584131071227602660655975341796875
0.415060945979813578077255442622117698192596435546875
0.305218790334285616783205341562279500067234039306640625
0.325512782822136192972806156831211410462856292724609375
0.31957501560429812936803273260011337697505950927734375
0.74498681106836850407404426732682622969150543212890625
0.0008690049875848949827161771253258848446421325206756591796875
0.708731577130375267614681433769874274730682373046875
0.33176494079258522784670049077249132096767425537109375
0.9039880032204035131826458382420241832733154296875
0.0894098938859113900878838876451482065021991729736328125
0.59251093286672185111996213890961371362209320068359375
0.79504661066226967047754214945598505437374114990234375
0.08514336779953136924437018251410336233675479888916015625
0.95435584380959903594288107342435978353023529052734375
0.89658926096586011311728725559078156948089599609375
0.0612607067736148369618831566185690462589263916015625
0.94050233435840457918430956851807422935962677001953125
0.46061925285524651929591755106230266392230987548828125
0.73735695226926212253459880230366252362728118896484375
0.96003029540182571732742644599056802690029144287109375
0.96118754612337220510909219228778965771198272705078125
0.9584354450732635033460837803431786596775054931640625
0.352936788626451392048011257429607212543487548828125
0.0450757155404778731000448033228167332708835601806640625
0.389849655977380304960888679488562047481536865234375
0.66128668312974581144914054675609804689884185791015625
0.38264913967933933403031687703332863748073577880859375
0.975083236570974509760389992152340710163116455078125
0.1394791813285458648152825844590552151203155517578125
0.53091923218728942490685085431323386728763580322265625
0.45364951177204471122195172938518226146697998046875
0.347718648308757039000482791379909031093120574951171875
0.95865943606880466010267127785482443869113922119140625
0.66016696237966743243674727636971510946750640869140625
0.58853216962354826247150185736245475709438323974609375
0.1783601507443749178971614810507162474095821380615234375
0.5810965577052424890780457644723355770111083984375
0.2196388385350065419743259553797543048858642578125
0.42699598121782578186156342781032435595989227294921875
0.190958137712887554560126091018901206552982330322265625
0.39920016350187370601787506529944948852062225341796875
0.7992062255736469555955636678845621645450592041015625
0.308578113703326384342773280877736397087574005126953125
0.2496418101944224143817763206243398599326610565185546875
0.70372854159387221439914128495729528367519378662109375
0.484125736860616939782886447574128396809101104736328125
0.37274098134261601789063433898263610899448394775390625
0.551529898565043641411875796620734035968780517578125
0.64018228633337759259092081265407614409923553466796875
0.0274168048181649311179075567679319647140800952911376953125
0.83189411826054293630505753753823228180408477783203125
0.7784341712381850353352774618542753159999847412109375
0.342572550914516937847764666003058664500713348388671875
0.347024021831817908179118603584356606006622314453125
0.26278756338301467732065930249518714845180511474609375
0.58641416886188746371288971204194240272045135498046875
0.390226979921677596951923305823584087193012237548828125
0.443837029600440080567835821057087741792201995849609375
0.159909855648833254537777293080580420792102813720703125
0.146862388656876230452752452038112096488475799560546875
0.474039882176574278727088085361174307763576507568359375
0.02101645014296120439478698926905053667724132537841796875
0.462832510686867204530159369824104942381381988525390625
0.178181279999288399995549525556270964443683624267578125
0.7842432096527158780219224354368634521961212158203125
0.331729252045848077568024336869711987674236297607421875
0.41137504037999317318963221623562276363372802734375
0.029128002947721630400135239824521704576909542083740234375
0.108236432591563291882863495629862882196903228759765625
0.5235161234268528307467249760520644485950469970703125
0.91413418432424509152411928880610503256320953369140625
0.033011722859466317847587646383544779382646083831787109375
0.4955506862586134264603288102080114185810089111328125
0.0031662574052653542737434388953943198430351912975311279296875
0.1703275922547688725483538974003749899566173553466796875
0.51909893915015226095732714384212158620357513427734375
0.7810167715796347831513912751688621938228607177734375
0.491148337484872132829849533663946203887462615966796875
0.11266173753545700997324985337399994023144245147705078125
0.346864078355424154676001080588321201503276824951171875
0.87492770276727516165493625521776266396045684814453125
0.51304227510143174395551568522932939231395721435546875
0.7887567541509665769439152427366934716701507568359375
0.04025033444177840424860193024869658984243869781494140625
0.91832230329435426963158306534751318395137786865234375
0.268017182717107782519150305233779363334178924560546875
0.67369675015737151557715378658031113445758819580078125
0.1368176509331993917495395862715668044984340667724609375
0.77787765896780303176427651123958639800548553466796875
0.824707978323431678546739931334741413593292236328125
0.29001255440060635937271626971778459846973419189453125
0.5925727256539150555880723914015106856822967529296875
0.88392230630103607591507852703216485679149627685546875
0.314878607781081731875616469551459886133670806884765625
0.75305068062294766573216975302784703671932220458984375
0.893488991490327233435664311400614678859710693359375
0.340336016537778063284491736339987255632877349853515625
0.91428112653749116223167447969899512827396392822265625
0.94870154417525121015586364592309109866619110107421875
0.026085956965613159297401324465681682340800762176513671875
0.51829791838223948641228844280703924596309661865234375
0.69948033415688215530536808728356845676898956298828125
0.59513204572495637112439226257265545427799224853515625
0.36124210495559594402692482617567293345928192138671875
