              -3390.0346017610
         -0.000152617      -0.000024173      -0.000008036
         -0.000024174      -0.000232880       0.000000778
         -0.000008036       0.000000778      -0.000169566
          64
  1     6      -0.018651552      -0.006386997       0.053590423  C
  1     6      -0.003041509      -0.078887457       0.013801693  C
  2    40       0.001487275      -0.022649319       0.009092414  Zr
  1     6       0.020451802       0.047090472      -0.063290959  C
  2    40       0.124328192       0.169626527      -0.052969184  Zr
  2    40      -0.038302771      -0.054645726       0.004363112  Zr
  1     6      -0.014243467       0.015739227       0.005526984  C
  2    40       0.025874818       0.119143504       0.047355469  Zr
  1     6       0.033063881      -0.061382021      -0.064706984  C
  1     6       0.009172723       0.006378938       0.001991447  C
  2    40      -0.006960568      -0.008245507       0.003387617  Zr
  1     6      -0.011819165      -0.000439138       0.012876197  C
  2    40      -0.028930512      -0.025347001      -0.026192049  Zr
  2    40      -0.002059529      -0.017946592       0.023831827  Zr
  1     6      -0.008031484      -0.005372028      -0.006546121  C
  2    40      -0.008328881      -0.015376592       0.035136154  Zr
  2    40       0.002383976      -0.039168588       0.041943268  Zr
  1     6      -0.009023175       0.003489281       0.004005136  C
  2    40      -0.031884558      -0.005883953      -0.158497267  Zr
  1     6       0.069673497       0.014710176      -0.064276109  C
  1     6       0.002012570      -0.027567095      -0.012183530  C
  2    40      -0.021665961      -0.014803687       0.030495152  Zr
  1     6       0.035232581      -0.048000990       0.005427324  C
  2    40       0.098801969       0.152134337      -0.004516480  Zr
  2    40      -0.002545862       0.005873056      -0.002427084  Zr
  1     6       0.005918040      -0.002178023      -0.006905137  C
  2    40       0.008392028      -0.020725483       0.008500865  Zr
  1     6      -0.001047682      -0.002244859       0.015175942  C
  1     6      -0.007821598       0.000741084      -0.008687243  C
  2    40       0.015984917       0.013437601       0.003433517  Zr
  1     6      -0.014703981       0.009080646       0.050951844  C
  2    40      -0.003862967      -0.031426333       0.035950177  Zr
  1     6       0.001429428       0.004581580      -0.002553028  C
  2    40      -0.004909796       0.003711770       0.000188425  Zr
  1     6      -0.004906163      -0.005119574      -0.004564254  C
  2    40      -0.009328316      -0.007147824       0.007207302  Zr
  2    40      -0.003219722       0.000921751       0.013943004  Zr
  1     6      -0.004016624       0.011195000       0.007463345  C
  2    40      -0.023159336      -0.034686167       0.011832769  Zr
  1     6      -0.016943825       0.010979953       0.011093028  C
  1     6       0.004258383      -0.006043551      -0.006738646  C
  2    40      -0.001458522       0.008150806       0.001107736  Zr
  1     6      -0.003958768      -0.012378872      -0.007079030  C
  2    40      -0.003352988       0.004435668       0.008695050  Zr
  2    40      -0.006992806       0.021419940       0.013990094  Zr
  1     6      -0.004181337      -0.018978504      -0.008946331  C
  2    40       0.012413039       0.018039896       0.018683873  Zr
  1     6       0.004063495      -0.007813434      -0.006026350  C
  2    40      -0.040261249      -0.042362262      -0.016409174  Zr
  1     6       0.009634767      -0.001129182      -0.007824299  C
  2    40      -0.006110526      -0.021372914       0.013922108  Zr
  1     6      -0.061888376       0.000690278       0.017257171  C
  1     6      -0.010055543       0.006057951       0.013418786  C
  2    40       0.020544251      -0.001904917       0.001090148  Zr
  1     6      -0.023958517       0.012294943       0.001087538  C
  2    40      -0.033646128      -0.034275244      -0.007348750  Zr
  2    40      -0.012661556       0.018801400      -0.025482664  Zr
  1     6       0.009891943      -0.014686271      -0.004918683  C
  2    40       0.000007063       0.012678226       0.000398342  Zr
  1     6       0.002705327      -0.004782058      -0.004031015  C
  1     6      -0.001251294      -0.018264298       0.013275919  C
  2    40       0.011841786       0.021255288      -0.000302577  Zr
  1     6      -0.005938494      -0.012681799      -0.004869546  C
  2    40      -0.012964504       0.023301214       0.012081518  Zr
