              -3389.8505472755
         -0.000288109      -0.000017911       0.000002836
         -0.000017910      -0.000302074       0.000020178
          0.000002836       0.000020179      -0.000196826
          64
  1     6       0.002658790       0.003305325       0.021164000  C
  1     6      -0.002770803       0.041327614      -0.004209298  C
  2    40      -0.053277918       0.130836698       0.028607852  Zr
  1     6       0.043530487      -0.118691653      -0.150104739  C
  2    40       0.215194804      -0.030012936      -0.060075022  Zr
  2    40       0.030682102       0.033808042       0.023542432  Zr
  1     6      -0.009189654       0.047556353      -0.004407408  C
  2    40      -0.119774706      -0.101518132      -0.144844575  Zr
  1     6       0.067028575      -0.040310726      -0.015779434  C
  1     6      -0.006309510       0.007516011      -0.007508511  C
  2    40       0.009358990      -0.008694282      -0.003816365  Zr
  1     6      -0.004970354       0.004919378       0.017527760  C
  2    40       0.006424372       0.008237775       0.029786933  Zr
  2    40       0.003260751      -0.016579788      -0.002965123  Zr
  1     6       0.010324688       0.019935072       0.018909912  C
  2    40       0.002659924      -0.001950461       0.105936306  Zr
  2    40      -0.038923842       0.044114878      -0.013352272  Zr
  1     6       0.009816318       0.032558168       0.004125688  C
  2    40       0.168670684      -0.110075148       0.117476378  Zr
  1     6      -0.017948085      -0.037691994       0.036205316  C
  1     6      -0.015204141      -0.009298766       0.007130281  C
  2    40       0.026618164       0.047400805      -0.034045158  Zr
  1     6       0.014951298       0.134610681       0.027429895  C
  2    40      -0.140012976      -0.311528435       0.009584290  Zr
  2    40       0.015488788       0.014831542       0.028888804  Zr
  1     6      -0.021833639      -0.006801071       0.002084521  C
  2    40      -0.016583864       0.046639340      -0.036707996  Zr
  1     6      -0.004156561       0.002984052      -0.019528174  C
  1     6       0.002230513       0.012126052      -0.006889777  C
  2    40      -0.004349901      -0.013810005       0.015741262  Zr
  1     6      -0.009705913       0.003735056      -0.017189352  C
  2    40      -0.017560361       0.027469001      -0.006217408  Zr
  1     6       0.004180549      -0.003854945      -0.009681405  C
  2    40      -0.007741950      -0.007361985      -0.005208704  Zr
  1     6      -0.003777145       0.008511925       0.006402817  C
  2    40       0.010609179       0.022403357       0.014563102  Zr
  2    40       0.004604812       0.013208614      -0.008235597  Zr
  1     6       0.004730597      -0.013442860       0.003204285  C
  2    40       0.059279774       0.070008130       0.008722402  Zr
  1     6       0.034257325       0.005863281       0.002782601  C
  1     6      -0.003880644      -0.006036929      -0.012813741  C
  2    40       0.024903908       0.014239089      -0.008879085  Zr
  1     6       0.000151299      -0.008160535      -0.002368936  C
  2    40       0.011636824      -0.006290846      -0.009143658  Zr
  2    40      -0.007131281      -0.001885750       0.005192646  Zr
  1     6       0.005143482      -0.003718777       0.004191855  C
  2    40      -0.018999846       0.005979979      -0.010100435  Zr
  1     6       0.003871657       0.002923765      -0.002900870  C
  2    40      -0.000848278      -0.028396108       0.005847894  Zr
  1     6      -0.006125190       0.014021397       0.004415375  C
  2    40      -0.070451377       0.015479670      -0.000676218  Zr
  1     6      -0.078222041       0.011537109      -0.010393624  C
  1     6      -0.020860027       0.006334449       0.007090280  C
  2    40      -0.000386615      -0.006785631      -0.006608674  Zr
  1     6      -0.013109076       0.019099872       0.002906293  C
  2    40      -0.037173840       0.019629969      -0.008897197  Zr
  2    40       0.013435802      -0.020941657      -0.012786808  Zr
  1     6      -0.015962418       0.009514624       0.011659512  C
  2    40       0.026223650       0.001286754       0.002493937  Zr
  1     6       0.003604814       0.007002165      -0.013850080  C
  1     6       0.000634378       0.024259619       0.010819320  C
  2    40      -0.014720975      -0.024685460       0.008850247  Zr
  1     6      -0.003948570       0.017125768       0.015953308  C
  2    40      -0.044789327      -0.018596959       0.040826678  Zr
