              -3390.0707843932
         -0.000255479      -0.000009491       0.000004373
         -0.000009491      -0.000178601       0.000008589
          0.000004373       0.000008589      -0.000139697
          64
  1     6      -0.006631245       0.029744161       0.007324250  C
  1     6      -0.000493861       0.014583475       0.006591370  C
  2    40      -0.028882237       0.038897864      -0.005541283  Zr
  1     6      -0.004777390      -0.054041264       0.002889203  C
  2    40       0.180470395       0.070904170      -0.024654711  Zr
  2    40       0.019975274      -0.001152787      -0.003806650  Zr
  1     6       0.024289802       0.002262788      -0.027138795  C
  2    40      -0.056392913      -0.029677234       0.055553733  Zr
  1     6      -0.166739758      -0.022071913      -0.004151347  C
  1     6       0.019715524       0.007683817       0.009651580  C
  2    40       0.014713866       0.000409711      -0.002782029  Zr
  1     6      -0.006492665       0.008273384       0.010201715  C
  2    40       0.010612859      -0.017385016      -0.005259298  Zr
  2    40       0.003385593      -0.053021162       0.030271379  Zr
  1     6      -0.001297469       0.016717320      -0.017989636  C
  2    40       0.028923483      -0.010952432      -0.007070414  Zr
  2    40      -0.014611236       0.002713433       0.031710596  Zr
  1     6       0.018886429       0.004097673       0.028024123  C
  2    40      -0.042368182      -0.077764610       0.003421570  Zr
  1     6      -0.024667011      -0.004479678       0.067517370  C
  1     6      -0.000354268       0.009719684      -0.026184050  C
  2    40       0.000438261      -0.020967567      -0.025440635  Zr
  1     6       0.044186239       0.076719300      -0.052268830  C
  2    40       0.005981187      -0.026282691       0.054587987  Zr
  2    40       0.006429635       0.001767767      -0.026420489  Zr
  1     6      -0.004194195      -0.003354773       0.014582314  C
  2    40       0.052160942      -0.004074385       0.009457007  Zr
  1     6      -0.002388217       0.019245085      -0.023146965  C
  1     6       0.011284343      -0.005513549      -0.022352398  C
  2    40      -0.027548032       0.015187966       0.040247052  Zr
  1     6      -0.011112416       0.007747001      -0.015971245  C
  2    40      -0.017078644      -0.025078533      -0.022664643  Zr
  1     6       0.004783908       0.019526450       0.014253722  C
  2    40      -0.015001998      -0.005040644       0.018842624  Zr
  1     6       0.027652545       0.029571023       0.001006297  C
  2    40       0.022433659      -0.015718383       0.024221270  Zr
  2    40       0.021985090       0.007467970      -0.012523787  Zr
  1     6       0.008668565      -0.018011402      -0.013806099  C
  2    40      -0.013592182       0.013851504      -0.036966427  Zr
  1     6       0.013298749      -0.002675108       0.007747753  C
  1     6      -0.011895251      -0.020291485      -0.000689293  C
  2    40      -0.012606677       0.010179502       0.020282775  Zr
  1     6      -0.020504469       0.009331812       0.016658718  C
  2    40       0.020773818       0.010487565      -0.019703592  Zr
  2    40      -0.003274006       0.016517429       0.007847254  Zr
  1     6      -0.017984011      -0.006060046      -0.027340773  C
  2    40      -0.020676408      -0.006339721      -0.041331495  Zr
  1     6      -0.015740708       0.000469054       0.001285997  C
  2    40      -0.037970382      -0.026302969      -0.017014637  Zr
  1     6       0.023622332       0.011494757       0.010736236  C
  2    40       0.039155757       0.024475409       0.020466407  Zr
  1     6      -0.057998619       0.004485881       0.010975891  C
  1     6      -0.020000038      -0.005444108      -0.007316664  C
  2    40      -0.039307967       0.006121951      -0.016217196  Zr
  1     6       0.004432589      -0.005414549      -0.003735696  C
  2    40      -0.007286047      -0.022657303      -0.069234623  Zr
  2    40       0.018248848       0.012649652       0.020044328  Zr
  1     6       0.024315502      -0.013046433       0.016439036  C
  2    40       0.011183621       0.018842987       0.000331403  Zr
  1     6       0.001895990      -0.005485144       0.021351560  C
  1     6       0.009256008      -0.039193050      -0.008691349  C
  2    40       0.007181074      -0.020152866       0.009301854  Zr
  1     6      -0.001220837      -0.003171817       0.006234475  C
  2    40       0.011376577       0.046775948      -0.013531798  Zr
