              -3390.1720443845
         -0.000089814      -0.000002570      -0.000004448
         -0.000002571      -0.000123641       0.000013265
         -0.000004448       0.000013265      -0.000107629
          64
  1     6      -0.001658569       0.009704314      -0.018284937  C
  1     6       0.000518093       0.001303798      -0.009402327  C
  2    40      -0.023405689       0.028017364       0.005318077  Zr
  1     6      -0.061498527      -0.042855140       0.049835336  C
  2    40       0.016740739      -0.006791719       0.013038931  Zr
  2    40      -0.011435634      -0.027124233       0.018524523  Zr
  1     6      -0.007733005      -0.008228355      -0.008118602  C
  2    40      -0.079025429       0.003456060      -0.044247187  Zr
  1     6       0.014106621       0.067337410       0.054320639  C
  1     6      -0.003850925      -0.009989489      -0.014612546  C
  2    40       0.017067325      -0.006427241      -0.004711468  Zr
  1     6       0.002312008       0.007008580      -0.019509445  C
  2    40      -0.011377098       0.001017289      -0.021097299  Zr
  2    40      -0.010272560       0.001108954       0.005143167  Zr
  1     6      -0.007561771       0.005979193      -0.004277522  C
  2    40       0.016688569       0.004924220      -0.006387911  Zr
  2    40      -0.009092187      -0.007249897      -0.033666477  Zr
  1     6       0.007778215       0.017592713       0.003218520  C
  2    40      -0.001902948      -0.106412997       0.125657809  Zr
  1     6      -0.024741114       0.064496630       0.002377806  C
  1     6      -0.001508483      -0.002299553      -0.007949491  C
  2    40      -0.003767860       0.033515277      -0.040027708  Zr
  1     6       0.054500992      -0.023550712      -0.049189454  C
  2    40       0.095442055      -0.022514771       0.046343768  Zr
  2    40       0.010536480      -0.017750234       0.008935060  Zr
  1     6      -0.005931271       0.004806634       0.009729234  C
  2    40       0.003936353       0.028887394      -0.011864327  Zr
  1     6       0.003130742      -0.001846444      -0.009100308  C
  1     6       0.004136261      -0.013223754       0.005606885  C
  2    40       0.007502648      -0.003064011      -0.000122532  Zr
  1     6       0.002457624      -0.001827358       0.002417860  C
  2    40      -0.012291817       0.018917981      -0.021473509  Zr
  1     6       0.011801727      -0.003086303      -0.001547325  C
  2    40       0.020465968       0.010178691      -0.005695742  Zr
  1     6       0.020084407      -0.003015328      -0.002977435  C
  2    40      -0.006242342       0.018095925      -0.009448075  Zr
  2    40      -0.010677044       0.012149140      -0.007462234  Zr
  1     6      -0.001942176       0.002095053       0.007996214  C
  2    40       0.011254085      -0.003121820      -0.023161183  Zr
  1     6      -0.005646988      -0.007619436      -0.001040012  C
  1     6      -0.009313313       0.009551155       0.015409090  C
  2    40       0.005927392      -0.013724363      -0.001606338  Zr
  1     6      -0.000423982       0.004466708       0.006061097  C
  2    40      -0.001389405      -0.005862671       0.000443145  Zr
  2    40       0.002468010      -0.007156319      -0.009221402  Zr
  1     6      -0.002881852       0.022140073       0.006829333  C
  2    40      -0.022304971      -0.028227825      -0.016905218  Zr
  1     6       0.001757251       0.009472055       0.003373488  C
  2    40      -0.007235503       0.002320300       0.024412771  Zr
  1     6       0.005715878      -0.009253309      -0.012160016  C
  2    40      -0.003137324       0.012023682      -0.006111864  Zr
  1     6       0.010254133      -0.008827908      -0.002985674  C
  1     6       0.003968827       0.005956121      -0.008495204  C
  2    40       0.011639521      -0.014730181       0.001693658  Zr
  1     6      -0.007966937       0.005223980       0.004468485  C
  2    40      -0.010302006      -0.003480978       0.000582391  Zr
  2    40      -0.001272509      -0.023213940       0.011856567  Zr
  1     6      -0.006679559       0.027573073      -0.003373334  C
  2    40      -0.000241436      -0.012168262       0.018300652  Zr
  1     6      -0.004497208       0.018642898      -0.008233706  C
  1     6       0.014060004      -0.001249585      -0.009473842  C
  2    40       0.011994530      -0.006405509       0.003564126  Zr
  1     6      -0.000424089       0.000576712      -0.003620525  C
  2    40      -0.005440811      -0.010778672       0.001486335  Zr
