2038479456
2.804811717630352863039888688945211470127105712890625
2.882003979802800319731659328681416809558868408203125
3.7655712076462410919930334785021841526031494140625
2.800729547137187136485181326861493289470672607421875
2.406737629407662115710309080895967781543731689453125
5.09600961620553594144666931242682039737701416015625
2.889616791896113312532179406844079494476318359375
0.74488905719487374934573153950623236596584320068359375
2.28709295044753790904223933466710150241851806640625
2.94956524076619519547648451407440006732940673828125
1.1842720605860119764685123300296254456043243408203125
2.2458644197016557342294618138112127780914306640625
5.679099837390406690929012256674468517303466796875
3.47785214862733482732437551021575927734375
3.90387018407724628588084669900126755237579345703125
2.50327983000390030809967356617562472820281982421875
1.5582422445035124525247738347388803958892822265625
5.79966800971996843117040043580345809459686279296875
2.0007158993277389669174226582981646060943603515625
3.147516603632436460458166038733907043933868408203125
4.21869236352870213835331014706753194332122802734375
3.967252493739088503588163803215138614177703857421875
5.70283850079066656491022513364441692829132080078125
3.95743216459818114572044578380882740020751953125
2.370670917325895299399007853935472667217254638671875
0.2922709052127749895788610956515185534954071044921875
4.927990601744344445478418492712080478668212890625
1.5206532169436541845897181701730005443096160888671875
0.9874389757054944372072213809587992727756500244140625
1.137364993881586627821889123879373073577880859375
3.104881009020506343887291222927160561084747314453125
5.31680576149033878863292557070963084697723388671875
2.742743333692187146510832462809048593044281005859375
3.703751405673771923687809248804114758968353271484375
0.86731542221579072116099951017531566321849822998046875
2.867727458829490760905400748015381395816802978515625
2.52842362621834393365816140430979430675506591796875
5.9111316411693071160016188514418900012969970703125
5.26393620350254121120769923436455428600311279296875
3.654822975321377231949782071751542389392852783203125
4.20919060820602908279397524893283843994140625
4.90636479874034225900913952500559389591217041015625
0.2020439025227461493638969614039524458348751068115234375
0.89471574615928728402280967202386818826198577880859375
5.1423380812549854823600981035269796848297119140625
6.0807920438626528181202957057394087314605712890625
5.6727255639263614028777737985365092754364013671875
0.343971740873673714755653918473399244248867034912109375
3.664515670711626871280941486475057899951934814453125
0.5925575277126371442903973729698918759822845458984375
4.615805855853654549036946264095604419708251953125
3.334653575746073794761059616575948894023895263671875
4.012079642036542992400427465327084064483642578125
2.809121006155171240692425271845422685146331787109375
0.264793119757033623695718915769248269498348236083984375
4.34425236344168297364376485347747802734375
4.12785256201070094306260216399095952510833740234375
1.044794334987599437880589903215877711772918701171875
3.111264577866021507901450604549609124660491943359375
5.51937934861335843805818512919358909130096435546875
3.971590821187760855792703296174295246601104736328125
3.934451146470661964116288800141774117946624755859375
4.14821328905149488974757332471199333667755126953125
5.4934146827326681972181177115999162197113037109375
2.04296073389178101109564522630535066127777099609375
6.06137474976470258525296230800449848175048828125
3.263071896987433273551459933514706790447235107421875
1.2366254688915960802120252992608584463596343994140625
6.07544294242615734447099384851753711700439453125
3.984796781637223173078155014081858098506927490234375
4.22650515652331559834919971763156354427337646484375
4.53103448722041690643891342915594577789306640625
5.013295704335096303339014411903917789459228515625
0.11788358306746100911954755474653211422264575958251953125
1.2321536033549025379585373229929246008396148681640625
3.81179233839628750502015464007854461669921875
4.671063718305159540022941655479371547698974609375
2.281690209656784151803776694578118622303009033203125
5.74148107221128523036668411805294454097747802734375
4.0656353641939393384063805569894611835479736328125
1.2947064969830852643184471162385307252407073974609375
1.8768377929226633948900371251511387526988983154296875
0.6734825336177454602193392929621040821075439453125
5.54974463299449549680275595164857804775238037109375
0.8760244368610263787644498734152875840663909912109375
0.52279093237542084704472244993667118251323699951171875
5.2972199567847884082993914489634335041046142578125
0.8905167089925203338651726880925707519054412841796875
4.34646894472969069767032124218530952930450439453125
5.8687053403951647823078019428066909313201904296875
0.36247792081496488236780351144261658191680908203125
4.49918167262725621213803606224246323108673095703125
4.860370557806728442074017948471009731292724609375
1.286448043550941999768610912724398076534271240234375
1.9896061688218196206179300133953802287578582763671875
5.8199228361210781912404854665510356426239013671875
2.91272291585185083562237196019850671291351318359375
1.5589057627012594675619538975297473371028900146484375
4.5270385908579999778567071189172565937042236328125
4.0519456255134986832899812725372612476348876953125
4.07682120740163522754073710530065000057220458984375
4.2224073181775310104058007709681987762451171875
3.345376680410593994707824094803072512149810791015625
0.83500091652879770975914652808569371700286865234375
6.12132432215586863577527765301056206226348876953125
0.70409756737320439157201690250076353549957275390625
3.817833329863740576826103279017843306064605712890625
5.23415858209095841147018290939740836620330810546875
5.7009658222845001063205927493982017040252685546875
0.430499614762644255971935081106494180858135223388671875
5.5895047304609448701739893294870853424072265625
4.69169935983706043458596468553878366947174072265625
1.380812474075789442196082745795138180255889892578125
5.8052477987082280463937422609888017177581787109375
0.792884912382401108033036507549695670604705810546875
5.027728789726978675389545969665050506591796875
1.8655593791848101847818952592206187546253204345703125
1.677376678118787101112729942542500793933868408203125
1.7966895350745606396714038055506534874439239501953125
0.336411078884015335432877691346220672130584716796875
2.932898551571545997518342119292356073856353759765625
1.8354454972754263852863232386880554258823394775390625
6.2437878921093528106212033890187740325927734375
2.862565169105754758760440381593070924282073974609375
1.0238401020824472453796261106617748737335205078125
0.78576979964849880122557124195736832916736602783203125
3.26030193182628380554888281039893627166748046875
2.54920187885618787504427018575370311737060546875
5.444888979098042369741961010731756687164306640625
4.2657801708358622505556922988034784793853759765625
5.64527249593447066899898345582187175750732421875
4.8242947112644802842851277091540396213531494140625
5.9772744655415142034371456247754395008087158203125
0.15539733178884740372183159706764854490756988525390625
2.730863686956687796936193990404717624187469482421875
3.12560725492066726616258165449835360050201416015625
1.53231706278175483504355725017376244068145751953125
6.13130881996352083973533808602951467037200927734375
5.74747153156247758687413806910626590251922607421875
0.871302760507450368976378740626387298107147216796875
6.00375347001183712336569442413747310638427734375
0.81828586618831689047937061332049779593944549560546875
0.8513564196415079887714227879769168794155120849609375
1.338799204814357768356103406404145061969757080078125
5.438752119683083918744159745983779430389404296875
6.25083399314582965899944611010141670703887939453125
2.331717730361388074555861749104224145412445068359375
6.028485887810997922997557907365262508392333984375
5.01042949086774047628978223656304180622100830078125
3.516585593593139602575092794722877442836761474609375
0.392506333198543388984802504637627862393856048583984375
0.83868481342682488222095571472891606390476226806640625
5.32006030070990032498912114533595740795135498046875
3.417743047945568601875265812850557267665863037109375
3.39749701953378302476949102128855884075164794921875
5.27247286299146633581358400988392531871795654296875
5.946118371534804936118234763853251934051513671875
6.098935288457905556924742995761334896087646484375
3.17506117129845133462140438496135175228118896484375
0.5273495899158622268743101813015528023242950439453125
0.475943263070809863268806338965077884495258331298828125
0.84828200074741622049856459852890111505985260009765625
5.28694168162032962499097266118042171001434326171875
4.83346788933509952101985618355683982372283935546875
0.494280505232421674133291844555060379207134246826171875
5.472293747386661522114081890322268009185791015625
2.42587572851620958402918404317460954189300537109375
2.811610234411263231635302872746251523494720458984375
0.71460159127799405265335508374846540391445159912109375
6.2470972585726514125781250186264514923095703125
4.2352137908098512752985698170959949493408203125
0.946978494505724466279161788406781852245330810546875
5.043958247818064677403526729904115200042724609375
4.41243635059513028551236857310868799686431884765625
1.9172776703842189238713444865425117313861846923828125
4.2664621071722148570870558614842593669891357421875
5.4347842206468488512882686336524784564971923828125
5.2008819298130628538956443662755191326141357421875
5.70832669355220811979734207852743566036224365234375
2.16954117182941086383607398602180182933807373046875
5.8180326991505655342962199938483536243438720703125
0.80620873721559471736242130646132864058017730712890625
1.3864428771037207166472171593341045081615447998046875
3.42347385396704861904026984120719134807586669921875
3.56398695398368925424392728018574416637420654296875
6.21314307919349229081262819818221032619476318359375
2.34058532825214538064528824179433286190032958984375
5.414162304212357668120603193528950214385986328125
1.6396647537370088176800209112116135656833648681640625
3.03719238933505319977257386199198663234710693359375
2.200013992392644279760816061752848327159881591796875
5.95016336050209293517809783224947750568389892578125
0.5493816330793228619455703665153123438358306884765625
0.85532594558565222531143490414251573383808135986328125
0.461329286201544730428025786750367842614650726318359375
0.6536315989930330250246015566517598927021026611328125
0.3026299589791474620170674825203604996204376220703125
0.9299398297117742462347678156220354139804840087890625
0.59563699019869653650260943322791717946529388427734375
0.498522351262402907412507602202822454273700714111328125
0.62734337459660294289420789937139488756656646728515625
0.77487927292235159182354209406184963881969451904296875
0.68503128489713704940555771827348507940769195556640625
0.6762327289563756504975344796548597514629364013671875
0.7531990109724919779665697205928154289722442626953125
0.492846384408346549488300070152035914361476898193359375
0.6986203234170658138424414573819376528263092041015625
0.0677198870422876797459110775889712385833263397216796875
0.85709453972852533976123368120170198380947113037109375
0.84731122797695512804949657947872765362262725830078125
0.368795784827692318952330197134870104491710662841796875
0.7014680163476001428790596037288196384906768798828125
0.3119979478940357875416111710364930331707000732421875
0.1313225404039596033722858692271984182298183441162109375
0.74996062123680518052282195640145801007747650146484375
0.271637086417357009882067586659104563295841217041015625
0.09928277977708856172345264212708570994436740875244140625
0.5657867479910081431881962998886592686176300048828125
0.403956783657873408355243327605421654880046844482421875
0.6881708771400949498087129541090689599514007568359375
0.79553683791101759137376348007819615304470062255859375
0.77847603232528828076652871459373272955417633056640625
0.57942662042538939370928119387826882302761077880859375
0.74215911689314950638873824573238380253314971923828125
0.7692417519955159210809370051720179617404937744140625
0.75494498515266228455544705866486765444278717041015625
0.09041317090877014350791540664431522600352764129638671875
0.80946328063004802100266488196211867034435272216796875
0.08782084662831428356621898956291261129081249237060546875
0.310046056895538268971534989759675227105617523193359375
0.57063071270037013515974422261933796107769012451171875
0.2150854632328662308093925048524397425353527069091796875
0.628199502652603936070363488397561013698577880859375
0.454227557151684335767782840775907970964908599853515625
0.022891687705596762414383960049235611222684383392333984375
0.189312080475181387928529375130892731249332427978515625
0.323415694908898154746879072263254784047603607177734375
0.312585686479036561902233870569034479558467864990234375
0.8139840317023843141441830084659159183502197265625
0.339363475022541105641238345924648456275463104248046875
0.6442151477766293599103164524422027170658111572265625
0.7212633205211085307695384472026489675045013427734375
0.55072146120980447481230157791287638247013092041015625
0.13703943748820546222333405239623971283435821533203125
0.471512421719502861083839206912671215832233428955078125
0.476323775237576907404246639998746104538440704345703125
0.0287686376966389996401307627138521638698875904083251953125
0.7120566264316703364301019973936490714550018310546875
0.472281449694317512211227949592284858226776123046875
0.68912442665972017952213946045958437025547027587890625
0.308682616943811327647750886171706952154636383056640625
0.313601662550867354983807899770908989012241363525390625
0.84622461946970994883798766750260256230831146240234375
0.53494062718699719738424391834996640682220458984375
0.680932152402089929665862655383534729480743408203125
0.2434344339386720346141146364971064031124114990234375
0.96861256191908040591442841105163097381591796875
0.05977561839845758895339855598649592138826847076416015625
0.495424355145275774336965923794195987284183502197265625
0.1578763300356810506119842330008395947515964508056640625
0.64390055073606811131270433179452084004878997802734375
0.0090799103533289911294179574952067923732101917266845703125
0.325609343743701151741021249108598567545413970947265625
0.32963732878194995645770859482581727206707000732421875
0.8874207203683539546545944176614284515380859375
0.29306393037227163045344013880821876227855682373046875
0.8971982621109104716339288643212057650089263916015625
0.82820164916487482020812649352592416107654571533203125
0.2328529419530429578344410401768982410430908203125
0.403631531355730988064323128128307871520519256591796875
0.2374463776300877182467985448965919204056262969970703125
0.23893239406819100079104600808932445943355560302734375
0.61176371975418353255093961706734262406826019287109375
0.72539296221239168982464207147131673991680145263671875
0.495523068818972955984492045899969525635242462158203125
0.07412485083291532605986873250003554858267307281494140625
0.51746939752133069845285717747174203395843505859375
0.812092807987748077636069865548051893711090087890625
0.804341298436904938995439806603826582431793212890625
0.64096953470305051414612762528122402727603912353515625
0.1604918912800456787248748469210113398730754852294921875
0.88786535518610165684805224373121745884418487548828125
0.5406990584641224728557062917388975620269775390625
0.8011130340402541349931198055855929851531982421875
0.0792092793058647159920582225822727195918560028076171875
0.68733709477229842921275348999188281595706939697265625
0.8518105311560493220213174936361610889434814453125
0.52271459648512053064450810779817402362823486328125
0.22497750084147671856271699653007090091705322265625
0.57076232534403092966357462501036934554576873779296875
0.131376850014262303023571121229906566441059112548828125
0.85992418968115191812984221542137674987316131591796875
0.72809193782885184287323454555007629096508026123046875
0.49192498926628613897804598309448920190334320068359375
0.81374713397293685357425374604645185172557830810546875
0.22419525367403181359549080298165790736675262451171875
0.06692798857899755204936553809602628462016582489013671875
0.031929178178277416166874758118865429423749446868896484375
0.82812761274544877121428498867317102849483489990234375
0.38117904746028552498415820082300342619419097900390625
0.0377867771488552828262896809974336065351963043212890625
0.2239925489872659214451999787343083880841732025146484375
0.99478563060741198587066946856793947517871856689453125
0.35317155874947625537885187441133894026279449462890625
0.99481470370423730198439216110273264348506927490234375
0.94026370110933843449174673878587782382965087890625
0.5688210598047920285580403287895023822784423828125
0.77503780125409260648439158103428781032562255859375
0.47220488752806788479432498206733725965023040771484375
0.8293462329680780786844707108684815466403961181640625
0.39985731402405411127887191469199024140834808349609375
0.260191045822664668296653189827338792383670806884765625
0.165602095036582130926916534008341841399669647216796875
0.074412349646171715988884898251853883266448974609375
0.1251624362194735662345834725783788599073886871337890625
0.90106659936768307428422986049554310739040374755859375
0.5241075388733797968399130695615895092487335205078125
0.052546521673233488602949847745549050159752368927001953125
0.87176629336167421602254989920766092836856842041015625
0.73865629999835802355079295011819340288639068603515625
0.329651964050555579266443828601040877401828765869140625
0.9927725503187498912183173160883598029613494873046875
0.479107890966864236048650127486325800418853759765625
0.1953860210233302752147466208043624646961688995361328125
0.03477314116189868242745575344088138081133365631103515625
0.2372647990646142568404997064135386608541011810302734375
0.07827374016785702826037862678276724182069301605224609375
0.901415757789004512545716352178715169429779052734375
0.7895760693538822483361627746489830315113067626953125
0.2376055425208087878985452334745787084102630615234375
0.431419504075972126688753860435099340975284576416015625
0.07768771894168467750940720861763111315667629241943359375
0.26373128977777959836004129101638682186603546142578125
0.474420211498821242646073415016871877014636993408203125
0.53595232103762791009415877852006815373897552490234375
0.002078579274042779458098184619530002237297594547271728515625
0.89199651260487577975055728529696352779865264892578125
0.76407730847786992089964996921480633318424224853515625
0.7626614802343125720796024324954487383365631103515625
0.322417181601010793823292033266625367105007171630859375
0.98419558349260849450246269043418578803539276123046875
0.232065076116502788661222211885615251958370208740234375
0.057137825552903968862050732013813103549182415008544921875
0.306345158399243422397972835824475623667240142822265625
0.10930894087502217304486151761011569760739803314208984375
0.76145240048014206646342927342629991471767425537109375
0.68262284234288284068270513671450316905975341796875
0.496255487900346292651221347114187665283679962158203125
0.96937436003674493090187525012879632413387298583984375
0.08185171479445496611759836014243774116039276123046875
0.1837522108963468292497367428950383327901363372802734375
0.37093096523123370023000688888714648783206939697265625
0.0787814231956291133318615038660936988890171051025390625
0.4468531261416399669172960784635506570339202880859375
0.09447160274464246054737515123633784241974353790283203125
0.63887752482615300930746116137015633285045623779296875
0.3289522884082758391599554670392535626888275146484375
0.141136508966394014219503105778130702674388885498046875
0.004423434382501725999070618655650832806713879108428955078125
0.2328040088679660113424318979014060460031032562255859375
0.99143236828568970242514524215948767960071563720703125
0.6544608211398408315062624751590192317962646484375
0.8333965287699347523897586142993532121181488037109375
0.62040934228357358382055508627672679722309112548828125
0.12139200797369331663588809533393941819667816162109375
0.30809756894972994967218937745201401412487030029296875
0.7861913511465263848521090039866976439952850341796875
0.38089294190560141206702837735065259039402008056640625
0.8140368083557285583395923822536133229732513427734375
0.7064156777720971280842832129565067589282989501953125
0.597016375789892084213761336286552250385284423828125
0.98717559733762205720353222204721532762050628662109375
0.2162358026095832774782223850706941448152065277099609375
0.312058778159347738334616906286100856959819793701171875
0.5757937736696534525293600381701253354549407958984375
0.334391613180931468463086275733076035976409912109375
0.5391191963754218274829099755152128636837005615234375
0.2412813516525930401801502966918633319437503814697265625
0.1395687424296367662446272106535616330802440643310546875
0.1752866134863750036121388120591291226446628570556640625
0.56395175101419525720558567627449519932270050048828125
0.5661049697390314605627281707711517810821533203125
0.1624127166170686031865244558503036387264728546142578125
0.215115876037215769667199083414743654429912567138671875
