              -3390.2086607794
         -0.000106879      -0.000008968      -0.000002161
         -0.000008968      -0.000092815       0.000002166
         -0.000002161       0.000002166      -0.000118632
          64
  1     6       0.017085527       0.004975487      -0.018733072  C
  1     6      -0.005766618       0.003696250       0.008020681  C
  2    40      -0.037708719       0.030607440       0.025370330  Zr
  1     6      -0.003074522      -0.043794895       0.011680982  C
  2    40       0.005563798       0.022658950       0.032475494  Zr
  2    40      -0.002242002      -0.019722806      -0.011821260  Zr
  1     6      -0.001623646      -0.002754442       0.012592542  C
  2    40       0.015884936       0.043805541      -0.018523641  Zr
  1     6      -0.031979688      -0.044542265       0.017659569  C
  1     6       0.003797814       0.018740985       0.001030889  C
  2    40       0.003577143       0.004755659      -0.002046449  Zr
  1     6       0.007233783       0.001797536       0.000903328  C
  2    40      -0.030623388       0.004698402      -0.005710931  Zr
  2    40       0.010055200      -0.028412868      -0.000658179  Zr
  1     6      -0.001134676       0.003989875      -0.004512780  C
  2    40      -0.003758293      -0.004169737       0.002936530  Zr
  2    40       0.000865034       0.008474905      -0.008675102  Zr
  1     6       0.016286266      -0.009878516      -0.005637167  C
  2    40      -0.011488187      -0.022399818      -0.004482683  Zr
  1     6       0.005523076      -0.021064858      -0.004931613  C
  1     6       0.010751480       0.001552737       0.009112876  C
  2    40      -0.009096671       0.008362556       0.004325509  Zr
  1     6      -0.022118742       0.031920343       0.029619563  C
  2    40       0.063164773       0.000380930       0.046702807  Zr
  2    40       0.015627129      -0.029370462       0.028752811  Zr
  1     6       0.022614298      -0.008520499      -0.004456468  C
  2    40      -0.005323259       0.041360983      -0.003383694  Zr
  1     6       0.005570505      -0.011665617      -0.019372936  C
  1     6      -0.013497075       0.008324202      -0.007330362  C
  2    40       0.022374351      -0.006809341       0.015464992  Zr
  1     6      -0.003448591       0.017345736      -0.013569215  C
  2    40      -0.010388908      -0.002615439      -0.033895490  Zr
  1     6      -0.001250278       0.002127833       0.003342878  C
  2    40       0.020932346      -0.015389233      -0.008659381  Zr
  1     6      -0.008425850       0.021228204      -0.017307254  C
  2    40      -0.025045652      -0.019204782      -0.031475933  Zr
  2    40       0.024986636       0.015965743      -0.000617396  Zr
  1     6      -0.011926844      -0.007636333       0.009649617  C
  2    40       0.001424306      -0.002291035       0.019452012  Zr
  1     6       0.000984763       0.000028777       0.000304032  C
  1     6       0.008132401      -0.025654509       0.003859399  C
  2    40       0.006724813       0.006442365      -0.010175730  Zr
  1     6      -0.010484690      -0.004139851      -0.016199621  C
  2    40       0.014988959       0.015783092       0.021502358  Zr
  2    40       0.000052661       0.031687185       0.008401244  Zr
  1     6      -0.022055625      -0.023089392      -0.007110483  C
  2    40       0.022749182      -0.001179820      -0.011494014  Zr
  1     6       0.002532141      -0.019511748      -0.017779868  C
  2    40       0.005457136       0.006969049      -0.003851136  Zr
  1     6      -0.010952702      -0.006577525      -0.012580270  C
  2    40      -0.006512929       0.024312318       0.023929588  Zr
  1     6       0.001476794      -0.008807156       0.008596771  C
  1     6      -0.011248130       0.023376771       0.001017135  C
  2    40       0.001343637       0.002120216       0.017509659  Zr
  1     6      -0.014855464       0.017799085      -0.002372850  C
  2    40      -0.026856731      -0.023372526       0.027765806  Zr
  2    40      -0.013134820       0.016252947       0.007742963  Zr
  1     6       0.010027214      -0.003243149      -0.007468692  C
  2    40       0.022654455       0.000913460      -0.037489892  Zr
  1     6       0.008121058      -0.013343287       0.002395696  C
  1     6      -0.030715191      -0.000342779      -0.016637535  C
  2    40      -0.024709325       0.003532796      -0.016193979  Zr
  1     6      -0.002801360      -0.007845540      -0.009347194  C
  2    40       0.036071008      -0.008000268      -0.007791714  Zr
