1609883415
2.492458581091344438362966684508137404918670654296875
2.118321756175547410094850420136936008930206298828125
2.096835293192665261585716507397592067718505859375
3.0609796655030532264163412037305533885955810546875
1.857324616248026583065211525536142289638519287109375
4.65893471133154601915293824276886880397796630859375
3.53023492647625847240533403237350285053253173828125
5.90427747498470001374926141579635441303253173828125
1.1665353141113350421420591374044306576251983642578125
2.758279500276797246982596334419213235378265380859375
1.08522317619517227882397492066957056522369384765625
4.24205517401629084162095750798471271991729736328125
3.62535893917738061276168082258664071559906005859375
4.4046272734124354286677771597169339656829833984375
0.259323084734678965812548767644329927861690521240234375
2.3630471713828651303401784389279782772064208984375
2.63957168283150966914263335638679563999176025390625
1.1652161365117572611183049957617186009883880615234375
4.9385447452224955355859492556191980838775634765625
0.452623994876903468220774584551691077649593353271484375
0.80566693965363256335621144899050705134868621826171875
3.537922496609207545503750225179828703403472900390625
6.21034955519961062719858091440983116626739501953125
0.958648587004019336887949975789524614810943603515625
0.94232898975262202601044236871530301868915557861328125
0.701414341550752329368378923390991985797882080078125
0.278879721779585310059701441787183284759521484375
4.94926010812454553189354555797763168811798095703125
4.31755074965322460656125258537940680980682373046875
1.6329296339739389765099986107088625431060791015625
3.428568199923557102692939224652945995330810546875
1.0454701972880908744656380804372020065784454345703125
2.194160435841052692040875626844353973865509033203125
4.52136156170507774731959216296672821044921875
0.1536968328888223267458812415497959591448307037353515625
1.36220393668239747597681343904696404933929443359375
3.8023589598645930465181663748808205127716064453125
5.295265641598181360905073233880102634429931640625
1.775955804885511302160239210934378206729888916015625
4.8232227814493118245309233316220343112945556640625
3.687657018808853326419239238020963966846466064453125
4.7458369605859278550497037940658628940582275390625
4.18492133856710690764657556428574025630950927734375
1.587590098619568124149736831896007061004638671875
0.1994285443957814762949709574968437664210796356201171875
0.5129753167565620497470035843434743583202362060546875
0.93331124087614691919867482283734716475009918212890625
3.41295133000024097924551824689842760562896728515625
3.769131850770337077705107731162570416927337646484375
3.97699155485491129269348675734363496303558349609375
0.341927842435626294648187695202068425714969635009765625
4.88219246205328705201509364997036755084991455078125
3.9561366248289129288195908884517848491668701171875
1.590624714438586106979300893726758658885955810546875
3.865001729327833146498960559256374835968017578125
2.1671919214267205688884132541716098785400390625
5.65529931596212609434815021813847124576568603515625
5.23601018579928823015734451473690569400787353515625
4.04175535072312097639724015607498586177825927734375
5.77632213982372721972069484763778746128082275390625
3.760934719938199055633276657317765057086944580078125
1.5859953394382408919938143299077637493610382080078125
1.5645576735507777943467999648419208824634552001953125
1.538532334605708928876310892519541084766387939453125
0.366888955292127338925212143294629640877246856689453125
2.973332907980274608661375168594531714916229248046875
4.57153407807209166691109203384257853031158447265625
4.85310360295380949224863798008300364017486572265625
5.46661287075919322120398646802641451358795166015625
1.6933925296895917522732588622602634131908416748046875
0.291205207428620382881234718297491781413555145263671875
4.317902745297875100050077890045940876007080078125
4.49042803605479701190006380784325301647186279296875
3.220354574994142016208797940635122358798980712890625
3.811142612590182832121854517026804387569427490234375
0.2069966760451475706883428529181401245296001434326171875
2.71960357139815744886846005101688206195831298828125
5.9831379904168908723249842296354472637176513671875
0.50875338492186994443500225315801799297332763671875
3.3346654663442141242057914496399462223052978515625
0.47082360863154715246992054744623601436614990234375
1.584459140867587212397893381421454250812530517578125
1.5971531414322124309279615772538818418979644775390625
1.003657789604643024716779109439812600612640380859375
0.314920455362118600906029541874886490404605865478515625
3.829010009352594057219221213017590343952178955078125
0.274449470410546625398495734771131537854671478271484375
0.26944488618148498826343484324752353131771087646484375
5.1344550798959591730863394332118332386016845703125
0.730690287391588366716632663155905902385711669921875
6.20329087599349549009275506250560283660888671875
3.951304422088686596481466040131635963916778564453125
2.73067898477179671345993483555503189563751220703125
0.640685086488915533919907829840667545795440673828125
4.88974213460234086170430600759573280811309814453125
4.11507471283349968160791831905953586101531982421875
4.00016363008345354757011591573245823383331298828125
4.1197381328633628783109088544733822345733642578125
5.853911297522483181410279939882457256317138671875
0.0947121807812344729260445319596328772604465484619140625
1.53726093883640402282253489829599857330322265625
0.491772115675340681928418007373693399131298065185546875
5.78744964185846111348610065761022269725799560546875
0.2934026157122937572552245910628698766231536865234375
4.2510164659582887480837598559446632862091064453125
1.01794650838888944832660854444839060306549072265625
1.961779872392290346994059291318990290164947509765625
0.5276458834917641116390996103291399776935577392578125
2.337322742983153123219608460203744471073150634765625
1.648705923931917283198345103301107883453369140625
5.14368152573964465545941493473947048187255859375
0.021260017893545569978019926793422200717031955718994140625
5.1801291933923412358353743911720812320709228515625
2.174791324412927995268773884163238108158111572265625
2.9812087702990783810719221946783363819122314453125
4.63650164087358884756895349710248410701751708984375
6.19322569532799160896274770493619143962860107421875
0.046994821308268715231992729286503163166344165802001953125
5.88949076133159099555314242024905979633331298828125
4.05302415016336414765873996657319366931915283203125
1.3644903430502808294733085858752019703388214111328125
1.745258663389991138359391698031686246395111083984375
3.757036291955664797370673113618977367877960205078125
1.735543769680821579726170966750942170619964599609375
3.441235516862434895557498748530633747577667236328125
0.755053306672639035213023817050270736217498779296875
2.86484503330399231657565906061790883541107177734375
5.1623915954993417898322149994783103466033935546875
4.91731147824892911302185893873684108257293701171875
0.2294588088336470266259681238807388581335544586181640625
3.3235011221805965675457628094591200351715087890625
6.13380466060932594274390794453211128711700439453125
3.71104890918200158722584092174656689167022705078125
2.647846245917530705327180839958600699901580810546875
0.238011616012320403878987917778431437909603118896484375
0.891490991951799482961860121577046811580657958984375
5.48865575755898316145930948550812900066375732421875
4.92877217743100803915012875222600996494293212890625
4.909654202223546093364348053000867366790771484375
2.773680478601793453208301798440515995025634765625
3.765380343650404082467275657108984887599945068359375
4.369436158762223243456901400350034236907958984375
4.3050471127664540205159937613643705844879150390625
2.10882899779905574888516639475710690021514892578125
4.30264007124799974235429544933140277862548828125
4.5545082395633897931475075893104076385498046875
0.9210629563399386210420516363228671252727508544921875
4.57649740801134630174828998860903084278106689453125
4.302741776238637072538040229119360446929931640625
1.6662809331096959386542266656761057674884796142578125
1.3588434500097708035326604658621363341808319091796875
6.14325535423939417256633532815612852573394775390625
5.19452158040328537680352383176796138286590576171875
3.52682065123172971965459510101936757564544677734375
5.1699728787822323283762671053409576416015625
5.888694895861139144699336611665785312652587890625
3.54604961218211922613363640266470611095428466796875
2.99920799353535993958530525560490787029266357421875
0.94040290595909059589985190541483461856842041015625
4.5070847159639537693465172196738421916961669921875
1.163139495041281890053141978569328784942626953125
0.302813567709848074915868210155167616903781890869140625
0.900349946922549992933682005968876183032989501953125
0.43312901690316041314332551337429322302341461181640625
5.82046933257590648480572781409136950969696044921875
3.460659812486307718160105650895275175571441650390625
4.6571818750743521064805463538505136966705322265625
1.460441384302759271207605706877075135707855224609375
1.826386795470268165075822253129445016384124755859375
1.1063233293269598700447886585607193410396575927734375
5.004577862442175728574511595070362091064453125
3.36534229083346314581604019622318446636199951171875
4.68677867981146079046084196306765079498291015625
3.835353596647030460786709227249957621097564697265625
5.1894019727774018946320211398415267467498779296875
4.58703926005180395719662556075491011142730712890625
4.837660662286655366415288881398737430572509765625
2.1535586191999041005828985362313687801361083984375
3.485978506408681898420809375238604843616485595703125
4.6579170294445564337593168602325022220611572265625
4.68609758904175688343229921883903443813323974609375
3.919390015718593911486777869868092238903045654296875
5.15612140865656609634015694609843194484710693359375
0.3454270137420734076982853366644121706485748291015625
4.0839081326300057384059982723556458950042724609375
1.412497272527660552299266782938502728939056396484375
2.16358327118296767110905420850031077861785888671875
5.07274286384480266320906594046391546726226806640625
4.85920454480411034836606631870381534099578857421875
6.194358233839142968690794077701866626739501953125
4.684164170176980945825562230311334133148193359375
3.834777379548522713292868502321653068065643310546875
0.363144719210986399726692752665258012712001800537109375
0.74749025318189066258156572075677104294300079345703125
0.07276179086079904989592392894337535835802555084228515625
0.318214762638423021012812341723474673926830291748046875
0.455605923410321522748489542209426872432231903076171875
0.481481651999746296244353516158298589289188385009765625
0.174877994775249623327084691482014022767543792724609375
0.4624934464052754545804191366187296807765960693359375
0.64720351651646357282743338146246969699859619140625
0.937565867760016491416763528832234442234039306640625
0.452817607416220735405687491947901435196399688720703125
0.46500426179962428552272513115894980728626251220703125
0.900381934317006749068923454615287482738494873046875
0.63850994111900682970173193098162300884723663330078125
0.056956162237076161936055740397932822816073894500732421875
0.43795965492630362092540963203646242618560791015625
0.71323201791999490950502149644307792186737060546875
0.75382258405621282992825626934063620865345001220703125
0.67261995313345457336851040963665582239627838134765625
0.0815962022550386356645191199277178384363651275634765625
0.81352983592708116855618527551996521651744842529296875
0.6900802155444771823766814122791402041912078857421875
0.5027728008584924079826805609627626836299896240234375
0.1740676924465539288089388492153375409543514251708984375
0.5915674793494714034380876910290680825710296630859375
0.322694949956003063196163793691084720194339752197265625
0.7867776107912778371655804221518337726593017578125
0.621378882611812510816662324941717088222503662109375
0.488717415131962595875592114680330269038677215576171875
0.7284320954831466909951132038258947432041168212890625
0.63597946224546964000268189920461736619472503662109375
0.96577445928276262065992341376841068267822265625
0.35184165805198330811975893084309063851833343505859375
0.135205288014935920415382497594691812992095947265625
0.79163438910228867140261854729033075273036956787109375
0.1526874872635526070308031876265886239707469940185546875
0.77987934499042077529651351142092607915401458740234375
0.5935720552660395110677882257732562720775604248046875
0.995341364757782454120160764432512223720550537109375
0.432628462292546644984980730441748164594173431396484375
0.879273307919163915613580684293992817401885986328125
0.63129392994162347729769635407137684524059295654296875
0.5430226240041771124111846802406944334506988525390625
0.353210462421742477090447209775447845458984375
0.51256163581859393030271121460827998816967010498046875
0.57741361650517841752616732264868915081024169921875
0.2480343078486781094316171447644592262804508209228515625
0.497752577298205600708769225093419663608074188232421875
0.262785117729932571339901414830819703638553619384765625
0.6243375770860992712840698004583828151226043701171875
0.84975935558311610495962895583943463861942291259765625
0.65958373093026867461929896307992748916149139404296875
0.61979276669202032490346709892037324607372283935546875
0.91229084549112748891985802401904948055744171142578125
0.0207955339089015180109587532797377207316458225250244140625
0.2020429741600728579253853922637063078582286834716796875
0.100242719566562554778244020781130529940128326416015625
0.5661197600728458123597874873667024075984954833984375
0.08600971618947093888518651283447979949414730072021484375
0.6750053822412180881684662381303496658802032470703125
0.00097277993381618519004583323095403102342970669269561767578125
0.74711244960646727708564185377326793968677520751953125
0.7956070736030149692652457815711386501789093017578125
0.8488830536831557527222003045608289539813995361328125
0.87782289175215311161082354374229907989501953125
0.112811697233846264243339874155935831367969512939453125
0.250245694187584188927786499334615655243396759033203125
0.35722094697748352221111645121709443628787994384765625
0.025551214360423020466317467480621417053043842315673828125
0.485172591863746116569444666311028413474559783935546875
0.61443109978662391323922520314226858317852020263671875
0.94641559009738995822402785051963292062282562255859375
0.52055247012551519869560934239416383206844329833984375
0.357939162458264792388007435874897055327892303466796875
0.431865572199162828237462008473812602460384368896484375
0.205133537857389802727681171745643950998783111572265625
0.285363542980218098943367976971785537898540496826171875
0.68184543991547330588076647472917102277278900146484375
0.197111013437207327481104357502772472798824310302734375
0.1393628074505193215060216971323825418949127197265625
0.00394912343656137788949767042367966496385633945465087890625
0.80251615205896842386579237427213229238986968994140625
0.0245699328484805003258717448488823720254004001617431640625
0.12423327850375011360828381157261901535093784332275390625
0.429248890573740438103556016358197666704654693603515625
0.09646789547822805233057152918263454921543598175048828125
0.296621436856976450346934370827511884272098541259765625
0.7583538092478894210302087230957113206386566162109375
0.55541883528019242444173642070381902158260345458984375
0.4237360932974778560122786075226031243801116943359375
0.149237515939975862178101806421182118356227874755859375
0.420122759146673019348128264027764089405536651611328125
0.581115618618724738553282804787158966064453125
0.515571675037765686511193052865564823150634765625
0.6326966921951140410129710289766080677509307861328125
0.85316053724529250512631506353500299155712127685546875
0.90710898763831193658546681035659275949001312255859375
0.89084063325582096837251810939051210880279541015625
0.81541378740939018943123528515570797026157379150390625
0.9818000681613572311334792175330221652984619140625
0.6244797825927286272218452722881920635700225830078125
0.28834266787783369156983326320187188684940338134765625
0.1211514487495419789553352529765106737613677978515625
0.7382751259665354393035840985248796641826629638671875
0.1629894483662161219772457343424321152269840240478515625
0.66385469150908971158742133411578834056854248046875
0.79088085041888100956697371657355688512325286865234375
0.74682802322638597303239293978549540042877197265625
0.185945649252247824367856310345814563333988189697265625
0.1502231001622151007612870898810797370970249176025390625
0.9173341807524366675608007426490075886249542236328125
0.45528815661337607156866624791291542351245880126953125
0.65906032578044582148635299745365045964717864990234375
0.7561220879462184907282562562613748013973236083984375
0.3612027016287682190665009329677559435367584228515625
0.7191367907073054066557915575685910880565643310546875
0.81619011928149964862910792362526990473270416259765625
0.90678370320554069206053782181697897613048553466796875
0.054175934779539670904657810979188070632517337799072265625
0.61391185206077614200381731279776431620121002197265625
0.80707004797042813937224536857684142887592315673828125
0.5293923474519477423427815665490925312042236328125
0.361743994225628695549090707572759129106998443603515625
0.9699473664955922114216946283704601228237152099609375
0.53862006847682408761102124117314815521240234375
0.366331984925238385297774357240996323525905609130859375
0.123554103599653630762844613855122588574886322021484375
0.28039741622302560841717422590591013431549072265625
0.1677489309421502650110369359026663005352020263671875
0.257088542104274286881349098621285520493984222412109375
0.774441659811158533699426698149181902408599853515625
0.514634116326754043058144816313870251178741455078125
0.98370479093105755996617745040566660463809967041015625
0.52797334619237734631980174526688642799854278564453125
0.0664766477730482086005991959609673358500003814697265625
0.25504610885635303763052661452093161642551422119140625
0.41965174182301934191485770497820340096950531005859375
0.471497593201462894541009518434293568134307861328125
0.060658826520973270490788564757167478092014789581298828125
0.329085379060863214562004941399209201335906982421875
0.5616154254235399267969341963180340826511383056640625
0.05523314329573565661934964055035379715263843536376953125
0.517037505524716056726219903794117271900177001953125
0.467783958403293009808976421481929719448089599609375
0.372150063222344062996427282996592111885547637939453125
0.213738069037784861325945939825032837688922882080078125
0.70109783285348570291972691848059184849262237548828125
0.73722350119483814889775885603739880025386810302734375
0.1497900044311722689283072895705117844045162200927734375
0.7226833485638179954690940576256252825260162353515625
0.4070820456403689835411796593689359724521636962890625
0.089813347482035565949587407885701395571231842041015625
0.762167913728471813072928853216581046581268310546875
0.60812952304637502010109528782777488231658935546875
0.0027558994492310564562720376358129215077497065067291259765625
0.422105634781581195991151389534934423863887786865234375
0.632632266093339890034030759125016629695892333984375
0.2495408538959645039501111796198529191315174102783203125
0.81296933759607814540260051217046566307544708251953125
0.83445620761926109221207070731907151639461517333984375
0.4421973123411635508972494790214113891124725341796875
0.331711123386263462275991287242504768073558807373046875
0.776566462021584857922107403283007442951202392578125
0.8280977680478700531097047132789157330989837646484375
0.33413147150265587459472271802951581776142120361328125
0.1426231181913163170715819205724983476102352142333984375
0.5285105735661976833483777227229438722133636474609375
0.56794730414075189628420048393309116363525390625
0.7937474063568503712673418704071082174777984619140625
0.11350522661279198455286376656658831052482128143310546875
0.113291728828703863740656743175350129604339599609375
0.3608746302131911054544843864277936518192291259765625
0.0129496390060287146217543607917832559905946254730224609375
0.89559376607443852424950136992265470325946807861328125
0.327740295942751835855943909336929209530353546142578125
0.011038376489206393193942545849495218135416507720947265625
0.77824424988508422718069823531550355255603790283203125
0.91323275301290340877358175930567085742950439453125
0.411684124456571487460365688093588687479496002197265625
0.481167177428103609582166200198116712272167205810546875
0.29211163674113882482430426534847356379032135009765625
0.487029113102252164679839552263729274272918701171875
0.85622676129277175416376621797098778188228607177734375
0.11130069667068342997851004838594235479831695556640625
0.231053243964469634530445318887359462678432464599609375
0.4464774725243809694319452319177798926830291748046875
0.76041678467784856731981335542513988912105560302734375
0.090268967249555964738050306550576351583003997802734375
0.417767586846727712046600800022133626043796539306640625
0.59928539982032280608592600401607342064380645751953125
0.715912706086371475322494006832130253314971923828125
0.51544549107339487914458686645957641303539276123046875
