              -3390.0040381682
         -0.000262262      -0.000007335      -0.000000286
         -0.000007335      -0.000384924      -0.000011846
         -0.000000287      -0.000011846      -0.000110470
          64
  1     6       0.004378695      -0.025102480       0.012073021  C
  1     6      -0.003889937       0.006231835       0.019193760  C
  2    40      -0.045287425       0.003987219       0.001321217  Zr
  1     6      -0.075137604      -0.016837322      -0.026870761  C
  2    40       0.056027770       0.089662325       0.020904325  Zr
  2    40      -0.007490540      -0.024715176      -0.017615523  Zr
  1     6       0.012646076       0.003111609       0.016162335  C
  2    40      -0.026287564      -0.037104627       0.044107886  Zr
  1     6      -0.021084572       0.047545370      -0.032967029  C
  1     6      -0.011405159      -0.002089117      -0.002418693  C
  2    40       0.001184993       0.003973966      -0.029709755  Zr
  1     6      -0.005198384      -0.006457924       0.005283171  C
  2    40      -0.002781191      -0.009878688       0.021217766  Zr
  2    40       0.004062610       0.006644631      -0.052719820  Zr
  1     6      -0.013427331      -0.010418209       0.005765841  C
  2    40       0.017349529       0.027649320       0.013988550  Zr
  2    40       0.025727278      -0.010624685      -0.008854111  Zr
  1     6       0.021525924      -0.000965549       0.006672551  C
  2    40       0.110614468      -0.004288777      -0.028519533  Zr
  1     6      -0.054498940       0.050011333       0.005176317  C
  1     6       0.013083266      -0.028641728       0.004525043  C
  2    40      -0.010127003       0.019785714       0.003335238  Zr
  1     6      -0.045703377       0.337609097      -0.020783262  C
  2    40      -0.120350669      -0.462448585       0.008850310  Zr
  2    40       0.017016559      -0.006556605       0.006073807  Zr
  1     6       0.002006610       0.014631579       0.009414395  C
  2    40       0.009218599       0.018213962      -0.044702447  Zr
  1     6      -0.012608840       0.006640149       0.008907503  C
  1     6       0.007675668      -0.014425666      -0.011327138  C
  2    40       0.014512505      -0.034607283       0.002289794  Zr
  1     6      -0.025193232      -0.006515743       0.005501224  C
  2    40      -0.002189379       0.016630310      -0.010502459  Zr
  1     6      -0.006411866      -0.004344991      -0.002994859  C
  2    40      -0.055570271       0.009452735      -0.012240351  Zr
  1     6       0.023767556       0.008228313       0.005094190  C
  2    40       0.023645684      -0.003349062       0.013328049  Zr
  2    40      -0.013580375      -0.008254419       0.013855127  Zr
  1     6       0.034206909      -0.011798909       0.004747997  C
  2    40       0.081288420       0.107731991       0.014097898  Zr
  1     6       0.024449094      -0.014702555      -0.006771835  C
  1     6      -0.021754830      -0.010498803      -0.013684313  C
  2    40      -0.006784912       0.018426048       0.020877101  Zr
  1     6      -0.005971912       0.020144610       0.023099903  C
  2    40       0.031128816       0.020981553      -0.021961169  Zr
  2    40       0.005010438       0.028026177       0.020330376  Zr
  1     6      -0.017125931      -0.023245367      -0.013691621  C
  2    40      -0.002954234      -0.011681662      -0.004851205  Zr
  1     6      -0.043177759      -0.008314081       0.002945229  C
  2    40       0.003488620      -0.011346796       0.006792152  Zr
  1     6       0.019268311      -0.013059218       0.012361093  C
  2    40       0.009134226      -0.000484590       0.001268770  Zr
  1     6      -0.009188596      -0.003704798       0.009272548  C
  1     6       0.005180983       0.012091668      -0.009711486  C
  2    40      -0.001069127      -0.039637091      -0.000132115  Zr
  1     6       0.022020813      -0.012276716      -0.014349706  C
  2    40      -0.003614600       0.027197008       0.008416089  Zr
  2    40       0.014493881      -0.001217567       0.020435193  Zr
  1     6       0.002505407      -0.014828887       0.001002870  C
  2    40       0.022096405      -0.002223890      -0.013320961  Zr
  1     6      -0.014007450      -0.008403389       0.009425044  C
  1     6       0.008073461       0.005774578      -0.011231933  C
  2    40       0.017008047       0.007882525       0.008549270  Zr
  1     6      -0.015097152      -0.016780490      -0.002730281  C
  2    40       0.035254050       0.002308645      -0.002439633  Zr
