              -3390.1028220981
         -0.000251548      -0.000005392       0.000006730
         -0.000005392      -0.000225924      -0.000014776
          0.000006730      -0.000014776      -0.000127116
          64
  1     6      -0.020396240      -0.005606519       0.025450185  C
  1     6       0.000939003      -0.005035514      -0.003039282  C
  2    40      -0.033330154       0.010669748      -0.012837478  Zr
  1     6      -0.137530137       0.025045241       0.000100333  C
  2    40       0.132566850      -0.004536983      -0.033361066  Zr
  2    40      -0.008541197      -0.035276840       0.027110155  Zr
  1     6      -0.022366005      -0.005170858       0.010105029  C
  2    40       0.023345702      -0.023929801      -0.011447928  Zr
  1     6       0.090797578       0.056437136      -0.007987451  C
  1     6      -0.007535086       0.010546660       0.002238277  C
  2    40      -0.005049326      -0.030938053       0.001405768  Zr
  1     6      -0.004581609       0.011690661      -0.013659649  C
  2    40      -0.009532462      -0.016057736      -0.005621349  Zr
  2    40       0.007274757      -0.000960884      -0.025926260  Zr
  1     6      -0.011134301       0.005167224      -0.023432360  C
  2    40      -0.015276029       0.011619769       0.012894498  Zr
  2    40      -0.014354605       0.013246307      -0.001243367  Zr
  1     6      -0.016714594       0.010560264      -0.011129024  C
  2    40       0.152888482       0.100284717       0.039960214  Zr
  1     6       0.048821326      -0.139463126       0.009778552  C
  1     6       0.000334924      -0.018430413       0.008007966  C
  2    40       0.014930840      -0.000913617      -0.011293934  Zr
  1     6      -0.004058545      -0.013930731       0.008199018  C
  2    40      -0.090403477       0.027176895       0.008527806  Zr
  2    40       0.036167463      -0.026258851       0.017374862  Zr
  1     6      -0.012857853       0.015134857       0.008165664  C
  2    40      -0.016624758       0.026480975       0.017735828  Zr
  1     6       0.009307478      -0.011022711       0.008919195  C
  1     6      -0.008099023      -0.004528020      -0.011518086  C
  2    40      -0.019919923      -0.016234868       0.017379100  Zr
  1     6      -0.007057479      -0.004967521      -0.009112955  C
  2    40       0.015855978      -0.000281884       0.010772310  Zr
  1     6       0.011161503      -0.005145332      -0.023506488  C
  2    40      -0.006665962      -0.024197954       0.000079557  Zr
  1     6       0.021986186      -0.008635492      -0.002330961  C
  2    40      -0.024852039      -0.019132048      -0.007892720  Zr
  2    40       0.009350073      -0.024903803       0.015287628  Zr
  1     6      -0.022945096       0.006321055       0.005283676  C
  2    40       0.008817853       0.011184088      -0.011215953  Zr
  1     6       0.011388266       0.028024889       0.000991693  C
  1     6      -0.026353228       0.000458276       0.006079495  C
  2    40       0.004454452       0.005088560      -0.005157547  Zr
  1     6       0.006021561       0.011601131      -0.014466086  C
  2    40       0.015785228      -0.034359861      -0.036521786  Zr
  2    40      -0.013962052       0.003427416       0.004549569  Zr
  1     6       0.003370825       0.008939284      -0.009580321  C
  2    40      -0.000805824      -0.006107909      -0.025253922  Zr
  1     6      -0.000771748       0.017637641       0.009783138  C
  2    40       0.019813528       0.019341195       0.016548064  Zr
  1     6       0.009090103      -0.013194904      -0.003740742  C
  2    40      -0.010813459       0.012437065      -0.002974083  Zr
  1     6      -0.055734912       0.018876396       0.002627658  C
  1     6      -0.011645021      -0.013571694      -0.011122114  C
  2    40       0.026703814       0.016078090       0.024282303  Zr
  1     6      -0.004389932       0.001315828      -0.004508399  C
  2    40      -0.050318141      -0.008819123      -0.023234582  Zr
  2    40       0.006588864       0.016975312      -0.005825409  Zr
  1     6       0.014859329       0.002006492       0.006415453  C
  2    40       0.003532564      -0.012113409       0.011293668  Zr
  1     6      -0.003470898       0.001083381      -0.017535552  C
  1     6      -0.012749757      -0.006690032       0.013516599  C
  2    40      -0.012831501       0.029539808       0.032199005  Zr
  1     6       0.012422269      -0.021139527       0.002724578  C
  2    40       0.004281255       0.026283126       0.000129646  Zr
