              -3390.1774589348
         -0.000135087      -0.000015578      -0.000014629
         -0.000015578      -0.000114344      -0.000017945
         -0.000014629      -0.000017945      -0.000163413
          64
  1     6      -0.000358107      -0.006464742       0.006816853  C
  1     6       0.008521104       0.008144189       0.025275233  C
  2    40      -0.007477656      -0.009826299      -0.020348538  Zr
  1     6      -0.042393102       0.023061798      -0.001700972  C
  2    40      -0.031666069      -0.045315143       0.013183897  Zr
  2    40      -0.004706480       0.026678555      -0.005817445  Zr
  1     6       0.000116022      -0.015317245      -0.000803281  C
  2    40      -0.015699182      -0.009310097      -0.021789058  Zr
  1     6       0.035528292      -0.001194148      -0.030089955  C
  1     6      -0.010297755       0.032419433       0.001860218  C
  2    40      -0.018754092      -0.012938940      -0.045321198  Zr
  1     6      -0.011296157       0.011631058       0.007328740  C
  2    40       0.000629789       0.001235389      -0.019017146  Zr
  2    40      -0.034546381      -0.019954851       0.003452109  Zr
  1     6      -0.009626266      -0.001706015      -0.003781868  C
  2    40      -0.004243735       0.015653293       0.036445318  Zr
  2    40      -0.013074036       0.015745285      -0.068331205  Zr
  1     6       0.015716700      -0.000022651       0.006369460  C
  2    40       0.020315015      -0.041068276       0.044269069  Zr
  1     6      -0.033596297       0.019884063      -0.011032098  C
  1     6       0.018496629      -0.002455927       0.004124879  C
  2    40       0.004106511       0.060127534       0.019544110  Zr
  1     6      -0.000949864       0.014108815       0.005073628  C
  2    40      -0.002305981      -0.049806722       0.009975478  Zr
  2    40      -0.012145108      -0.029657281      -0.023112903  Zr
  1     6      -0.009137147       0.006334575       0.004092747  C
  2    40       0.043704591       0.003998929      -0.032630832  Zr
  1     6       0.001842707       0.021121698      -0.002495779  C
  1     6       0.022485774      -0.021836836       0.035034650  C
  2    40       0.028792777      -0.018933173      -0.008049323  Zr
  1     6      -0.011318053       0.002611411       0.004328651  C
  2    40      -0.014255192       0.037004484       0.017152049  Zr
  1     6       0.012117721      -0.018316391       0.015030906  C
  2    40       0.010375763       0.021371690      -0.018142288  Zr
  1     6      -0.017004506       0.017324832      -0.031585980  C
  2    40       0.014139844       0.007530038       0.003692897  Zr
  2    40      -0.013326674      -0.012154288      -0.013246840  Zr
  1     6       0.002476876      -0.010314592      -0.001705444  C
  2    40       0.012984730      -0.016215946       0.035288229  Zr
  1     6      -0.001068109       0.003945938      -0.014104769  C
  1     6       0.009349379      -0.017063007      -0.007959663  C
  2    40      -0.004037820       0.004090981       0.037271980  Zr
  1     6      -0.002852234       0.006299645      -0.021767811  C
  2    40       0.014511779      -0.011100792       0.011167558  Zr
  2    40       0.032219902      -0.004265633       0.012219174  Zr
  1     6       0.018655598      -0.008436412      -0.013071494  C
  2    40      -0.004474143       0.049878649       0.048701552  Zr
  1     6       0.008755918      -0.030710487       0.027931019  C
  2    40      -0.012916504      -0.040433914      -0.027860930  Zr
  1     6       0.012828464      -0.003057957      -0.001412731  C
  2    40       0.000809926       0.015231174      -0.020948174  Zr
  1     6      -0.008233268      -0.000883625      -0.002309911  C
  1     6       0.017075239      -0.002965164      -0.001031301  C
  2    40       0.008724551       0.005372509       0.050713793  Zr
  1     6       0.020557026      -0.004367233       0.016397472  C
  2    40      -0.036404926       0.022697114      -0.025449314  Zr
  2    40      -0.009245608      -0.002439187      -0.011876623  Zr
  1     6      -0.009213564       0.005464011      -0.022193290  C
  2    40      -0.012358945       0.001575673      -0.005106822  Zr
  1     6       0.004462423      -0.000521506       0.001395499  C
  1     6       0.005278345       0.005783341       0.032317029  C
  2    40       0.002684709      -0.003450174       0.010762040  Zr
  1     6      -0.007014370       0.006988334       0.024507203  C
  2    40       0.016471047      -0.000283743      -0.037780526  Zr
