              -3390.1736548456
         -0.000147085      -0.000009306      -0.000019687
         -0.000009306      -0.000164707      -0.000020847
         -0.000019687      -0.000020847      -0.000146314
          64
  1     6      -0.013172231      -0.007846421      -0.002157376  C
  1     6       0.023773424       0.000475539       0.001313508  C
  2    40       0.001339443      -0.019273060      -0.025882533  Zr
  1     6      -0.020424946       0.068303973      -0.008982416  C
  2    40      -0.019142743      -0.099552756      -0.037992230  Zr
  2    40      -0.018310941       0.045427250      -0.010426226  Zr
  1     6       0.008898824       0.008252618       0.021811407  C
  2    40       0.033886343      -0.007867776       0.013960264  Zr
  1     6      -0.041530207      -0.002498496       0.013610884  C
  1     6       0.023793230       0.023752048       0.011832729  C
  2    40      -0.046373440      -0.007640149      -0.025908252  Zr
  1     6      -0.005608041       0.027013171       0.000886148  C
  2    40       0.012503151      -0.007931925      -0.010905029  Zr
  2    40       0.008123566       0.004556474       0.018357185  Zr
  1     6       0.012129695      -0.010121230       0.013093195  C
  2    40      -0.021590948       0.027995108       0.003229507  Zr
  2    40      -0.008149130      -0.012649952      -0.008695573  Zr
  1     6      -0.011100059       0.046834337       0.017543031  C
  2    40      -0.025229247      -0.024863464      -0.020216804  Zr
  1     6      -0.035541909       0.008230119      -0.029160016  C
  1     6       0.004250539       0.013713832      -0.003255565  C
  2    40       0.036388521       0.007715683       0.029924868  Zr
  1     6      -0.016714995      -0.004180370      -0.012929714  C
  2    40       0.036407434      -0.016837442      -0.029992763  Zr
  2    40      -0.013647588      -0.011950784       0.000359194  Zr
  1     6       0.003427631       0.001438197      -0.012639323  C
  2    40       0.007845899       0.002024502      -0.005911960  Zr
  1     6      -0.015978991      -0.014602757       0.000668514  C
  1     6       0.001770475      -0.003782174       0.020651044  C
  2    40      -0.000990129      -0.012231389       0.007713926  Zr
  1     6       0.005930985      -0.001334261       0.025375607  C
  2    40       0.032493681      -0.009271032      -0.011536662  Zr
  1     6       0.028803564       0.015673064      -0.004834333  C
  2    40      -0.018862305      -0.029791056      -0.019777566  Zr
  1     6       0.026512161      -0.001952381       0.017503391  C
  2    40       0.031194970       0.019833336       0.020690833  Zr
  2    40      -0.002754174       0.001867964       0.012227317  Zr
  1     6       0.000506012       0.005362741       0.011761071  C
  2    40       0.030190584       0.054704947       0.082326618  Zr
  1     6       0.011399206      -0.033904803       0.001333904  C
  1     6      -0.017253272       0.021124635      -0.003457391  C
  2    40       0.050411303       0.001129739      -0.017726237  Zr
  1     6      -0.005432413       0.006636420      -0.021963612  C
  2    40      -0.009508197      -0.022542269       0.007119686  Zr
  2    40       0.011362318      -0.000149184       0.003715691  Zr
  1     6      -0.005909749      -0.006671108       0.021742176  C
  2    40      -0.001564636       0.007914976      -0.007863397  Zr
  1     6      -0.007864766      -0.020589705      -0.000368337  C
  2    40      -0.006532078      -0.013901860      -0.018738893  Zr
  1     6       0.000416105      -0.003239992       0.008176216  C
  2    40      -0.007759943       0.025236567      -0.016917207  Zr
  1     6       0.009659206      -0.013337381      -0.017264176  C
  1     6       0.003662957      -0.008179147       0.007880897  C
  2    40      -0.024800136      -0.017677527       0.002373981  Zr
  1     6      -0.012029517      -0.012584895       0.007168661  C
  2    40      -0.012864238      -0.012401253       0.023217700  Zr
  2    40       0.019576378       0.002311593      -0.019559716  Zr
  1     6      -0.002804255      -0.022217366      -0.008277158  C
  2    40      -0.003178953      -0.000337433       0.032630660  Zr
  1     6      -0.009865574      -0.005790999      -0.001290400  C
  1     6      -0.020134472       0.018154594      -0.015112951  C
  2    40       0.015782236      -0.009564481      -0.014817700  Zr
  1     6      -0.011984534       0.031905661      -0.025612947  C
  2    40       0.002503110       0.013262926       0.009677464  Zr
