              -3390.0968195720
         -0.000231876      -0.000004661      -0.000003589
         -0.000004661      -0.000095825      -0.000002466
         -0.000003589      -0.000002466      -0.000190605
          64
  1     6      -0.006184552       0.003225489      -0.008369850  C
  1     6       0.006141811      -0.011573640       0.003646255  C
  2    40      -0.013936783      -0.019213781      -0.010425187  Zr
  1     6      -0.018016212      -0.009691126       0.042878314  C
  2    40      -0.149914374       0.028657639       0.001970009  Zr
  2    40       0.003604902      -0.036208401      -0.042163222  Zr
  1     6       0.036339064      -0.004256355       0.003995288  C
  2    40      -0.173823245       0.051088323      -0.007350678  Zr
  1     6       0.056822326       0.043655285       0.085932463  C
  1     6       0.002169882      -0.009315587       0.004065718  C
  2    40       0.003337559       0.010829679      -0.004111341  Zr
  1     6      -0.014626247       0.000728248      -0.004843493  C
  2    40       0.000678307       0.007410911      -0.054397906  Zr
  2    40      -0.008573366      -0.028804358       0.010086410  Zr
  1     6      -0.008758991       0.017764077       0.007793267  C
  2    40       0.029796448       0.003404767      -0.003835744  Zr
  2    40       0.028085781       0.001611655      -0.018384250  Zr
  1     6      -0.003375069      -0.009003837      -0.012188783  C
  2    40      -0.084120648       0.027192316       0.047734125  Zr
  1     6       0.141532573      -0.010190858      -0.029945992  C
  1     6       0.004984721      -0.003124533       0.016605132  C
  2    40       0.005479953       0.020107370       0.007010086  Zr
  1     6       0.066603823      -0.057722613       0.002264083  C
  2    40       0.008501217      -0.094370361       0.021702562  Zr
  2    40      -0.016871835      -0.024269532       0.021688203  Zr
  1     6       0.008151580      -0.002442625      -0.031388860  C
  2    40       0.022483276       0.030078269      -0.024350232  Zr
  1     6       0.006850160      -0.004618524      -0.021497079  C
  1     6       0.005571570      -0.009428810       0.020627206  C
  2    40      -0.002623388       0.005537920      -0.010011073  Zr
  1     6       0.001064968       0.010178930       0.002346078  C
  2    40      -0.006365903       0.012568621      -0.010200441  Zr
  1     6       0.003499505       0.003630276       0.009644102  C
  2    40       0.035536675       0.012861118       0.015224117  Zr
  1     6       0.020283213       0.008084458      -0.020440321  C
  2    40       0.015101391       0.018292356       0.013092835  Zr
  2    40       0.000446857      -0.023277323      -0.011212147  Zr
  1     6       0.007268679       0.008835220      -0.011946831  C
  2    40       0.060134381       0.010892141      -0.019932135  Zr
  1     6      -0.016484699       0.013021373      -0.015586022  C
  1     6       0.008228556       0.004196500       0.017505873  C
  2    40      -0.033545794       0.020886436      -0.006113650  Zr
  1     6      -0.008043335       0.003037202      -0.022652317  C
  2    40       0.013796100       0.013066880       0.029393545  Zr
  2    40      -0.022397692      -0.003534564      -0.011177814  Zr
  1     6       0.008310507      -0.004021901       0.010042862  C
  2    40      -0.001591059      -0.005638305       0.012768615  Zr
  1     6       0.001948754      -0.014472078      -0.022220106  C
  2    40      -0.005457373      -0.007488084       0.007324585  Zr
  1     6       0.015730216       0.021451920      -0.020675762  C
  2    40       0.032050894       0.007812953       0.000943672  Zr
  1     6      -0.023314116       0.011940893      -0.005116796  C
  1     6      -0.005959428       0.003728056       0.010828571  C
  2    40      -0.062866791      -0.031006761       0.016388903  Zr
  1     6      -0.006413307      -0.002804903      -0.004884883  C
  2    40       0.022322684       0.001786692       0.014220599  Zr
  2    40      -0.030772617       0.022314050      -0.006201509  Zr
  1     6       0.049215032       0.000266156      -0.003860102  C
  2    40      -0.012958966       0.026782452       0.020992336  Zr
  1     6      -0.016094309      -0.022511711      -0.004710009  C
  1     6       0.005921696      -0.010779402       0.009901286  C
  2    40      -0.016972759      -0.017497106       0.013557524  Zr
  1     6       0.001938020      -0.003641498      -0.012358398  C
  2    40       0.029156068      -0.004620988      -0.009892546  Zr
