1124074009
3.749348195172208075831576934433542191982269287109375
2.254733819907485337097341471235267817974090576171875
4.70152907506035777629449512460269033908843994140625
1.8779309496791471989496358219184912741184234619140625
3.13372444020566387479220793466083705425262451171875
3.43942397370275987356080804602243006229400634765625
0.1144826145257724636650209504296071827411651611328125
5.23661669993119716082219383679330348968505859375
2.188687436946671116544393953518010675907135009765625
3.62088510162711774142962894984520971775054931640625
3.059464269627472532420142670162022113800048828125
4.26564931573959693622555278125219047069549560546875
5.5649714918839787713977784733287990093231201171875
5.328543891382619079877258627675473690032958984375
1.0549757942336375204916976144886575639247894287109375
2.46179512767333097400523911346681416034698486328125
3.4738902182968587339928490109741687774658203125
5.64218059809517935576650415896438062191009521484375
0.054725219830877254445500312840522383339703083038330078125
4.34922044201301982724316985695622861385345458984375
5.33149457081397759594665330951102077960968017578125
3.877504064217514923029739293269813060760498046875
0.11222472335707085744349598144253832288086414337158203125
1.6481084886696020230800741046550683677196502685546875
4.806564486478595910057265427894890308380126953125
1.5117084998634828796326701194630004465579986572265625
0.85560179912715861316740983966155909001827239990234375
0.8600443038980210008759286210988648235797882080078125
5.70182851385276823208414498367346823215484619140625
2.272027621120585205716224663774482905864715576171875
2.7500648261310640663168669561855494976043701171875
5.277942997492250043478634324856102466583251953125
3.167166396374731629492771389777772128582000732421875
1.833003734859302458204410868347622454166412353515625
5.87386453751008286161550131510011851787567138671875
0.12715597624214947103382655768655240535736083984375
1.404497989662264689769699543830938637256622314453125
4.08496568781213564847121233469806611537933349609375
0.55241019875670305250281444386928342282772064208984375
3.817634876248913844420940222335048019886016845703125
4.71888246385262188908882308169268071651458740234375
0.65863283841553077468944366046343930065631866455078125
4.8235158917154752344913504202850162982940673828125
5.71187225399091769162396303727291524410247802734375
1.424080040520026901873507085838355123996734619140625
4.71577811072881303289250354282557964324951171875
0.1513520180537456794045425567674101330339908599853515625
4.1149146110790137953472367371432483196258544921875
2.064288795030983170164518014644272625446319580078125
0.25722473355992192534102969148079864680767059326171875
5.8469572198848016597594323684461414813995361328125
0.29395653501345242464282137007103301584720611572265625
4.38904075318757147528003770275972783565521240234375
2.484992622566401632155930201406590640544891357421875
3.828811099307326770713189034722745418548583984375
4.0172403371795741833238935214467346668243408203125
5.3487855749277120054330225684680044651031494140625
1.5558072232138930868217130409902893006801605224609375
6.194550323760328325306545593775808811187744140625
1.8480899663597576410012379710678942501544952392578125
2.685208746464640139350876779644750058650970458984375
5.5095899280056102043090504594147205352783203125
3.991218582383796675827625222154892981052398681640625
6.15507918479853533000323295709677040576934814453125
3.006052279171266494728342877351678907871246337890625
1.4272901099558448212434313973062671720981597900390625
0.51349932523469232759083524797460995614528656005859375
3.538094108603134113621990763931535184383392333984375
6.1001688707207222250872291624546051025390625
3.560805730366538579545476750354282557964324951171875
6.04252892998484991693430856685154139995574951171875
5.9103029331879977092967237695120275020599365234375
5.97073394314121674852913201902993023395538330078125
2.7140600627782394127507359371520578861236572265625
2.167419030680865166260673504439182579517364501953125
0.93435872240439088454166949304635636508464813232421875
4.8428328091524033283121752901934087276458740234375
1.4060032416638907903916333452798426151275634765625
3.502082586568787458958240677020512521266937255859375
2.3231881660251421095608748146332800388336181640625
1.407015738969210616460259188897907733917236328125
2.79477376479612171777944240602664649486541748046875
5.47172492387612141584440905717201530933380126953125
0.5398698426261667737691141155664809048175811767578125
6.07276930164295425385034832288511097431182861328125
2.65131785877321934918882107012905180454254150390625
5.39553634053881747689729309058748185634613037109375
4.65705682776285723178943953826092183589935302734375
3.461360345437271224255937340785749256610870361328125
4.68199864472990601171886737574823200702667236328125
5.6500816226049295210032141767442226409912109375
4.19822185033780481688836516696028411388397216796875
5.77712071754429690173537892405875027179718017578125
0.4774099145160224377804070172715000808238983154296875
0.598936915538284875282215580227784812450408935546875
3.220967569853137479896076911245472729206085205078125
0.267891056522151782548490928093087859451770782470703125
3.926467724563071026722127498942427337169647216796875
6.06542390512267814983715652488172054290771484375
4.74513917206927970937613281421363353729248046875
2.283827840181942736563769358326680958271026611328125
5.4039355325417641751073460909537971019744873046875
3.39170721987787882056863963953219354152679443359375
0.1960785556232847171020949872399796731770038604736328125
4.865738647919879866776682320050895214080810546875
6.19866163850745000019060171325691044330596923828125
4.21124926748748595883853340637870132923126220703125
2.159178793504632043465107926749624311923980712890625
3.434737977921113127877106308005750179290771484375
0.41801738329319404474659904735744930803775787353515625
5.437186794413491952582262456417083740234375
6.039627553818565530718842637725174427032470703125
3.371540984869754620234516551136039197444915771484375
5.16150853133391596117007793509401381015777587890625
1.866062239719200821497224751510657370090484619140625
2.7256021909063914421267327270470559597015380859375
4.73673412839402008245315300882793962955474853515625
5.54606895769606733637147044646553695201873779296875
5.62415947790110148929443312226794660091400146484375
2.4151383077353756334559875540435314178466796875
4.3370394136725423095413134433329105377197265625
2.156162490494117900396986442501656711101531982421875
0.16112752923640660807080848826444707810878753662109375
5.97028806326597472065031979582272469997406005859375
0.668744694945240691907883956446312367916107177734375
1.3463551006169172108428710998850874602794647216796875
3.74410509970550009484213660471141338348388671875
5.52782403736853922282534767873585224151611328125
4.78570732696544620665690672467462718486785888671875
3.9862403716418501886664671474136412143707275390625
1.7464243633281404388668534011230804026126861572265625
4.5184743465857906130622723139822483062744140625
2.275009680144723045458476917701773345470428466796875
2.0452292370682219058153350488282740116119384765625
3.240320217601209140667606334318406879901885986328125
5.8226966809409699266097959480248391628265380859375
0.5077968881205865425698675608146004378795623779296875
3.559277709507942422106907542911358177661895751953125
6.0110151583596742597137563279829919338226318359375
4.2647899274403489044971138355322182178497314453125
3.35150061348141292683067149482667446136474609375
0.2193207368119744204992827008027234114706516265869140625
0.430757079566912448598259288701228797435760498046875
1.644881194836330440267602170933969318866729736328125
3.870106739957132280238738530897535383701324462890625
5.58504867321700526616723436745814979076385498046875
6.0597788261005849363982633803971111774444580078125
5.8165042950074319350051155197434127330780029296875
1.318510421158816559028537085396237671375274658203125
3.6675870584394605344868978136219084262847900390625
6.03891577980508831302586258971132338047027587890625
5.85300496710793982657605738495476543903350830078125
4.90277231081551878588697945815511047840118408203125
0.93245178528266781103894800253328867256641387939453125
0.09229254061229012762179735318568418733775615692138671875
5.02717671662843468283199399593286216259002685546875
4.5252014378544469508369729737751185894012451171875
4.2562135672806160613390602520667016506195068359375
4.71045692469508647803877465776167809963226318359375
3.88923762395371763744833515374921262264251708984375
5.24903102566928936312251607887446880340576171875
1.6307241650116541809012460362282581627368927001953125
0.7282534111218457173464457810041494667530059814453125
0.79404244923767375308187865812215022742748260498046875
2.74259138916890510273560721543617546558380126953125
0.32240916811485120785363278628210537135601043701171875
1.3855426470575642472482513767317868769168853759765625
2.761849233973831641009155646315775811672210693359375
3.021326208912836985831518177292309701442718505859375
4.6357318211966020982117697712965309619903564453125
2.608357429053679954478184299659915268421173095703125
0.27422660654466579632781986219924874603748321533203125
2.34303538541377331938520001131109893321990966796875
5.8063320843294849993299067136831581592559814453125
4.1483496359422264987415474024601280689239501953125
3.067685371835241259219628773280419409275054931640625
0.32030009667641656800896043932880274951457977294921875
1.8566346075297179840646322190877981483936309814453125
5.86245269394014645314427980338223278522491455078125
3.095317343004760690661214539431966841220855712890625
0.82912126444452549645092176433536224067211151123046875
4.82018064915720767515949773951433598995208740234375
3.309955349268239199744812140124849975109100341796875
2.219793566449335120438490775995887815952301025390625
4.99314559946170266613307830994017422199249267578125
3.161715007706202396065009452286176383495330810546875
3.952063319619301129392852089949883520603179931640625
2.16869129249767222944456079858355224132537841796875
1.6831964880761491887284364565857686102390289306640625
0.7822204122160967276755627608508802950382232666015625
5.10422247925868788342995685525238513946533203125
2.6625561797782193451666898909024894237518310546875
0.1001447919291187094170680893512326292693614959716796875
0.1333490205618315382896099663412314839661121368408203125
0.25805089215657250889535134774632751941680908203125
0.39104153932586382946823277961811982095241546630859375
0.65167078918389542696587568570976145565509796142578125
0.1096664141442935946901826582688954658806324005126953125
0.7782598597827645736657586894580163061618804931640625
0.395550423485948876578532917847041971981525421142578125
0.314431125444560810588967569856322370469570159912109375
0.874394336656850956757125459262169897556304931640625
0.2975868802972077009627582810935564339160919189453125
0.884962942863331658571723892237059772014617919921875
0.98797913826442285145645882948883809149265289306640625
0.339738449239981588068104656485957093536853790283203125
0.452742008237513704482779530735570006072521209716796875
0.76463191200263425084671098375110886991024017333984375
0.750658897566915950250177047564648091793060302734375
0.3011583934077799451500823124661110341548919677734375
0.19686292633268187568518214902724139392375946044921875
0.50745752477434347138540715604904107749462127685546875
0.239601260162704277068002056694240309298038482666015625
0.86675419000291931137525125450338236987590789794921875
0.450557372742592054937205148235079832375049591064453125
0.366201544351038299485168181490735150873661041259765625
0.8385863759734604183648798425565473735332489013671875
0.2519173600021364922696420762804336845874786376953125
0.9194950558801624485028014532872475683689117431640625
0.021865977450211522559175847391088609583675861358642578125
0.984944403630189757592461319291032850742340087890625
0.07537880589970331890459220858247135765850543975830078125
0.753411291052313192295741828274913132190704345703125
0.99057321203433590373066408574231900274753570556640625
0.73799165093246454905084874553722329437732696533203125
0.51277997787705620336140555082238279283046722412109375
0.983931538175759623499061490292660892009735107421875
0.78338829278172383840939119181712158024311065673828125
0.63736144157003682408912936807610094547271728515625
0.241393917352610232196497008771984837949275970458984375
0.91244709534218870761179687178810127079486846923828125
0.85290731249978180006365846566041000187397003173828125
0.848191342711537732412807599757798016071319580078125
0.88720672665499467068883632236975245177745819091796875
0.2417049749017250726002004057590966112911701202392578125
0.67516059180496290625939082019613124430179595947265625
0.2706771312610605217940928923781029880046844482421875
0.6643357894682957454079996750806458294391632080078125
0.59055011560700376715971060548326931893825531005859375
0.5281586104669415693280143386800773441791534423828125
0.9466406069447474980194101590313948690891265869140625
0.263396343338953509150002219030284322798252105712890625
0.06117609006407488669854188856334076263010501861572265625
0.15410494252764850298120791194378398358821868896484375
0.696927118439659043502842905581928789615631103515625
0.78645634594674052042506673387833870947360992431640625
0.0030943215839072698951361939379012255812995135784149169921875
0.360407684166174246964686744831851683557033538818359375
0.74418833048277921449198402115143835544586181640625
0.61897206242148394839119873722665943205356597900390625
0.156687114460713761143750843984889797866344451904296875
0.2125426829850965704249432519645779393613338470458984375
0.044672051465451743934576001038294634781777858734130859375
0.451452668035147997027678457016008906066417694091796875
0.5317874734903627054194430456846021115779876708984375
0.96376393361192380648816424582037143409252166748046875
0.02054986591476475055184636175908963195979595184326171875
0.409000224624294916875300032188533805310726165771484375
0.2739449121402319775597788975574076175689697265625
0.7802634880786125659568597257020883262157440185546875
0.95860402703220215503421286484808661043643951416015625
0.58024624389607748486952232269686646759510040283203125
0.2060834915405528044995975278652622364461421966552734375
0.8129840133772157084734999443753622472286224365234375
0.1882683379520980471166780034764087758958339691162109375
0.93616512694217501877602671811473555862903594970703125
0.72608872955948522420754898121231235563755035400390625
0.7723196986002474062615874572657048702239990234375
0.0255862819150026350734083990801082109101116657257080078125
0.405982947631731150295308907516300678253173828125
0.2033836442061623672739045787238865159451961517333984375
0.035801835374814384993502613951932289637625217437744140625
0.5969071572632096422950098713045008480548858642578125
0.305659466565428028506090640803449787199497222900390625
0.007907226685391378906420101202456862665712833404541015625
0.84172409998333275193971303451689891517162322998046875
0.6526427882037324490482887995312921702861785888671875
0.92820960233370286562859519108314998447895050048828125
0.362624271010339394027965909117483533918857574462890625
0.808998101767617328050619107671082019805908203125
0.173149690578295711862466532693360932171344757080078125
0.89584806230657176850940004442236386239528656005859375
0.89387103817140267647545215368154458701610565185546875
0.669999200697056540576568295364268124103546142578125
0.891940127076553235241362926899455487728118896484375
0.476831075491770672858393709248048253357410430908203125
0.44572902910678136034761109840474091470241546630859375
0.3192572814036427342188062539207749068737030029296875
0.95743497086569429033175993026816286146640777587890625
0.91348825577343262249740973857115022838115692138671875
0.7108397021474501809024104659329168498516082763671875
0.93185345080301795750443716315203346312046051025390625
0.1771826987048530366308796146768145263195037841796875
0.2222087700954679390097368241185904480516910552978515625
0.60125666791631682261964897406869567930698394775390625
0.09069957914329114523344088638623361475765705108642578125
0.776370100107216298823686884134076535701751708984375
0.67364477816673218324439176285522989928722381591796875
0.65471540142535944450941087779938243329524993896484375
0.58969845789936303770417680425452999770641326904296875
0.419626126726915182896249234545393846929073333740234375
0.6419792993189670227138776681385934352874755859375
0.57916244379205739090110682809608988463878631591796875
0.90799134173802631408989327610470354557037353515625
0.58615332822601928786099279022892005741596221923828125
0.50193961127751485218340121718938462436199188232421875
0.57669195280256302371668652995140291750431060791015625
0.66047552025899081140636326381354592740535736083984375
0.2938561147515923455131314767641015350818634033203125
0.2936816212226085465175628996803425252437591552734375
0.91389116221754396196530478846398182213306427001953125
0.66951914116252175812604718885268084704875946044921875
0.370928841350101345941681074691587127745151519775390625
0.360502399672056716983803426046506501734256744384765625
0.68680789772738137788365975211490876972675323486328125
0.57229977081171223840527773063513450324535369873046875
0.0167303904968921050844254949652167852036654949188232421875
0.97178917982233181671603006179793737828731536865234375
0.1755156499219665544586632677237503230571746826171875
0.132490248481040018280197045896784402430057525634765625
0.7012601181404944927777478369534946978092193603515625
0.058662008055794058469789575838149175979197025299072265625
0.06822292183908769402922445124204386956989765167236328125
0.031826721984812393617669812329040723852813243865966796875
0.60182181866924366886451025493443012237548828125
0.257191818792927906489609313211985863745212554931640625
0.70988954403898196776623308323905803263187408447265625
0.205974241814564085206740173816797323524951934814453125
0.269874878819042318678356195960077457129955291748046875
0.10646262769888277521790342916574445553123950958251953125
0.51667749952370189969741431923466734588146209716796875
0.06311680006939768272644641911028884351253509521484375
0.89304146864127431637569998201797716319561004638671875
0.129300724309543479950690425539505667984485626220703125
0.91468650052076505563292130318586714565753936767578125
0.83022609671122682417632177021005190908908843994140625
0.89622083348046099882111548140528611838817596435546875
0.89389868913865588861966671174741350114345550537109375
0.608025633081805683133325146627612411975860595703125
0.32652279144456741732938098721206188201904296875
0.251233754330889180739205812642467208206653594970703125
0.72556043170651440821217192933545447885990142822265625
0.5104255701929449884346468024887144565582275390625
0.041941682827631797392253787393201491795480251312255859375
0.49801131500769935112060693427338264882564544677734375
0.736983225092749716367279688711278140544891357421875
0.82716670996843222329886202714988030493259429931640625
0.548096704551995106413642133702524006366729736328125
0.83500600458821561122846333091729320585727691650390625
0.78876529670728612320118600109708495438098907470703125
0.9391884021177834274141105197486467659473419189453125
0.365639122838917696167726489875349216163158416748046875
0.50787949771987250802141034000669606029987335205078125
0.79985298998647047508114837910397909581661224365234375
0.1852632226353805589003087561650318093597888946533203125
0.325752581621405024048243603829178027808666229248046875
0.71009039166853316071836843548226170241832733154296875
0.397620274870479628592789822505437768995761871337890625
0.9828476868489979256793276363168843090534210205078125
0.00081640994214285628020888463396431689034216105937957763671875
0.58796626915594851769952811082475818693637847900390625
0.4955478159224371292879141037701629102230072021484375
0.53789965973137865429265502825728617608547210693359375
0.1353411563371034187497343737049959599971771240234375
0.72104194887030959026930077016004361212253570556640625
0.1225981680315910704592852198402397334575653076171875
0.54309784646290248932842814610921777784824371337890625
0.49563958565501475828085631292196922004222869873046875
0.747775103313743638722144169150851666927337646484375
0.1668824745187919844635615618244628421962261199951171875
0.421868356606861727442492338013835251331329345703125
0.369535302915393992773118725381209515035152435302734375
0.543948069468116468527796314447186887264251708984375
0.3524747092055504626983974958420731127262115478515625
0.2067175354839849987786948304346879012882709503173828125
0.00765475677682773969490170884455437771975994110107421875
0.09109075371692458567007832925810362212359905242919921875
0.2098167828329916828611345636090845800936222076416015625
0.54684709270803588676557183134718798100948333740234375
0.0018960768365748584436680790332729884539730846881866455078125
0.269264392680145958625104185557574965059757232666015625
0.92811939256643849471828389141592197120189666748046875
0.6127315366699972454256339915446005761623382568359375
0.86333958286016232452908525374368764460086822509765625
