              -3390.1246608894
         -0.000174871      -0.000006535       0.000004412
         -0.000006536      -0.000149228       0.000002931
          0.000004412       0.000002931      -0.000160941
          64
  1     6      -0.016250806       0.006310475       0.031538102  C
  1     6      -0.000675924      -0.008464880      -0.036035829  C
  2    40      -0.007976975       0.012892743      -0.012737762  Zr
  1     6      -0.102609896       0.005951706       0.015620596  C
  2    40       0.043607789       0.087477572       0.075467324  Zr
  2    40      -0.010784409      -0.016608427      -0.003064757  Zr
  1     6       0.008554119      -0.013921264      -0.005789120  C
  2    40      -0.017158561       0.054021617      -0.011488107  Zr
  1     6      -0.115996301       0.014824664      -0.011976828  C
  1     6       0.027978370       0.001091596      -0.048056889  C
  2    40      -0.006332958       0.012859110       0.026161078  Zr
  1     6       0.018558976       0.003778463       0.000641383  C
  2    40      -0.005228209      -0.002022115      -0.016527929  Zr
  2    40      -0.004822290      -0.028520915       0.048357314  Zr
  1     6       0.010337101       0.003202055       0.002332180  C
  2    40       0.001545738      -0.013756714      -0.001948380  Zr
  2    40      -0.008924153      -0.006381929       0.030460774  Zr
  1     6       0.022476490      -0.008960399      -0.002021823  C
  2    40      -0.018084370       0.041030732       0.042537197  Zr
  1     6       0.028584483       0.015764791      -0.015489062  C
  1     6       0.038416622       0.002727633      -0.004723570  C
  2    40       0.002903371      -0.049633883      -0.030362410  Zr
  1     6       0.046310646       0.021814792      -0.034475897  C
  2    40       0.023251469      -0.124649163      -0.014718768  Zr
  2    40       0.011621267      -0.020945776      -0.012701875  Zr
  1     6       0.005440333      -0.000376476       0.003898876  C
  2    40      -0.030695662       0.006215365       0.011375551  Zr
  1     6       0.008213385       0.008253310       0.000086626  C
  1     6       0.019052419       0.019097336       0.017454941  C
  2    40       0.023114869      -0.015505945       0.021735269  Zr
  1     6      -0.007867889      -0.002286783       0.000682783  C
  2    40       0.021209760      -0.000681324      -0.034072028  Zr
  1     6      -0.012218135       0.007812378       0.002661809  C
  2    40      -0.013696722       0.024341948       0.017535457  Zr
  1     6       0.032806133      -0.001095060      -0.021915717  C
  2    40      -0.003054906      -0.002501807       0.003145903  Zr
  2    40      -0.003870655       0.011764715      -0.011922215  Zr
  1     6      -0.015576643      -0.001182009      -0.001137721  C
  2    40       0.012651432       0.027586254      -0.005723188  Zr
  1     6       0.020474737      -0.004461251       0.015678973  C
  1     6      -0.027226479      -0.004543275       0.008704124  C
  2    40      -0.004521431       0.030104522       0.034385870  Zr
  1     6       0.009526911       0.002265978       0.016339142  C
  2    40       0.014739232       0.004936420      -0.031881268  Zr
  2    40      -0.022689343       0.010660581       0.003462865  Zr
  1     6      -0.026317111      -0.009490918      -0.027216197  C
  2    40       0.006780196      -0.015216491      -0.017396791  Zr
  1     6      -0.005842364      -0.011011520       0.009199903  C
  2    40      -0.013421735      -0.018991908      -0.029954376  Zr
  1     6       0.004539371       0.000577354       0.000169372  C
  2    40      -0.011021084      -0.012615812      -0.025747902  Zr
  1     6       0.007873695       0.007142602       0.004932579  C
  1     6      -0.006021258      -0.011667926       0.011431726  C
  2    40       0.002072856       0.002884453       0.007218487  Zr
  1     6      -0.010547216       0.004265265       0.002268014  C
  2    40      -0.006576635      -0.023517566      -0.023998532  Zr
  2    40      -0.032907172      -0.017297093      -0.003746454  Zr
  1     6      -0.001182023      -0.002061337      -0.001352599  C
  2    40      -0.000672630       0.017141255      -0.008375081  Zr
  1     6       0.013675580      -0.007423570      -0.003090552  C
  1     6       0.027790248      -0.008193497       0.015943376  C
  2    40       0.037768705      -0.012509082      -0.004646288  Zr
  1     6       0.009716863      -0.000864569      -0.000702128  C
  2    40       0.008729818       0.007623136       0.033609084  Zr
