              -3390.0055339339
         -0.000224124      -0.000013148      -0.000005893
         -0.000013148      -0.000224805       0.000016984
         -0.000005892       0.000016985      -0.000196775
          64
  1     6       0.008584183      -0.011857838       0.020186476  C
  1     6      -0.002305248       0.029915643       0.000304725  C
  2    40      -0.030749825       0.064620343       0.025442740  Zr
  1     6       0.043587252      -0.077742074      -0.120253048  C
  2    40       0.158947801      -0.012983419      -0.046914444  Zr
  2    40       0.015408388       0.032235374       0.004951279  Zr
  1     6       0.003207062       0.031365491      -0.008037944  C
  2    40      -0.099363996      -0.059125118      -0.114693604  Zr
  1     6       0.055713516      -0.035658487      -0.009216804  C
  1     6      -0.011893645       0.002286835      -0.008137469  C
  2    40      -0.003186400      -0.013900636       0.004986957  Zr
  1     6      -0.004676390      -0.000230758       0.005982353  C
  2    40       0.017502816       0.000919095       0.022915842  Zr
  2    40       0.014973360      -0.014289665      -0.007461334  Zr
  1     6       0.007240917       0.017426906       0.013159400  C
  2    40       0.012479391      -0.000971477       0.074782693  Zr
  2    40      -0.046565078       0.052390062      -0.011369088  Zr
  1     6      -0.001373364       0.004024154       0.018271645  C
  2    40       0.124805009      -0.060381793       0.095102901  Zr
  1     6      -0.027104290      -0.032967665       0.037156104  C
  1     6       0.006173702       0.007399467       0.021673083  C
  2    40       0.001116669       0.018949426      -0.057697402  Zr
  1     6       0.017299285       0.086182648       0.028636024  C
  2    40      -0.129478674      -0.215654740       0.007214448  Zr
  2    40       0.022141147       0.009969280       0.023162505  Zr
  1     6      -0.023439126      -0.003542873       0.013969225  C
  2    40      -0.016532868       0.037122181      -0.028462869  Zr
  1     6      -0.003667490      -0.004014425      -0.014883509  C
  1     6       0.003886419       0.029810522      -0.003208240  C
  2    40       0.001541646      -0.033399836       0.004583363  Zr
  1     6      -0.019424086       0.009285786      -0.009644998  C
  2    40      -0.028314336       0.016826161      -0.004411490  Zr
  1     6       0.002656319      -0.011662846      -0.009233471  C
  2    40      -0.013269753      -0.012825809       0.006881743  Zr
  1     6      -0.007564532       0.001688212      -0.001766133  C
  2    40       0.043098919       0.023659523      -0.001182315  Zr
  2    40       0.011232679       0.010902732      -0.026125580  Zr
  1     6       0.016756149      -0.020345745      -0.000672182  C
  2    40       0.036525454       0.042865973       0.002544284  Zr
  1     6       0.034999540       0.008322840       0.007848793  C
  1     6       0.004180769      -0.001642893      -0.017343726  C
  2    40       0.025504854       0.014196830      -0.008765217  Zr
  1     6      -0.000650773       0.000746885       0.003970222  C
  2    40       0.001045940      -0.022626926      -0.010337438  Zr
  2    40      -0.010550161       0.001011220       0.007038340  Zr
  1     6       0.002520990      -0.011589676      -0.001202842  C
  2    40      -0.006304377       0.022737103       0.009590262  Zr
  1     6       0.007646466      -0.005128635      -0.004510887  C
  2    40       0.013123801      -0.000823458       0.012817518  Zr
  1     6      -0.010026837       0.006946862      -0.009795580  C
  2    40      -0.048895560      -0.005451096      -0.000903165  Zr
  1     6      -0.060094255       0.011301221      -0.014486851  C
  1     6      -0.025596249       0.022126480       0.012416992  C
  2    40       0.003011052      -0.006450050       0.004980358  Zr
  1     6      -0.012680437       0.022575771      -0.003384566  C
  2    40      -0.040950824       0.010099494      -0.000451183  Zr
  2    40       0.004247922      -0.021861677      -0.022130405  Zr
  1     6      -0.014080987       0.005028795       0.005086116  C
  2    40       0.022971818       0.029395828      -0.003449193  Zr
  1     6       0.007472005      -0.009846397      -0.026118443  C
  1     6      -0.006900952       0.015548372       0.014139683  C
  2    40      -0.006988159      -0.006599294       0.045487487  Zr
  1     6      -0.003786554       0.010802155       0.018575361  C
  2    40      -0.033668342       0.004291552       0.031317001  Zr
