              -3390.1582983611
         -0.000108719       0.000001963       0.000006163
          0.000001963      -0.000111422      -0.000006309
          0.000006163      -0.000006309      -0.000135423
          64
  1     6      -0.010571258      -0.022057824       0.004873785  C
  1     6       0.001880519      -0.008200236       0.003670616  C
  2    40      -0.026918945       0.010454895      -0.009560501  Zr
  1     6       0.035493272       0.015627449       0.021992674  C
  2    40       0.019798847       0.053167101       0.008966770  Zr
  2    40       0.001420471      -0.002586357       0.009274756  Zr
  1     6       0.011341516       0.001096765      -0.015895235  C
  2    40       0.005253351       0.038811053      -0.014759314  Zr
  1     6      -0.011883786      -0.005112223       0.026868302  C
  1     6       0.004087517      -0.005977379      -0.019296170  C
  2    40      -0.002041070       0.036190667       0.037072005  Zr
  1     6      -0.001660039      -0.012317369       0.000391778  C
  2    40      -0.026565397      -0.003762839      -0.014736170  Zr
  2    40       0.044339307       0.013824887      -0.012697897  Zr
  1     6      -0.000117904      -0.009046807      -0.003094126  C
  2    40       0.027039141      -0.041114003       0.004586901  Zr
  2    40      -0.027786400      -0.000835828       0.035826854  Zr
  1     6       0.007746463      -0.011353391      -0.045928592  C
  2    40       0.016806611       0.025285384      -0.069257528  Zr
  1     6       0.021147705       0.027628896       0.030983101  C
  1     6       0.004924271      -0.002191497      -0.025462302  C
  2    40      -0.013675702      -0.038287676       0.019647096  Zr
  1     6      -0.001663738      -0.022906324      -0.029209795  C
  2    40      -0.000783796      -0.021738856       0.026683297  Zr
  2    40       0.026116163       0.030552235      -0.034684159  Zr
  1     6      -0.012657419       0.001054211      -0.024675400  C
  2    40      -0.020641888       0.017169866      -0.003189592  Zr
  1     6       0.018614193       0.000710471      -0.016346922  C
  1     6      -0.014235001       0.025435136       0.004578335  C
  2    40       0.045030043      -0.020509950       0.066281101  Zr
  1     6      -0.029641778       0.030014271       0.017842459  C
  2    40      -0.003886430      -0.069151116      -0.017356430  Zr
  1     6      -0.005020368      -0.010085145       0.006272692  C
  2    40      -0.024645156       0.034013766      -0.000818341  Zr
  1     6      -0.004331039      -0.029807036      -0.017676764  C
  2    40      -0.014653106       0.016651241      -0.004420277  Zr
  2    40       0.055770356       0.026715237      -0.017587660  Zr
  1     6      -0.003638388      -0.005729740      -0.001910870  C
  2    40       0.016789757       0.010124095       0.068524975  Zr
  1     6      -0.004310796       0.012729942       0.009094470  C
  1     6       0.008357072       0.006762235       0.006568149  C
  2    40      -0.009815973      -0.003128181      -0.009661590  Zr
  1     6      -0.001911019      -0.021913710      -0.002076327  C
  2    40      -0.023806142       0.007997159       0.007283104  Zr
  2    40      -0.000707571       0.004597712       0.000444417  Zr
  1     6      -0.008154145      -0.002500699      -0.008027669  C
  2    40       0.043519523       0.009253345      -0.030275357  Zr
  1     6       0.006666471       0.003196706      -0.010769176  C
  2    40      -0.008752943      -0.009742000      -0.004225246  Zr
  1     6       0.001727299      -0.024106451      -0.007005892  C
  2    40      -0.024633613      -0.014963158       0.006216164  Zr
  1     6      -0.033906748      -0.004129982      -0.030590435  C
  1     6      -0.019378967       0.026567723       0.011313282  C
  2    40       0.009065666      -0.054487878      -0.003479927  Zr
  1     6      -0.013995061       0.021859634      -0.004340475  C
  2    40       0.017408192      -0.028355548       0.073701706  Zr
  2    40      -0.015301290      -0.010888595       0.007977953  Zr
  1     6       0.010314253      -0.003673149       0.021260772  C
  2    40       0.007539211       0.015179842      -0.010045127  Zr
  1     6      -0.000697527       0.000416970      -0.044134616  C
  1     6      -0.008178180      -0.006645372       0.013215171  C
  2    40      -0.022088867       0.015491915      -0.053325240  Zr
  1     6       0.005241777      -0.004251200       0.004482028  C
  2    40      -0.020081946      -0.007505887       0.060047022  Zr
