              -3390.1654078610
         -0.000114593       0.000002843       0.000008860
          0.000002843      -0.000146160       0.000001696
          0.000008860       0.000001696      -0.000108179
          64
  1     6       0.002175864      -0.010619989       0.033335308  C
  1     6      -0.003563255      -0.027719309      -0.008309022  C
  2    40      -0.010207488       0.005486415       0.020490692  Zr
  1     6       0.022878503       0.140205546      -0.009262678  C
  2    40       0.006334942      -0.083292427      -0.064242202  Zr
  2    40      -0.002355629       0.006453960       0.013396055  Zr
  1     6       0.008085619      -0.001345794      -0.000025768  C
  2    40       0.055421053      -0.063623348      -0.037465451  Zr
  1     6      -0.110747516      -0.000919439      -0.012838672  C
  1     6       0.002216311      -0.007607321      -0.009159244  C
  2    40      -0.004490837      -0.004920149      -0.007298492  Zr
  1     6       0.003716523      -0.007328745       0.017774898  C
  2    40      -0.003664852       0.002018692       0.014871181  Zr
  2    40       0.012435567      -0.004265253       0.019638543  Zr
  1     6      -0.017052978      -0.001799681       0.004755706  C
  2    40      -0.002170277       0.004502771       0.004399173  Zr
  2    40       0.006306438      -0.016280601      -0.007010501  Zr
  1     6       0.007209739      -0.024467464       0.012543378  C
  2    40      -0.030523414       0.072371780       0.036314829  Zr
  1     6      -0.019360428       0.050694862      -0.103015232  C
  1     6       0.003948902      -0.009107674       0.010248249  C
  2    40       0.001817824       0.004689645      -0.004129960  Zr
  1     6      -0.007763440       0.026586633      -0.019413156  C
  2    40       0.042208503      -0.018147572      -0.015420170  Zr
  2    40      -0.018193164       0.005234884       0.000747557  Zr
  1     6       0.004247540      -0.002873413       0.000346606  C
  2    40      -0.007531269       0.003130870       0.005253730  Zr
  1     6       0.007685169      -0.007250547       0.013401252  C
  1     6      -0.004976133      -0.004234501       0.015081993  C
  2    40       0.028291937      -0.016567490      -0.014123244  Zr
  1     6       0.006985180       0.007830526       0.006244269  C
  2    40       0.010127538      -0.008364458       0.046699246  Zr
  1     6       0.001028205       0.003335850       0.016536625  C
  2    40       0.001014539       0.008667607      -0.011838511  Zr
  1     6      -0.004350914      -0.014881058       0.002377377  C
  2    40       0.013169474      -0.017928993       0.006625501  Zr
  2    40      -0.012944707      -0.001473600       0.000980185  Zr
  1     6      -0.001092797      -0.008156842       0.008411591  C
  2    40       0.004797769       0.018556201      -0.008563883  Zr
  1     6       0.031515230      -0.012586208       0.006253057  C
  1     6       0.008271076       0.029909024       0.000479705  C
  2    40       0.005607520      -0.036481423      -0.008663404  Zr
  1     6       0.001412811       0.018234893      -0.003324008  C
  2    40      -0.006846666      -0.026583388      -0.009744602  Zr
  2    40       0.006360760      -0.015021152      -0.005787399  Zr
  1     6      -0.027229834       0.009440961      -0.003130213  C
  2    40       0.019297810      -0.004001026       0.012735255  Zr
  1     6       0.004021105       0.006845978      -0.002182312  C
  2    40      -0.003898964       0.017511079       0.007816225  Zr
  1     6      -0.000368407      -0.003675646      -0.008136504  C
  2    40      -0.018119156       0.000319112       0.005700256  Zr
  1     6       0.005579739      -0.010602927       0.006389731  C
  1     6       0.001407797       0.006073218      -0.008485533  C
  2    40      -0.014085927       0.010240632       0.016376874  Zr
  1     6      -0.000418043      -0.009300447       0.005579204  C
  2    40      -0.010405643       0.016413245       0.006108830  Zr
  2    40      -0.001201342       0.004200703       0.011948195  Zr
  1     6      -0.001648339       0.000668030      -0.018756746  C
  2    40      -0.010434577       0.000991716       0.002792704  Zr
  1     6       0.009239074       0.001748749       0.008132632  C
  1     6      -0.009884298      -0.000539486      -0.007419260  C
  2    40       0.022830455      -0.002612520       0.010690819  Zr
  1     6      -0.002421984       0.008176044      -0.005877024  C
  2    40      -0.000834015      -0.002686181      -0.000430381  Zr
