              -3390.1964556760
         -0.000088696       0.000001630       0.000014408
          0.000001631      -0.000090727       0.000005929
          0.000014408       0.000005929      -0.000131824
          64
  1     6      -0.001645804       0.005448930      -0.009150242  C
  1     6       0.000684872       0.017634185      -0.012832090  C
  2    40      -0.002997636      -0.011790854      -0.023036942  Zr
  1     6      -0.030577382      -0.026427871       0.005091744  C
  2    40      -0.045251409      -0.048866632       0.007698100  Zr
  2    40      -0.013780790       0.026780404      -0.005744556  Zr
  1     6      -0.000929935      -0.004882096      -0.008846833  C
  2    40       0.042014055       0.040045415      -0.030657170  Zr
  1     6      -0.017004366      -0.030380297       0.017141282  C
  1     6       0.003269725       0.036239431      -0.010593080  C
  2    40      -0.040996395      -0.051020876       0.006280645  Zr
  1     6      -0.019766538      -0.017984460      -0.000386331  C
  2    40      -0.016790282      -0.014042547      -0.030650259  Zr
  2    40       0.014084644      -0.003579732       0.029790588  Zr
  1     6      -0.008351152       0.014637089       0.016685441  C
  2    40      -0.002888558       0.048304433       0.001074825  Zr
  2    40      -0.025004440      -0.010962418       0.027060714  Zr
  1     6       0.024932290       0.007591407       0.015361443  C
  2    40       0.022649206       0.082682666      -0.016058505  Zr
  1     6       0.015222899      -0.029564186       0.021181978  C
  1     6       0.006451929       0.011595393      -0.008067276  C
  2    40       0.014994602      -0.029139790       0.003424794  Zr
  1     6       0.006899948       0.011517216      -0.013821320  C
  2    40       0.032885294      -0.009662909      -0.036469916  Zr
  2    40       0.018302830       0.026519521      -0.008527295  Zr
  1     6       0.019055867       0.021340493       0.007033429  C
  2    40      -0.005160972       0.027839835       0.048917761  Zr
  1     6      -0.003965247      -0.011682690       0.012530321  C
  1     6      -0.028756463      -0.009574238      -0.005546445  C
  2    40       0.004942364       0.002288536      -0.004151591  Zr
  1     6      -0.008848729       0.004550014       0.004049876  C
  2    40       0.006817781      -0.020579440      -0.005897956  Zr
  1     6      -0.002123313      -0.013618757       0.004369389  C
  2    40      -0.007900391      -0.006132563       0.024081454  Zr
  1     6       0.003880062       0.003578269       0.000094888  C
  2    40      -0.013143240      -0.028831556      -0.001724074  Zr
  2    40       0.038416409      -0.017765461      -0.020365421  Zr
  1     6       0.004631958      -0.003526506      -0.016110515  C
  2    40      -0.011973907       0.007862561      -0.016569248  Zr
  1     6      -0.011917439      -0.020219993       0.001970654  C
  1     6      -0.012955273       0.001859149       0.010101836  C
  2    40      -0.029053640      -0.017199844      -0.000118605  Zr
  1     6      -0.011713287       0.006816993       0.004671886  C
  2    40      -0.022415553      -0.002593746       0.012341666  Zr
  2    40       0.036814780       0.029755157      -0.025452614  Zr
  1     6      -0.014750800       0.011091509       0.009482540  C
  2    40       0.013293885      -0.012547171       0.007941438  Zr
  1     6      -0.010134565      -0.001960561      -0.012991336  C
  2    40       0.021889757       0.002612437       0.000252007  Zr
  1     6       0.000079046       0.011287910       0.004799143  C
  2    40      -0.001999341      -0.009235268       0.018169293  Zr
  1     6       0.010361278       0.010479280      -0.019231083  C
  1     6      -0.014793526       0.010917445       0.010456008  C
  2    40       0.014664627       0.008978113      -0.006643146  Zr
  1     6      -0.013961686      -0.009939763       0.001315121  C
  2    40      -0.004434713      -0.026487771       0.012418547  Zr
  2    40       0.002639542      -0.002742294      -0.002939696  Zr
  1     6       0.006435508      -0.004193068       0.013429468  C
  2    40       0.003035019       0.040431339       0.023067576  Zr
  1     6       0.011470739      -0.021029576       0.007784974  C
  1     6      -0.003195356      -0.006363473      -0.021193794  C
  2    40       0.020453139      -0.013835618      -0.027394964  Zr
  1     6       0.022630132      -0.006248684      -0.028121443  C
  2    40       0.016476086       0.022772374       0.037604964  Zr
