1526931845
4.20461523243778856340213678777217864990234375
3.65057051531222764850781459244899451732635498046875
0.310311107710264988401860364319873042404651641845703125
4.66722931639523874736141806351952254772186279296875
3.935918701999246760436790282255969941616058349609375
3.5004871017800933685748532298021018505096435546875
4.716423418522321497903249110095202922821044921875
1.083292176996897726581892129615880548954010009765625
1.1737663748062854285336698012542910873889923095703125
0.168533923588874590127062447209027595818042755126953125
3.659018434190524526883336875471286475658416748046875
0.87344770562300044769443729819613508880138397216796875
1.594994076231370794261010814807377755641937255859375
4.120409831699003433413963648490607738494873046875
4.7386822554371548221752163954079151153564453125
5.30671396741915391004340563085861504077911376953125
4.0640737313295769439491778030060231685638427734375
4.24771923586336708211774748633615672588348388671875
4.336503953471694927657154039479792118072509765625
4.828091802911732344227857538498938083648681640625
5.14211099540753036052365132491104304790496826171875
2.405457552682480848460500055807642638683319091796875
1.9460842916246907652322306603309698402881622314453125
3.81938900572568851288224323070608079433441162109375
1.0875518843022071724391253155772574245929718017578125
2.794520372755783466089951616595499217510223388671875
5.814956574493994168051358428783714771270751953125
0.10022044185297450391569640260058804415166378021240234375
4.89593876299830554899017442949116230010986328125
6.20251920133638545706844524829648435115814208984375
0.89692836586513846608426092643640004098415374755859375
6.01154790338456823661772432387806475162506103515625
1.6169617427094127304343373907613568007946014404296875
3.052201633308720740700437090708874166011810302734375
0.3246597856548676386267970883636735379695892333984375
1.65951774580037625383965860237367451190948486328125
3.64250174091227751915766930324025452136993408203125
2.758934592066413227229304538923315703868865966796875
1.270539731088071722098220561747439205646514892578125
2.425251396042107376871399537776596844196319580078125
4.28306122710666503650145386927761137485504150390625
0.82147663095717404768691949357162229716777801513671875
2.6045545471766740064367695595137774944305419921875
4.94159784647435085247479946701787412166595458984375
5.142327349287963755841701640747487545013427734375
4.56874372568460440646731512970291078090667724609375
3.803794307788766815292547107674181461334228515625
4.7170725123478174367619430995546281337738037109375
1.9900028624654335640542512919637374579906463623046875
5.091036446679286342487102956511080265045166015625
3.08319697895115307773039603489451110363006591796875
1.4982481262568627666809106813161633908748626708984375
4.5323441909625206136524866451509296894073486328125
6.0310994494745617799935644143261015415191650390625
4.55232101611537753882430479279719293117523193359375
1.8777902345150339069590472718118689954280853271484375
1.10975201431455960943139871233142912387847900390625
0.08384413604519103113688061057473532855510711669921875
3.620963941208192427012590997037477791309356689453125
4.931614571666212754053049138747155666351318359375
3.603188424478604989786845180788077414035797119140625
2.236176399797584313233755892724730074405670166015625
1.231094020568315183794538825168274343013763427734375
0.261368179839714442902476321251015178859233856201171875
2.156152454876101298708590547903440892696380615234375
5.53575953115405017257444342249073088169097900390625
5.81977351607282766821072073071263730525970458984375
5.681862853690685000174198648892343044281005859375
5.0080050786600249779212390421889722347259521484375
3.588631026160102432953635798185132443904876708984375
1.319757242830242649489491668646223843097686767578125
5.82933773507160690741102371248416602611541748046875
1.88250282614734398833888917579315602779388427734375
6.14381582156187189269758164300583302974700927734375
4.65543855363633962696212620357982814311981201171875
1.700387452000018839726180885918438434600830078125
1.7262327847272282976831547784968279302120208740234375
3.099239107456479569435714438441209495067596435546875
4.606627463943002709356733248569071292877197265625
6.1784236912551282472350067109800875186920166015625
2.4298266108893589176886962377466261386871337890625
5.7189440526463588554406669572927057743072509765625
6.181820279820090746625282918103039264678955078125
6.03534723107169757128076525987125933170318603515625
4.26421330072477910988482108223251998424530029296875
1.9005955444780078256172828332637436687946319580078125
2.524028917906935287618352958816103637218475341796875
1.730294500699823601053140009753406047821044921875
1.0767445477405759302058640969335101544857025146484375
3.626813211409814829977449335274286568164825439453125
0.09998480963810645050227066121806274168193340301513671875
1.42443947364018708157118453527800738811492919921875
2.9805792152074364054215038777329027652740478515625
4.78354440258671420593827861011959612369537353515625
1.6011005654670242837056548523833043873310089111328125
1.783615995043707158629331388510763645172119140625
3.826595413325183603348023098078556358814239501953125
5.99734200331856914800710001145489513874053955078125
0.053811045249598267459223421838032663799822330474853515625
2.348685142847880324978859789553098380565643310546875
2.80711158577039299188982113264501094818115234375
3.618809592455235257801859916071407496929168701171875
5.69602866687550157820396634633652865886688232421875
3.454486947731606694134143253904767334461212158203125
0.65684381249091694510156003161682747304439544677734375
6.22177101306715751860565433162264525890350341796875
6.1253155196254187586646366980858147144317626953125
2.5830462164943579495002268231473863124847412109375
5.886703767804011278030884568579494953155517578125
4.12673081398329433255867115803994238376617431640625
5.7621881129229137741276645101606845855712890625
5.23554620962741790179961753892712295055389404296875
0.8465362537912299867315368828712962567806243896484375
0.74764331061586231097493282504728995263576507568359375
4.41602153855874401955361463478766381740570068359375
5.2183716479410424682328084600158035755157470703125
1.062423837863793796287836812552995979785919189453125
6.27108832800646442962033688672818243503570556640625
1.619914730625498844318599367397837340831756591796875
0.96485511350370156691269585280679166316986083984375
4.24050482902782022165411035530269145965576171875
3.033587165245439365435231593437492847442626953125
2.266466010352366833302539816941134631633758544921875
0.622159180560256874770175272715277969837188720703125
0.4168533978950323959367096904315985739231109619140625
3.074603505575739692545766956754960119724273681640625
4.37605150064471626336626286501996219158172607421875
3.2014544312143708992834945092909038066864013671875
0.69348201937163533870034370920620858669281005859375
6.122935056402610598524915985763072967529296875
0.762240892368139189017028911621309816837310791015625
6.04945138518535241445306382956914603710174560546875
1.328932038888256617070737775065936148166656494140625
2.299931934971228830733025461086072027683258056640625
3.19655908307821423619543566019274294376373291015625
5.22560531263017136183179900399409234523773193359375
4.16822787504578951001121822628192603588104248046875
5.23651365783343525350801428430713713169097900390625
1.3094552537637351719013167894445359706878662109375
2.02149305770285980798917080392129719257354736328125
4.324377530011407344545659725554287433624267578125
1.622164862476713320660337558365426957607269287109375
0.83987567555592068657688287203200161457061767578125
1.3566461821662330056170731040765531361103057861328125
2.48953173552131712398249874240718781948089599609375
0.3596759557837714282868546433746814727783203125
6.25451733998666004055166922626085579395294189453125
5.0764373639730617782106492086313664913177490234375
6.16329644830926692833372726454399526119232177734375
4.24911084546283657203957773162983357906341552734375
4.35797104741922058934733286150731146335601806640625
4.23054884056767832589684985578060150146484375
5.1675380301169457908372351084835827350616455078125
2.39452220493732870210124019649811089038848876953125
2.759364733868969299379614312783814966678619384765625
1.9201166355394481133345152557012625038623809814453125
3.228926528844624055381018479238264262676239013671875
3.217800691610662955355337544460780918598175048828125
2.082715494633081476649749674834311008453369140625
5.60215990225393678514365092269144952297210693359375
5.77084281234574003605075631639920175075531005859375
1.5408345580438547184343178741983138024806976318359375
6.0877778960809951769306280766613781452178955078125
0.759253622429806540594654507003724575042724609375
1.4272706180353698091067826680955477058887481689453125
2.761373969926069538161073069204576313495635986328125
1.9167100201339775100706219745916314423084259033203125
1.745069984993763423375412457971833646297454833984375
3.8926147059690237028917181305587291717529296875
0.99487073120576730023145728409872390329837799072265625
2.27242215549711534805510382284410297870635986328125
1.16935109786669588771701455698348581790924072265625
0.1740835647613767633856696193106472492218017578125
3.28696558581644726615422769100405275821685791015625
2.678413366180090182666617693030275404453277587890625
0.54586098954885675649251197683042846620082855224609375
2.284590743182255412335734945372678339481353759765625
1.625060425006555231419724805164150893688201904296875
2.420782169609627221262826424208469688892364501953125
1.7738870807276756469406109317787922918796539306640625
1.1094932153290038012727336536045186221599578857421875
3.35010915017375143776234835968352854251861572265625
5.243998561147492409872938878834247589111328125
3.827265985713903972964544664137065410614013671875
2.9515860280244421431916634901426732540130615234375
3.222222101102836244734817228163592517375946044921875
1.453938780739050695700598225812427699565887451171875
4.44217156493746045953230350278317928314208984375
2.495539688446890114192910914425738155841827392578125
3.8848214078207217170302101294510066509246826171875
4.05189203589845536868097042315639555454254150390625
1.0568386302269725529612287573399953544139862060546875
0.17580101228123579115703023489913903176784515380859375
0.2526755101292745830932062744977883994579315185546875
0.264579936985196495502492552986950613558292388916015625
0.072209706097938919366896470819483511149883270263671875
0.39953425312393076040962114348076283931732177734375
0.06624350234225555300593413221577065996825695037841796875
0.98419443237790582568180752787156961858272552490234375
0.038840155135300084843219536878677899949252605438232421875
0.6178374931299301930920364611665718257427215576171875
0.948222076030551530578804886317811906337738037109375
0.290781435692115397539936338944244198501110076904296875
0.260510449419035783336084932670928537845611572265625
0.1954376046524558263595139351309626363217830657958984375
0.8078313166312087734155511498101986944675445556640625
0.4710164118888864326351040290319360792636871337890625
0.423370003897403368586793703798321075737476348876953125
0.425596103270350079039729962460114620625972747802734375
0.69620497091496591490766832066583447158336639404296875
0.418858130657513705319416885686223395168781280517578125
0.316596958002353545680307433940470218658447265625
0.325534503127231478192271652005729265511035919189453125
0.5690344854113806860596014303155243396759033203125
0.55525176578911572544683394880848936736583709716796875
0.496539655838413029886879712648806162178516387939453125
0.63469764759517166563540513379848562180995941162109375
0.7554401297846065066465826021158136427402496337890625
0.58377525144432451664755490128300152719020843505859375
0.1793302750118683508429029416220146231353282928466796875
0.67173417176666394556860950615373440086841583251953125
0.5333975611875754196944399154745042324066162109375
0.8317513516320620414745690140989609062671661376953125
0.78956800736001131468810854130424559116363525390625
0.6328130791116566289389311350532807409763336181640625
0.9475234951579587505676727232639677822589874267578125
0.254187654822220887584904858158552087843418121337890625
0.87006359355061479998738604990649037063121795654296875
0.64696091350492135330085829991730861365795135498046875
0.889451092988928326832365200971253216266632080078125
0.04697271857735361988428479662616155110299587249755859375
0.375301937281760367159932911818032152950763702392578125
0.830752480230644518854887792258523404598236083984375
0.60714944992547359436940723753650672733783721923828125
0.146692645338686478151402070579933933913707733154296875
0.19374058730608811895734788777190260589122772216796875
0.77364131611475783767417624403606168925762176513671875
0.9611774007609008574348763431771658360958099365234375
0.683905713578642160399567728745751082897186279296875
0.8627401217179093695364144878112711012363433837890625
0.2365183854645669381255856933421455323696136474609375
0.368390002459469234619149347054190002381801605224609375
0.07438406910485777234764981358239310793578624725341796875
0.0704281977705788764243521882235654629766941070556640625
0.6775516745064182888569348506280221045017242431640625
0.9235576614381548754550976809696294367313385009765625
0.345870039121187300423798660631291568279266357421875
0.406194759256297166505333962049917317926883697509765625
0.42960166485495943078376512858085334300994873046875
0.59115025009547839118795309332199394702911376953125
0.79982393365345150204603896781918592751026153564453125
0.394721127764657675474069264964782632887363433837890625
0.51202898589522993777478632182464934885501861572265625
0.178857916118045301434591465294943191111087799072265625
0.10664393571514819980539101607064367271959781646728515625
0.51265349169850982224971858158824034035205841064453125
0.85186165471182284658624439543928019702434539794921875
0.83386836193216418156026747965370304882526397705078125
0.11949708970240181804545187560506747104227542877197265625
0.647590706426459661315675475634634494781494140625
0.86417585046225031675248828832991421222686767578125
0.521573156826930617313564653159119188785552978515625
0.8700079661188684365669132603215985000133514404296875
0.38666840800394697286179734874167479574680328369140625
0.9411121252649985446936398147954605519771575927734375
0.87590394116747372077469435680541209876537322998046875
0.76270949550099176317274896064191125333309173583984375
0.314401307755336756333264247587067075073719024658203125
0.6265235969920286418499699720996432006359100341796875
0.470673180404432678347603768997942097485065460205078125
0.5348572621749980715577521550585515797138214111328125
0.07632985388689202121970112102644634433090686798095703125
0.86437016626092144644388781671295873820781707763671875
0.31296463977217892082904882045113481581211090087890625
0.81449477598746067297241779670002870261669158935546875
0.78091601970648205632841154510970227420330047607421875
0.53170371359759183160775819487753324210643768310546875
0.88871651556748731959345377617864869534969329833984375
0.2302570921509792534198624025520985014736652374267578125
0.70132130975896556090987132847658358514308929443359375
0.25320358120519836919726230917149223387241363525390625
0.9123052763344279281199078468489460647106170654296875
0.8478503193929094461367412804975174367427825927734375
0.29065155763675065703210975698311813175678253173828125
0.71996580796314668670987657606019638478755950927734375
0.207541448626453739478847637656144797801971435546875
0.7446514101441257249547334140515886247158050537109375
0.6415419860936431017961467659915797412395477294921875
0.194069518332401991234092974991654045879840850830078125
0.592888831437047958416997062158770859241485595703125
0.915061972064460604769919882528483867645263671875
0.68723492030391231111252636765129864215850830078125
0.67629402674562022479420875242794863879680633544921875
0.848477364447190129936871016980148851871490478515625
0.85133635851151134854575275312527082860469818115234375
0.07792033631257729020536118014206294901669025421142578125
0.12702392466693368522356877292622812092304229736328125
0.12045301642289991950196537118245032615959644317626953125
0.216932195805447258774023566729738377034664154052734375
0.449248159979119987550433279466233216226100921630859375
0.17242931210083389803600084633217193186283111572265625
0.191721073441077527466092078611836768686771392822265625
0.9406609111189194738500418679905124008655548095703125
0.52610229771868433079617943803896196186542510986328125
0.7877696858662039947063249201164580881595611572265625
0.1432947233055228142273307412324356846511363983154296875
0.49279597936793972934310659184120595455169677734375
0.1495973426613944334828687487970455549657344818115234375
0.40648107854951220918593435271759517490863800048828125
0.07564112454449810341028381799333146773278713226318359375
0.547873380849078994714318469050340354442596435546875
0.36235737677773338649700463065528310835361480712890625
0.1437870730384192829998113438705331645905971527099609375
0.64977154957585570027589483288465999066829681396484375
0.89391496726028385477746951437438838183879852294921875
0.297617273078121857832201158089446835219860076904296875
0.7558093176948881275478697716607712209224700927734375
0.98342500114041608849646536327782087028026580810546875
0.322601406053920014560532081304700113832950592041015625
0.831200657799467723663155993563123047351837158203125
0.62851842708351013389034278588951565325260162353515625
0.813202749385127265924211314995773136615753173828125
0.80502502471442571874149507493712007999420166015625
0.290404412099348585574176695445203222334384918212890625
0.96087479868944492000792934049968607723712921142578125
0.469323540324961541170267764755408279597759246826171875
0.5196069979665833837856325772008858621120452880859375
0.18364548458887519633009333119844086468219757080078125
0.314491309837666932480715331621468067169189453125
0.024113339848869173864809312135548680089414119720458984375
0.93243674325404535263572824987932108342647552490234375
0.274750555993407308275067180147743783891201019287109375
0.8110689599118516834863612530170939862728118896484375
0.38471628883141850696603114556637592613697052001953125
0.76770285552726258426758931818767450749874114990234375
0.244041457420234308983708615414798259735107421875
0.1904123272702155367230858473703847266733646392822265625
0.5175356885965614051059446865110658109188079833984375
0.02004429792056060255500682387719280086457729339599609375
0.2069434552485791278808591187043930403888225555419921875
0.1739856368740953784790548297678469680249691009521484375
0.489667275682868108344081292671035043895244598388671875
0.50794791221057433716623563668690621852874755859375
0.35698670584568137353898009678232483565807342529296875
0.50672979443647425679131401921040378510951995849609375
0.0308454982148695273924676740762151894159615039825439453125
0.70283065908720276926402448225417174398899078369140625
0.1274125977081305427507373906337306834757328033447265625
0.5637716113421002983585594847681932151317596435546875
0.64756998403350352067064932271023280918598175048828125
0.7280458331704353636126825222163461148738861083984375
0.72769574854881302616860239140805788338184356689453125
0.94885564779343811725453861072310246527194976806640625
0.913895512425292100289198060636408627033233642578125
0.053171536909961854278083848157621105201542377471923828125
0.9498190423240042701280572146060876548290252685546875
0.79710596278175060991344480498810298740863800048828125
0.92074980909039727539067143879947252571582794189453125
0.11279907781295435420521044989072834141552448272705078125
0.1274930961092436143555772787294699810445308685302734375
0.65883656063062912000560800152015872299671173095703125
0.05869540993994819266799112256194348447024822235107421875
0.46393464899805125778442516093491576611995697021484375
0.87556683778556376740453970342059619724750518798828125
0.6982368946532890863210241150227375328540802001953125
0.35918072627819175313135247051832266151905059814453125
0.414748262807143996955261400216841138899326324462890625
0.344740887333052636876118413056246936321258544921875
0.332107911506717978777913913290831260383129119873046875
0.332503855848919560589393995542195625603199005126953125
0.37947536696655459476090754833421669900417327880859375
0.61243662313205959879525153155555017292499542236328125
0.72180921524847352355180873928475193679332733154296875
0.481635204274968808935142305927001871168613433837890625
0.81092294669287412478553278560866601765155792236328125
0.454137165776517803816858531718025915324687957763671875
0.76746689563964809455143267769017256796360015869140625
0.83142672611001255944529475527815520763397216796875
0.69894058336454467639242693621781654655933380126953125
0.25910780451218962117110322651569731533527374267578125
0.2301303843176599472908350207944749854505062103271484375
0.8234602049102355270093767103389836847782135009765625
0.705165005617386153602410558960400521755218505859375
0.00848255725972473471896417862581074587069451808929443359375
