              -3390.1425146132
         -0.000179927       0.000001300       0.000000438
          0.000001300      -0.000209803       0.000006100
          0.000000438       0.000006100      -0.000188100
          64
  1     6      -0.014164408       0.016310145      -0.006809644  C
  1     6       0.009957896       0.021151490      -0.014950423  C
  2    40      -0.018131697      -0.030422312      -0.003478620  Zr
  1     6      -0.032813703       0.086827257      -0.000430793  C
  2    40      -0.011640627      -0.093594066      -0.014133109  Zr
  2    40      -0.058113940      -0.025831556       0.036102480  Zr
  1     6       0.023054965       0.031073250      -0.000860309  C
  2    40       0.041917896      -0.033186959      -0.025189583  Zr
  1     6       0.004017384       0.028342887       0.026975414  C
  1     6       0.023274343       0.021201137       0.002814647  C
  2    40       0.008621249       0.007011270      -0.008237359  Zr
  1     6      -0.014400174      -0.006157222       0.004789372  C
  2    40       0.015943826      -0.019346683      -0.025122982  Zr
  2    40      -0.047247159      -0.000971733       0.057118302  Zr
  1     6       0.015144055       0.020367099      -0.016978854  C
  2    40       0.002692333       0.005081690      -0.036496372  Zr
  2    40       0.012446241       0.015633777      -0.021186990  Zr
  1     6      -0.027610177       0.008691412      -0.056232193  C
  2    40       0.045540651      -0.030067141       0.001460703  Zr
  1     6       0.049936475       0.012824303       0.011687210  C
  1     6       0.027439899       0.026502105      -0.002272602  C
  2    40       0.010873941      -0.022819492       0.032144821  Zr
  1     6      -0.010134770       0.020063446      -0.031786199  C
  2    40       0.013610735       0.027395502       0.059300966  Zr
  2    40      -0.001713511      -0.029567095      -0.044370056  Zr
  1     6      -0.003635940       0.011809962      -0.028262220  C
  2    40       0.038136974      -0.033517136       0.012419457  Zr
  1     6       0.001660373      -0.000612494      -0.011203197  C
  1     6       0.019791699      -0.038763641       0.005914256  C
  2    40      -0.053454019       0.021408827       0.062219311  Zr
  1     6      -0.034658614      -0.025084771       0.011387365  C
  2    40      -0.001821401       0.013438785       0.032693463  Zr
  1     6       0.018376350      -0.035562186      -0.001228496  C
  2    40       0.027470679       0.025184426       0.018222879  Zr
  1     6       0.001958589      -0.016185369       0.030102795  C
  2    40       0.018089591       0.015196324      -0.020448260  Zr
  2    40      -0.006908486       0.033552842      -0.011998543  Zr
  1     6       0.010383118      -0.006516441      -0.022570043  C
  2    40      -0.013389421       0.003011694      -0.005274113  Zr
  1     6      -0.005245781      -0.009473958       0.005616769  C
  1     6       0.013082881       0.002704771       0.004337277  C
  2    40       0.016456560      -0.015981278      -0.002824341  Zr
  1     6       0.004541792      -0.009341075       0.017841051  C
  2    40      -0.015208861      -0.003408587      -0.000989049  Zr
  2    40      -0.028984821       0.008918494      -0.011769447  Zr
  1     6       0.052995474       0.017527875      -0.006084330  C
  2    40       0.034966678       0.017921145      -0.022520537  Zr
  1     6       0.005702259       0.022549635       0.005076287  C
  2    40       0.008788578      -0.000205298      -0.023409209  Zr
  1     6      -0.013594641      -0.003512598      -0.021023250  C
  2    40      -0.001721698      -0.009289397       0.022289473  Zr
  1     6      -0.008423036      -0.011209360       0.026558544  C
  1     6      -0.007878890      -0.017885651       0.013821927  C
  2    40      -0.046538633       0.041884334       0.039565995  Zr
  1     6      -0.023301418      -0.035389722       0.015465189  C
  2    40      -0.001143545      -0.002759757      -0.045757371  Zr
  2    40      -0.012677853      -0.006128497      -0.001648636  Zr
  1     6      -0.004722362       0.014707326       0.005408342  C
  2    40      -0.015162732      -0.010602726      -0.015296153  Zr
  1     6      -0.035045670      -0.010404612       0.018310990  C
  1     6       0.009101634      -0.004850155      -0.025431811  C
  2    40       0.011360110      -0.017226870       0.053903025  Zr
  1     6      -0.009824856       0.014488510      -0.010185186  C
  2    40      -0.017743381       0.002453089      -0.037798309  Zr
