760239075
5.649967670064139468877328909002244472503662109375
0.444879487972348053315130300688906572759151458740234375
2.640460973176276926466243821778334677219390869140625
1.3110729661297104708950200802064500749111175537109375
1.200202033013949343143167425296269357204437255859375
2.6525599405900717187023474252782762050628662109375
1.4347989729421877225234993602498434484004974365234375
4.40325039247217819848856379394419491291046142578125
0.808997626685004522784083746955730020999908447265625
5.5867289721442059402534141554497182369232177734375
0.758670790015748774948178834165446460247039794921875
1.0638555870094947852777522712131030857563018798828125
4.79248271501153855211896370747126638889312744140625
4.8735326453430243276443434297107160091400146484375
2.03403282281449282464791394886560738086700439453125
1.9629791814103700886562364757992327213287353515625
5.71603985304818262846993093262426555156707763671875
2.694489089136166359850221851957030594348907470703125
1.5561380241014253211773166185594163835048675537109375
3.648824581102527275788816041313111782073974609375
5.90935615308859052419165891478769481182098388671875
0.77047104711297631496336180134676396846771240234375
0.306267877170506797046556357599911279976367950439453125
4.44145881076887150129550718702375888824462890625
3.437886648685185786433748944546096026897430419921875
2.005160642363260858900275707128457725048065185546875
2.733951351111060024123844414134509861469268798828125
0.005068771222664123811407765884951004409231245517730712890625
5.55111031675978150445871506235562264919281005859375
5.844665052545526151561716687865555286407470703125
1.3870245421091522697309983414015732705593109130859375
2.702773032452905344058535774820484220981597900390625
3.932317603338614020458408049307763576507568359375
2.893194615530120472612907178699970245361328125
3.119638876854947451278121661744080483913421630859375
1.9616103845554135887141455896198749542236328125
0.277033115399410390100598533535958267748355865478515625
3.8067795501226431298391617019660770893096923828125
1.6226175712535446660211846392485313117504119873046875
1.6985664993512645803974692171323113143444061279296875
5.71005554087875477620173114701174199581146240234375
2.97387636156550083654792615561746060848236083984375
0.489558074013117294764896314518409781157970428466796875
3.404070355186576080086524598300457000732421875
1.57436124642801633655153636937029659748077392578125
1.0594409274213345550919029847136698663234710693359375
4.49000903876216117538433536537922918796539306640625
3.781264880768666625243668022449128329753875732421875
2.876290781463310519683318489114753901958465576171875
1.344411663689141445132690932950936257839202880859375
0.65010809000559877102176642438280396163463592529296875
2.45855408241012352021925835288129746913909912109375
6.03810348283878095543286690372042357921600341796875
1.5104421979749265148029735428281128406524658203125
1.9472013875726073006688920941087417304515838623046875
0.1548546711052190827384578142300597392022609710693359375
0.6295505419665523572092524773324839770793914794921875
3.5348932204411749324890479329042136669158935546875
6.1076761654588853645009294268675148487091064453125
0.8765917038267312388910568188293837010860443115234375
3.6213283804340168359203744330443441867828369140625
4.360237897498233650139809469692409038543701171875
5.6982465940481414889973166282288730144500732421875
3.96729345544528033684628098853863775730133056640625
2.24959167163985096493661330896429717540740966796875
2.004096427978037553430112893693149089813232421875
2.33454186737897639858374532195739448070526123046875
3.82684096705045906361419838503934442996978759765625
4.44479883999509173264641503919847309589385986328125
3.466995798458409439035676768980920314788818359375
2.2631065623515755902417367906309664249420166015625
1.4828865560190591654787795050651766359806060791015625
0.467396202234348023818455430955509655177593231201171875
4.01176572029779787698089421610347926616668701171875
5.67355804916214889743741878191940486431121826171875
1.6907391766542978484011428008670918643474578857421875
0.5412047582984305105213707065558992326259613037109375
4.83985324294067087436133078881539404392242431640625
1.626109249493594699487175603280775249004364013671875
2.24761812493218737785127814277075231075286865234375
1.5524812145945354746601196893607266247272491455078125
0.49221537985305852114237268324359320104122161865234375
2.4311797632983864758671188610605895519256591796875
5.97648312926543123779765664949081838130950927734375
3.373154211928901968775562636437825858592987060546875
0.7016082279353386130793523989268578588962554931640625
0.498958794361632207436940689149196259677410125732421875
2.24573257859860486718162064789794385433197021484375
0.9190892574887954413753732296754606068134307861328125
1.258242067215049164730089614749886095523834228515625
4.8626704230209316648370077018626034259796142578125
3.321163133321272997733331067138351500034332275390625
2.716773018021878538519331414136104285717010498046875
5.36014123366593420172421247116290032863616943359375
4.401792471722057342731204698793590068817138671875
1.935397888648918485188232807558961212635040283203125
5.5762886085825105197955053881742060184478759765625
3.558111465364267811395393437123857438564300537109375
0.463484315405493563222449893146404065191745758056640625
2.31707637224853701951587936491705477237701416015625
0.1285176165018671323725385491343331523239612579345703125
3.189714001614872618262097603292204439640045166015625
5.20317938706411009519570143311284482479095458984375
1.59383141038531572775127642671577632427215576171875
5.4097595761840437944556470029056072235107421875
0.1485453482780124401241295117870322428643703460693359375
5.80105472439554770147651652223430573940277099609375
3.109934577598501004302988803829066455364227294921875
5.34753956078706504939646038110367953777313232421875
0.294339407007062903165461875687469728291034698486328125
3.51146456401088347121230981429107487201690673828125
3.137235115899878135081735308631323277950286865234375
4.65735057000963070805710231070406734943389892578125
4.5288509415484536901885803672485053539276123046875
3.663570572968009031455949298106133937835693359375
2.674288112749518830923989298753440380096435546875
3.581426613980866147102233298937790095806121826171875
4.41956460033337616977178186061792075634002685546875
5.01626339165203294356842889101244509220123291015625
2.340504039746207354255602695047855377197265625
2.5822841883190559286731513566337525844573974609375
1.84889706118937890977349525201134383678436279296875
5.95875787547517798969920477247796952724456787109375
4.33479605220619390593128628097474575042724609375
0.86253684712647815668873363392776809632778167724609375
2.206073559993855237593152196495793759822845458984375
0.57568745486923755816377479277434758841991424560546875
0.895383983730754895447034868993796408176422119140625
5.7554699571578797900883728289045393466949462890625
4.07068761029399173168030756642110645771026611328125
5.9869769390761984340088019962422549724578857421875
0.64475811374409219833836459656595252454280853271484375
0.042607231556228752911152923843474127352237701416015625
5.786638948250367064929378102533519268035888671875
4.7945334247961586271458145347423851490020751953125
2.9185229851926646205129145528189837932586669921875
4.333007076020795267368157510645687580108642578125
3.19378592290398177766519438591785728931427001953125
3.4430663880957599332077734288759529590606689453125
2.748506478980705214354429699596948921680450439453125
5.8745321343234326860738292452879250049591064453125
2.396419346359599078510882463888265192508697509765625
4.01470341486829429555882597924210131168365478515625
5.40007231407153742708260324434377253055572509765625
2.432852955369562142351469447021372616291046142578125
0.33965799337455282458364536068984307348728179931640625
3.64936504155736596288761575124226510524749755859375
5.4218628416511531753485542139969766139984130859375
6.04873882412194863178456216701306402683258056640625
2.467657593396019866105461915140040218830108642578125
0.486088869120585631566910933543113060295581817626953125
5.65371925910748540644590320880524814128875732421875
3.87041532497072804375193300074897706508636474609375
2.544490293711515693786395786446519196033477783203125
3.809716554195806015314929027226753532886505126953125
5.33589964828872442836882328265346586704254150390625
3.96439151459261740484407710027880966663360595703125
3.568097674786070871988385988515801727771759033203125
4.74093702473867750768476980738341808319091796875
5.18289769856124760138982310309074819087982177734375
5.87255930737146325526509826886467635631561279296875
3.027249268702327800184548323159106075763702392578125
0.223786499054445198186868992706877179443836212158203125
0.6475260161907510081391592393629252910614013671875
0.8080579914774912442254617417347617447376251220703125
4.5494269662428283851340893306769430637359619140625
2.218178885249618037533991810050792992115020751953125
6.11324280866529345956905672210268676280975341796875
0.201095504435943983612133934002486057579517364501953125
0.83570532036099631767456230591051280498504638671875
1.3843592750690290049675468253553844988346099853515625
1.128690144225151126278205993003211915493011474609375
1.337553360372208288708861800841987133026123046875
0.76147511327088446275723754297359846532344818115234375
1.0985872020171567609025942147127352654933929443359375
0.68590975936745246510639617554261349141597747802734375
5.183743203767932072878465987741947174072265625
3.926700252465777030153049054206348955631256103515625
5.879085835497424028517343685962259769439697265625
5.396869723072935443042297265492379665374755859375
1.4062245753174618112524285606923513114452362060546875
1.6981053846471556578734407594311051070690155029296875
1.2998870088144045542577487140079028904438018798828125
3.429812370787425290785677134408615529537200927734375
3.90271069568925721426921882084570825099945068359375
5.5117945748079346657277710619382560253143310546875
4.15393735979814326952919145696796476840972900390625
4.35263545749409619389780345954932272434234619140625
5.0540872351184713551219829241745173931121826171875
5.28679580235540047539188890368677675724029541015625
4.77529808259711163742622375139035284519195556640625
0.557450340672575261891097397892735898494720458984375
0.465437717486842428282756145563325844705104827880859375
0.205894595573607175342800701400847174227237701416015625
0.86444444948082999058414088722201995551586151123046875
0.2507500542564085055374789590132422745227813720703125
0.302998241178224880787439587948028929531574249267578125
0.68393913082961887983657334189047105610370635986328125
0.045847550987195014038366736031093751080334186553955078125
0.5380215330692108555155073190690018236637115478515625
0.7237333123217026820128694453160278499126434326171875
0.1416312098231311822349454132563550956547260284423828125
0.83908621493684421022152264413307420909404754638671875
0.332903858894903148524235803051851689815521240234375
0.395037543212546748971902843550196848809719085693359375
0.73233814804457975089491128528607077896595001220703125
0.4442982810755717881789905732148326933383941650390625
0.2229466625596148166010834756889380514621734619140625
0.38322260993682899510304196155630052089691162109375
0.3299784144991908529931379234767518937587738037109375
0.6375050016853516243742205915623344480991363525390625
0.43868514543337988609295052810921333730220794677734375
0.0028964956304507777536116908123631219496019184589385986328125
0.1688585920114342997511158728229929693043231964111328125
0.82342334269705386162740978761576116085052490234375
0.17750001846696250584756171519984491169452667236328125
0.59603565772810751521859629065147601068019866943359375
0.667902861567168937284577623358927667140960693359375
0.48844910435771993206799379549920558929443359375
0.197869186381748496383892188532627187669277191162109375
0.7764535317087795096568925146129913628101348876953125
0.207213026102265829297977006717701442539691925048828125
0.2426251746912604090322673755508731119334697723388671875
0.130487810415442939682151290980982594192028045654296875
0.85900094679510263784294465949642471969127655029296875
0.87351484404574841757806780151440761983394622802734375
0.041194693670233102633648769597130012698471546173095703125
0.437009191344030767378825430569122545421123504638671875
0.43482426527646567127050047929515130817890167236328125
0.0928352363839909655585103109842748381197452545166015625
0.3127479079704489350888252374716103076934814453125
0.8054042625266146782081477795145474374294281005859375
0.5894664836067085023074696437106467783451080322265625
0.343905437897846777417498742579482495784759521484375
0.474113843624533071174909082401427440345287322998046875
0.96140223506903377259646958918892778456211090087890625
0.471981958705923521080194404930807650089263916015625
0.47131918718634135956335740047506988048553466796875
0.598774949367518960485767820500768721103668212890625
0.340454918490934621555510375401354394853115081787109375
0.062273222050756783796376936379601829685270786285400390625
0.954281844643075860545877731055952608585357666015625
0.526169751550149999985706017469055950641632080078125
0.1475591059529963444685307649706373922526836395263671875
0.99715881887691037999132959157577715814113616943359375
0.2192416243344739168463775058626197278499603271484375
0.51072959765360204098527674432261846959590911865234375
0.218690292080254422568685868100146763026714324951171875
0.497953010023549691442923403883469291031360626220703125
0.178111668293416347541580080360290594398975372314453125
0.10437035379203518647983628397923894226551055908203125
0.2226342280500727965897311833032290451228618621826171875
0.308129164068088490235908238901174627244472503662109375
0.290959446360803897224656111575313843786716461181640625
0.29576041237253714033528240179293788969516754150390625
0.36468000913256781725380051284446381032466888427734375
0.8453841269227602150948541748221032321453094482421875
0.4615015510756064198716330793104134500026702880859375
0.71025288883142778662005412115831859409809112548828125
0.33254789529952588633676668905536644160747528076171875
0.84945499936559010212278053586487658321857452392578125
0.0173184336243748827899313624811838963069021701812744140625
0.57643540649508839823766948029515333473682403564453125
0.460380677348180056274173921337933279573917388916015625
0.7986044556827305296309305049362592399120330810546875
0.046455269701059564990686112651019357144832611083984375
0.77800624900404657946495490250526927411556243896484375
0.479327121972724368159646246567717753350734710693359375
0.96304291345320780504124513754504732787609100341796875
0.9930395260420812331147999429958872497081756591796875
0.40170093271960549685672958730719983577728271484375
0.6168369602490388903248685892322100698947906494140625
0.67668138848463132983823697941261343657970428466796875
0.61863893811527592703214395442046225070953369140625
0.68739916788758670396219940812443383038043975830078125
0.0943459840930746806986206820511142723262310028076171875
0.502976352583140329244315580581314861774444580078125
0.89703876380670755086299550384865142405033111572265625
0.34767314342207888966385098683531396090984344482421875
0.1538001751312055576104143028715043328702449798583984375
0.99591178679648406646407465814263559877872467041015625
0.049252408113913799525551695523972739465534687042236328125
0.469344942583397484181517711476772092282772064208984375
0.8600534479413430855032629551715217530727386474609375
0.298866098420166481641757627585320733487606048583984375
0.6911911813966888917803998992894776165485382080078125
0.2108125086924119429010460180506925098598003387451171875
0.94765209078213763493891974576399661600589752197265625
0.38636665250471169397172843673615716397762298583984375
0.27442817402744112964541045585065148770809173583984375
0.51747786138089268970219336551963351666927337646484375
0.6106199871798139167111685310374014079570770263671875
0.480438576303626685426451103921863250434398651123046875
0.0998659725766004868763303647938300855457782745361328125
0.86507819214140913022248469133046455681324005126953125
0.97438931883051493887393235127092339098453521728515625
0.45392159254007113933226946755894459784030914306640625
0.63490801380710115697780793198035098612308502197265625
0.55222125703106694771804541232995688915252685546875
0.355654390694412569917659538987209089100360870361328125
0.3480544348005458754613528071786276996135711669921875
0.5516543861253440095282485344796441495418548583984375
0.35487371327116790098443743772804737091064453125
0.44636084067000114661283305395045317709445953369140625
0.06559750487357261794496565698864287696778774261474609375
0.8150061857025168166046569240279495716094970703125
0.08956317281795812823563807114624069072306156158447265625
0.60352958068415973880149749675183556973934173583984375
0.93328492386885220088998948995140381157398223876953125
0.39811346931295166218234271582332439720630645751953125
0.9570617014342275297167361713945865631103515625
0.65935309355117055485351329480181448161602020263671875
0.396144514622234045209125952169415540993213653564453125
0.334249828632106005255053560176747851073741912841796875
0.78922256864105466700465285612153820693492889404296875
0.79945312663887302395693268408649601042270660400390625
0.73674979141762009238192376869847066700458526611328125
0.69614394693455838858398010415839962661266326904296875
0.85041398920603750166691270351293496787548065185546875
0.832863869999006301014787823078222572803497314453125
0.86329380183634063516961987261311151087284088134765625
0.4990868607997367423223522564512677490711212158203125
0.073496228118192508116379713101196102797985076904296875
0.522858724241544781108359529753215610980987548828125
0.80601199427899528071606027879170142114162445068359375
0.805144267065983409992213637451641261577606201171875
0.293474980766640525242650028303614817559719085693359375
0.17405698875619890486632357351481914520263671875
0.7587584675097645003916113637387752532958984375
0.63798526657651422056005685590207576751708984375
0.1982110367148234575385146172266104258596897125244140625
0.68525803866109724626909383005113340914249420166015625
0.78854590551394310171673396325786598026752471923828125
0.0265843323555702039373560552348862984217703342437744140625
0.5239067722688925954344085766933858394622802734375
0.55497138833392944956557357727433554828166961669921875
0.50731825805609964685771728909458033740520477294921875
0.340057548759531924620347353993565775454044342041015625
0.1566746896862400151295702244169660843908786773681640625
0.58759563769567557667272694743587635457515716552734375
0.78388846608991202824512356528430245816707611083984375
0.725760379212796902237414542469196021556854248046875
0.8572372644474903768951890015159733593463897705078125
0.76698294224542706842839834280312061309814453125
0.40812418535730066171396401841775514185428619384765625
0.163976766711090127248695580419735051691532135009765625
0.84240660157166724619770548088126815855503082275390625
0.54129605020456761366176579031161963939666748046875
0.2306367905021816377963972399811609648168087005615234375
0.269912400408607144886019568730262108147144317626953125
0.4273285853803756584312623090227134525775909423828125
0.1417441368763074915904098816099576652050018310546875
0.8789420378762027308283677484723739326000213623046875
0.5154613291451062284664885737583972513675689697265625
0.344717958171254945654027324053458869457244873046875
0.998303411993339384622458965168334543704986572265625
0.49579687067111810616637512794113717973232269287109375
0.2059698701863968139935678891561110503971576690673828125
0.62388115870947069563356990329339168965816497802734375
0.9690298666102019620183227743837051093578338623046875
0.377921020788103800835955325965187512338161468505859375
0.6383405656732341615366976839140988886356353759765625
0.98224143869347935176250530275865457952022552490234375
0.851280128514058986866075429134070873260498046875
0.7475169989036010154137557037756778299808502197265625
0.96742179243239656560859884848468936979770660400390625
0.946076317665202726203688143868930637836456298828125
0.109492426789129349007367864032858051359653472900390625
0.5909676144788822416131779391434974968433380126953125
0.86063508310384817523441824960173107683658599853515625
0.7280107223093559287718790073995478451251983642578125
0.06429199597998148940636298220852040685713291168212890625
0.58300228490633998479353294897009618580341339111328125
0.5768417271677599433843397491727955639362335205078125
0.2432146785982021441885336798804928548634052276611328125
0.2388887867512594909147338739785482175648212432861328125
0.6788782266335926518507903892896138131618499755859375
0.84146332128041578801713740176637656986713409423828125
0.056865968302295531733303590726791298948228359222412109375
0.87399789405707173362003459260449744760990142822265625
0.81393597778581827650867808188195340335369110107421875
0.9792285510242118018453538752510212361812591552734375
0.95058561486684978181216365555883385241031646728515625
0.585030650526765061414380397764034569263458251953125
