              -3390.1920673362
         -0.000087308      -0.000007018       0.000007504
         -0.000007018      -0.000096316       0.000003724
          0.000007504       0.000003724      -0.000072833
          64
  1     6      -0.003130462       0.002889608      -0.011443540  C
  1     6       0.000600419       0.022160180      -0.003054797  C
  2    40       0.007060911       0.002495518      -0.005378720  Zr
  1     6      -0.063335940      -0.032042305      -0.001785374  C
  2    40      -0.100654605      -0.101798201       0.042142628  Zr
  2    40      -0.008369993       0.009894411       0.000473139  Zr
  1     6       0.005556005       0.006220392      -0.005199097  C
  2    40       0.063299896       0.046426963      -0.049222046  Zr
  1     6      -0.025460684      -0.045495901       0.018789184  C
  1     6      -0.009300416       0.005530661      -0.001168371  C
  2    40      -0.020670284      -0.014282821       0.007715300  Zr
  1     6      -0.001156444      -0.004418993       0.000742024  C
  2    40       0.002028933       0.006305670      -0.010679666  Zr
  2    40       0.017446139       0.003642627      -0.002137484  Zr
  1     6      -0.005783798       0.003775422       0.006074570  C
  2    40      -0.010270387       0.016271808       0.013901662  Zr
  2    40      -0.007520040      -0.007292610       0.015570235  Zr
  1     6       0.010975069       0.009906438      -0.005114985  C
  2    40       0.071726740       0.175510687      -0.032339551  Zr
  1     6       0.036886308      -0.070315303       0.038623198  C
  1     6       0.001766212       0.001133622      -0.004803172  C
  2    40      -0.008631277      -0.027105392       0.018646473  Zr
  1     6       0.006614385       0.028495568      -0.007374551  C
  2    40       0.039253409      -0.023081890      -0.065088141  Zr
  2    40       0.016454350       0.014667698      -0.000410938  Zr
  1     6       0.013441368       0.008098807      -0.003485059  C
  2    40      -0.015759803      -0.004296939       0.028736241  Zr
  1     6      -0.003191615       0.000104288      -0.004503995  C
  1     6      -0.018818168      -0.000078477      -0.004453204  C
  2    40       0.004587800      -0.003249657       0.000210192  Zr
  1     6       0.000217883       0.002000747       0.006464672  C
  2    40       0.005787148      -0.022396444       0.018110229  Zr
  1     6      -0.007200715      -0.000836325       0.002627253  C
  2    40      -0.017111152      -0.015516602       0.006204967  Zr
  1     6       0.011942666       0.003506173      -0.003174263  C
  2    40       0.002982068      -0.014861868      -0.003153452  Zr
  2    40       0.015737510      -0.007305028      -0.009621239  Zr
  1     6       0.004536691       0.000965664      -0.003316258  C
  2    40      -0.015811231      -0.004475320       0.007750775  Zr
  1     6      -0.001876646       0.000626064       0.000875967  C
  1     6      -0.017705480      -0.003533062       0.006206603  C
  2    40      -0.017625956      -0.002344587       0.001083494  Zr
  1     6       0.000671507       0.000807741      -0.002463790  C
  2    40      -0.010053557       0.001370752       0.008804790  Zr
  2    40       0.027788998       0.011328905      -0.012341787  Zr
  1     6      -0.010851785      -0.002586917       0.005671574  C
  2    40       0.007042022      -0.000290326       0.004869917  Zr
  1     6      -0.009604164      -0.005142368      -0.003022121  C
  2    40       0.020048914       0.012361872      -0.009314106  Zr
  1     6       0.002981013       0.004313198       0.009240950  C
  2    40      -0.012883909      -0.010141859       0.016484909  Zr
  1     6       0.003131137       0.007280457      -0.002688110  C
  1     6      -0.001107424      -0.000130247       0.013155462  C
  2    40      -0.007149031       0.012065585      -0.012373124  Zr
  1     6      -0.012057014      -0.007747393       0.000840757  C
  2    40      -0.004026452      -0.006951055       0.003382572  Zr
  2    40       0.011381606       0.016988683      -0.014571111  Zr
  1     6       0.011346305      -0.014641654       0.012616983  C
  2    40      -0.006385864       0.024905398      -0.000563139  Zr
  1     6       0.001300055      -0.016982023       0.006424541  C
  1     6      -0.007950624      -0.001635346      -0.000107233  C
  2    40       0.009040670      -0.000273625      -0.017509382  Zr
  1     6       0.008706291      -0.002039408      -0.006924443  C
  2    40       0.018147049       0.011543668      -0.003108273  Zr
