              -3390.1609647030
         -0.000156756      -0.000001479       0.000001118
         -0.000001479      -0.000067901       0.000000819
          0.000001118       0.000000819      -0.000155127
          64
  1     6       0.008988072       0.007389050      -0.016779750  C
  1     6      -0.009942825      -0.006928434       0.005143392  C
  2    40      -0.008724488      -0.017778190      -0.000695203  Zr
  1     6      -0.040947453       0.009828010      -0.022241999  C
  2    40      -0.024469974       0.036223591       0.063180635  Zr
  2    40      -0.005205985      -0.021306264      -0.020409608  Zr
  1     6      -0.010387096      -0.011002085      -0.002303735  C
  2    40      -0.042600383       0.053544155       0.025530463  Zr
  1     6      -0.173924828       0.035040455      -0.042151443  C
  1     6       0.007956117       0.008813213       0.025278863  C
  2    40       0.012457854      -0.014221300      -0.002663072  Zr
  1     6      -0.002267088       0.010732364       0.007344447  C
  2    40       0.005407531      -0.005738064      -0.006435794  Zr
  2    40       0.006944200       0.001861699       0.029000465  Zr
  1     6      -0.019877840       0.007057633      -0.026033988  C
  2    40       0.009601925      -0.020679373       0.021470076  Zr
  2    40       0.021338680      -0.006355325      -0.002210029  Zr
  1     6      -0.000663025      -0.028978930       0.014032942  C
  2    40      -0.001969963      -0.011849202      -0.017050097  Zr
  1     6       0.054854352       0.018024877       0.020148007  C
  1     6       0.002848387      -0.013631763       0.003090407  C
  2    40      -0.000650842      -0.014161790      -0.001988030  Zr
  1     6      -0.013225987      -0.029444735       0.006522891  C
  2    40       0.198548322       0.007088322      -0.001938128  Zr
  2    40      -0.029541987       0.004778966      -0.009614183  Zr
  1     6      -0.009806339       0.009814249       0.009214636  C
  2    40       0.008861458      -0.014466539       0.006345547  Zr
  1     6      -0.007572616      -0.001671231       0.011756872  C
  1     6       0.011387335      -0.005833329      -0.032047691  C
  2    40      -0.002319278       0.007244536      -0.025405749  Zr
  1     6       0.001296792       0.010941004      -0.004869046  C
  2    40      -0.005283872      -0.004837386      -0.001833112  Zr
  1     6      -0.011494373       0.011724451      -0.006008469  C
  2    40       0.010231542       0.011774161       0.006431647  Zr
  1     6       0.004089955       0.012941507       0.010389381  C
  2    40      -0.021360125       0.018114630      -0.019859012  Zr
  2    40      -0.006730957      -0.008467131       0.019207601  Zr
  1     6       0.005663790       0.002000812      -0.002126460  C
  2    40      -0.024912317      -0.000078535       0.012002769  Zr
  1     6       0.002722004       0.003566609       0.024790821  C
  1     6      -0.011581361      -0.013870452      -0.006137034  C
  2    40       0.021412974      -0.003099623       0.033729926  Zr
  1     6      -0.004663054       0.008091625       0.009827045  C
  2    40      -0.022305857       0.005866899      -0.017386767  Zr
  2    40      -0.006250516      -0.021457507       0.011693883  Zr
  1     6      -0.034925318      -0.013118845      -0.006128979  C
  2    40       0.018097436      -0.012100299      -0.020642723  Zr
  1     6      -0.011815761       0.002396522       0.008897877  C
  2    40       0.013873081      -0.019836032       0.008858795  Zr
  1     6       0.000673166      -0.013084911       0.015934545  C
  2    40      -0.002135726      -0.003245215      -0.015229970  Zr
  1     6       0.019710003       0.011879077      -0.019720536  C
  1     6       0.024826925       0.007305007      -0.005691910  C
  2    40       0.004495768      -0.035437516       0.011810786  Zr
  1     6       0.040517255       0.007592113      -0.006402537  C
  2    40       0.016507519      -0.001693786      -0.039681843  Zr
  2    40      -0.013071086       0.020535237       0.005247692  Zr
  1     6      -0.000093186      -0.005014623       0.002947955  C
  2    40      -0.011417043      -0.006718593      -0.015708535  Zr
  1     6       0.012820587      -0.008045944      -0.011933273  C
  1     6       0.003828074       0.002449264      -0.013870472  C
  2    40       0.033380233       0.006947958      -0.022772262  Zr
  1     6      -0.009883612       0.017847732       0.024277745  C
  2    40       0.017755763       0.013704300       0.011663213  Zr
