              -3390.1134765533
         -0.000089832       0.000006620       0.000001834
          0.000006620      -0.000155975      -0.000000566
          0.000001834      -0.000000566      -0.000090819
          64
  1     6       0.003776686      -0.004093855      -0.002853351  C
  1     6      -0.009222163      -0.003758243       0.007178156  C
  2    40      -0.043337388       0.059065285       0.012544604  Zr
  1     6       0.092514938      -0.006974755       0.016077751  C
  2    40       0.035310023      -0.074452229       0.015103278  Zr
  2    40       0.016386500       0.013807226       0.024405094  Zr
  1     6      -0.000006695       0.023348885      -0.010649895  C
  2    40       0.033171829      -0.107580089       0.030306518  Zr
  1     6       0.015131803       0.032392567       0.008014231  C
  1     6       0.003600980      -0.010217715      -0.014814556  C
  2    40      -0.002195145      -0.005984740      -0.000469397  Zr
  1     6      -0.016912840       0.015370409      -0.021283500  C
  2    40      -0.050353633       0.010991429      -0.012227331  Zr
  2    40      -0.006876509      -0.003121161      -0.000848035  Zr
  1     6      -0.006979784       0.003583496       0.001332158  C
  2    40      -0.019223176       0.021980458       0.014195973  Zr
  2    40      -0.003180121       0.058295778      -0.007166185  Zr
  1     6      -0.008127669       0.022928382       0.009049834  C
  2    40       0.083590424      -0.068712894      -0.045145410  Zr
  1     6       0.031745646      -0.038101356       0.042463369  C
  1     6      -0.028209209      -0.013449126      -0.004130626  C
  2    40      -0.009715828       0.013497966      -0.068269868  Zr
  1     6       0.026746308       0.042709572      -0.033747637  C
  2    40       0.019335833      -0.103053051       0.086220842  Zr
  2    40       0.006859326       0.025359910      -0.002728945  Zr
  1     6      -0.010542910      -0.009283090       0.014560220  C
  2    40       0.010671448       0.029990976      -0.016048762  Zr
  1     6      -0.007515809       0.003576050      -0.030812318  C
  1     6       0.005545053      -0.002621856      -0.015177237  C
  2    40      -0.009592963      -0.014597781       0.008384935  Zr
  1     6      -0.016847699       0.000710706       0.017981690  C
  2    40      -0.017630159       0.007151454      -0.015498920  Zr
  1     6      -0.005904785       0.023702854      -0.001543142  C
  2    40      -0.008082075      -0.023028770       0.003476459  Zr
  1     6      -0.012078770      -0.000474553      -0.014745823  C
  2    40      -0.041649172       0.006581078      -0.014640158  Zr
  2    40       0.000262791      -0.021178945       0.010877606  Zr
  1     6       0.016898072      -0.010934995       0.018265057  C
  2    40      -0.040206146       0.021695009      -0.005158669  Zr
  1     6      -0.004833310       0.024472477      -0.002411229  C
  1     6       0.017435356       0.005664747       0.003685644  C
  2    40      -0.015417037      -0.007765721      -0.023396493  Zr
  1     6      -0.003129113      -0.003960991       0.003359693  C
  2    40      -0.010285894       0.001850091       0.033118045  Zr
  2    40      -0.016755051      -0.030468698       0.017280367  Zr
  1     6       0.004715520       0.040958656       0.002676842  C
  2    40       0.023208094      -0.012134841      -0.006362208  Zr
  1     6       0.009410714       0.024989904      -0.005930731  C
  2    40       0.021837373      -0.007754109       0.007692087  Zr
  1     6       0.000086385       0.002699579      -0.001351691  C
  2    40      -0.035203572       0.046232776       0.039319362  Zr
  1     6      -0.026816114      -0.008276047       0.017598503  C
  1     6      -0.001376741      -0.009610343      -0.010168212  C
  2    40      -0.023005879       0.018481472       0.000404497  Zr
  1     6       0.007516219       0.003314920      -0.020396938  C
  2    40      -0.003499951       0.001967356      -0.044032961  Zr
  2    40       0.017390433       0.013468339       0.014691659  Zr
  1     6       0.012421765      -0.003358644       0.013313747  C
  2    40      -0.000618990      -0.002109308      -0.002262474  Zr
  1     6      -0.005669785       0.007159438       0.023336887  C
  1     6       0.016273481       0.020484066      -0.013932056  C
  2    40       0.000538041      -0.035062199      -0.012324042  Zr
  1     6      -0.011048626       0.016886080       0.002611402  C
  2    40       0.001293515      -0.023333578      -0.038415583  Zr
