              -3390.1967180106
         -0.000081591      -0.000012194      -0.000004007
         -0.000012193      -0.000093309      -0.000004422
         -0.000004007      -0.000004422      -0.000063914
          64
  1     6      -0.007136060       0.002262320       0.009610901  C
  1     6      -0.013235224      -0.028724017       0.024791682  C
  2    40      -0.005235023      -0.009424681       0.005666594  Zr
  1     6      -0.018114435       0.017812344       0.019103721  C
  2    40      -0.029558701       0.012643084       0.002787060  Zr
  2    40       0.020681727      -0.039291369      -0.057812135  Zr
  1     6      -0.016365755      -0.009185743      -0.016525853  C
  2    40      -0.034514274      -0.007653974      -0.013338423  Zr
  1     6      -0.023324113       0.014993425       0.011981441  C
  1     6      -0.006137574      -0.018024137      -0.013935795  C
  2    40      -0.020172890      -0.019848103      -0.011862494  Zr
  1     6      -0.000822080      -0.000251766       0.001840298  C
  2    40       0.026850455      -0.030506816       0.010491640  Zr
  2    40       0.010720462      -0.004979646      -0.000614770  Zr
  1     6      -0.000756522      -0.008697143      -0.017439311  C
  2    40      -0.015572125      -0.003244603       0.017818994  Zr
  2    40       0.003198227      -0.024165473       0.018380558  Zr
  1     6       0.010428107      -0.002709299      -0.017705084  C
  2    40       0.032298029       0.025435957       0.001429138  Zr
  1     6      -0.009556899      -0.013701281       0.017276333  C
  1     6      -0.001710594      -0.005912294      -0.009649460  C
  2    40       0.021792491       0.018837050      -0.000078506  Zr
  1     6       0.018965550       0.074976367       0.001424322  C
  2    40       0.009582718      -0.026277863      -0.035675625  Zr
  2    40      -0.011214609       0.025122054       0.018859636  Zr
  1     6      -0.007609453       0.007604494      -0.005683555  C
  2    40      -0.009907988       0.010921019      -0.003640273  Zr
  1     6      -0.013594866      -0.004349960       0.007216425  C
  1     6       0.009958335       0.009482325      -0.021406477  C
  2    40      -0.017700349       0.007648654       0.044254769  Zr
  1     6      -0.009751842      -0.016338086       0.009517345  C
  2    40      -0.015593666       0.028560958      -0.007666288  Zr
  1     6      -0.013091089       0.004932378       0.004888119  C
  2    40      -0.007825341      -0.029105782      -0.008731521  Zr
  1     6      -0.000518963      -0.003953358      -0.029019768  C
  2    40       0.014596475      -0.029541699      -0.002978471  Zr
  2    40      -0.024033264       0.006810196      -0.031669365  Zr
  1     6      -0.000200761      -0.005775620      -0.000554424  C
  2    40       0.008646405       0.002020198      -0.026288324  Zr
  1     6       0.015336977      -0.009513161      -0.013116091  C
  1     6      -0.003092236       0.015583513       0.012047294  C
  2    40       0.010754735      -0.008943107      -0.013872757  Zr
  1     6       0.002163119      -0.012151360       0.008313330  C
  2    40      -0.041819978      -0.017481871       0.002865543  Zr
  2    40       0.002362113      -0.028913013       0.014997954  Zr
  1     6      -0.021386508      -0.001445553       0.008352287  C
  2    40       0.018368459      -0.023625339       0.009073639  Zr
  1     6      -0.023745108       0.000884816       0.004942401  C
  2    40      -0.005358349       0.051529497       0.021301223  Zr
  1     6       0.007550989      -0.004148516       0.018639582  C
  2    40      -0.010814499      -0.006327248      -0.012300089  Zr
  1     6       0.015158770       0.019969009      -0.004132224  C
  1     6       0.002618915      -0.018461807       0.017146143  C
  2    40       0.028226919      -0.004917968      -0.014542912  Zr
  1     6       0.011865897       0.025559093      -0.009126227  C
  2    40      -0.003927992       0.010743146       0.014055571  Zr
  2    40       0.010354974       0.000329665      -0.003887685  Zr
  1     6       0.003546732      -0.008405664       0.009511123  C
  2    40       0.011526764       0.028348580      -0.000865669  Zr
  1     6       0.025151860       0.005308952      -0.019013938  C
  1     6       0.027670228       0.030479206       0.011758975  C
  2    40      -0.010229132       0.034607662       0.013362531  Zr
  1     6       0.007895523       0.001371911       0.006817684  C
  2    40       0.065159760      -0.007877067       0.024254531  Zr
