1927648892
5.5941002184269255081972005427815020084381103515625
2.78230700807410347152881513466127216815948486328125
4.3848674955631796734678573557175695896148681640625
0.61823939397377980498049510060809552669525146484375
3.3772484193120160256285089417360723018646240234375
4.4886439723483047004037871374748647212982177734375
5.47519050073181912097197709954343736171722412109375
2.808809685484769058660958762629888951778411865234375
0.36345175904714832615383102165651507675647735595703125
0.7801624434319724965547493411577306687831878662109375
2.500105762981988721804782471735961735248565673828125
3.89502910011373959520142307155765593051910400390625
3.6903668726661660315357949002645909786224365234375
3.823093401031828708624971113749779760837554931640625
3.896956927705620632451655183103866875171661376953125
2.849943811201224530549325208994559943675994873046875
2.74928014028056555417833806131966412067413330078125
5.55425667611328943706894278875552117824554443359375
4.118616370206776622353572747670114040374755859375
2.3349732614394067553575951023958623409271240234375
3.714457552191928524365494013181887567043304443359375
2.559874501143662772761899759643711149692535400390625
3.428772344289708229325697175227105617523193359375
2.964778567663455266512073649209924042224884033203125
5.12488145433393693650714340037666261196136474609375
2.3990130415956603116001133457757532596588134765625
0.9170198282044459414663606366957537829875946044921875
0.44178525531580403740150586600066162645816802978515625
0.95263075060390922654818268711096607148647308349609375
0.6826434758415584891366734154871664941310882568359375
5.24930211024086634807872542296536266803741455078125
1.7742742215162383700999271241016685962677001953125
2.8816528063181099383882610709406435489654541015625
2.5663592834393416097782392171211540699005126953125
0.93465636771659699189029879562440328299999237060546875
1.9297633631178421342866613485966809093952178955078125
5.44176447866645940365515343728475272655487060546875
1.2723913669805997361805793843814171850681304931640625
3.575136753815773005271694273687899112701416015625
0.09639032044135113774796508323561283759772777557373046875
1.6989256486653177002921211169450543820858001708984375
3.758634819613961841611171621480025351047515869140625
2.50626020374641189647491046343930065631866455078125
0.94014687774037530854087663101381622254848480224609375
2.182113431277398429841696270159445703029632568359375
2.025293335585686360644785963813774287700653076171875
5.15537764647638940829210696392692625522613525390625
2.86362718911386071596325564314611256122589111328125
4.8449131547314525647607297287322580814361572265625
2.470929026393549055029552619089372456073760986328125
4.0481337174319502736352660576812922954559326171875
4.145498139430738859800840145908296108245849609375
2.607144956698732141120444794069044291973114013671875
5.794064413202903551791678182780742645263671875
3.3718741439812287552513225818984210491180419921875
2.3159293128125408856021749670617282390594482421875
2.10267279275543028660422351094894111156463623046875
1.40355996659047388419594426522962749004364013671875
3.99179890735626852205086834146641194820404052734375
1.78463865377799901779098945553414523601531982421875
3.966497203764455026231416923110373318195343017578125
1.0389572772260942112865222952677868306636810302734375
1.3263142435397738960745073200087063014507293701171875
4.592534697183669578635090147145092487335205078125
3.049385638893156613704604751546867191791534423828125
5.6676116207192759333111098385415971279144287109375
5.1809708160144456456919215270318090915679931640625
4.0210469465718432502399082295596599578857421875
2.664628666561352332564638345502316951751708984375
1.4040268773760089526803085391293279826641082763671875
3.13919548756732869065899649285711348056793212890625
4.82411730026329177434263328905217349529266357421875
3.511335019689215908300639057415537536144256591796875
3.567615976824600299011081006028689444065093994140625
2.28819881118461321278800824075005948543548583984375
1.110675665679149659581526066176593303680419921875
2.879001317040448260087259768624790012836456298828125
2.810200259338239359152566976263187825679779052734375
6.05221741217103481602634929004125297069549560546875
4.09335766177728377357425415539182722568511962890625
1.8998280800991269590127785704680718481540679931640625
3.6327518015376245585912329261191189289093017578125
0.72452313679490087938717124416143633425235748291015625
2.302544062975076410992869568872265517711639404296875
4.90253950203254174056155534344725310802459716796875
3.142469310972998197684091792325489223003387451171875
1.1433418276137989888496804269379936158657073974609375
0.71723266407095565000417991541326045989990234375
1.6278932751642172238604189260513521730899810791015625
5.87462547434849913230436868616379797458648681640625
3.353917971498155292664478110964410006999969482421875
3.887602801297898924559603983652777969837188720703125
2.851748782932891135288855366525240242481231689453125
4.15504955204466153162456976133398711681365966796875
1.534167414232209925017968998872675001621246337890625
5.439198640316444510744986473582684993743896484375
5.443005890466832141783015686087310314178466796875
4.23160908751907260949565170449204742908477783203125
4.159378584111863119687768630683422088623046875
3.27349553061798559383532847277820110321044921875
3.9575387879193986151449280441738665103912353515625
4.5372824698926024211687035858631134033203125
1.8161808499014358009304714869358576834201812744140625
3.472372162836211639813654983299784362316131591796875
3.25617847485911315885687145055271685123443603515625
1.07698091141448326624185938271693885326385498046875
3.765928174286521379343639637227170169353485107421875
0.276645134895870670188600115579902194440364837646484375
5.37920147042268315118462851387448608875274658203125
2.955272546471665595646527435746975243091583251953125
0.11373129491080340158770667358112405054271221160888671875
4.06417907898622932094667703495360910892486572265625
4.90005102279050586133735123439691960811614990234375
5.44108091263936710646476058172993361949920654296875
2.26357071407361498671662047854624688625335693359375
5.55497708719510097097327161463908851146697998046875
2.564170684848335657335383075405843555927276611328125
5.0388048175262110106586987967602908611297607421875
2.780404085199587260746056927018798887729644775390625
1.5412403598154238437700769281946122646331787109375
5.291804014621295237930098664946854114532470703125
0.0803084064159677868399711542224395088851451873779296875
1.299619681016452421573603714932687580585479736328125
3.10903854027555670569427093141712248325347900390625
4.7886482282523701314858044497668743133544921875
1.0258194331681920186127854321966879069805145263671875
1.8924116676836588712973252768279053270816802978515625
4.17593140561497211393771067378111183643341064453125
0.81941607865972343471838712503085844218730926513671875
3.28552169152486062131401922670193016529083251953125
5.7652181615116919743968537659384310245513916015625
3.020910994726352161166005316772498190402984619140625
0.08320242703015494345475389081911998800933361053466796875
0.14336977525812566458540686653577722609043121337890625
4.00452218968914852581519880914129316806793212890625
2.617003772288442053906010187347419559955596923828125
4.30283140630345695143432749318890273571014404296875
5.7876877873665879548070734017528593540191650390625
3.0542657200162484087968550738878548145294189453125
5.9980869387590445285241003148257732391357421875
2.39466680853769364745176062569953501224517822265625
0.178922865580118550798971455151331610977649688720703125
5.8307195840816579135434949421323835849761962890625
4.79635586376968081623317630146630108356475830078125
1.4054959894494289951438759089796803891658782958984375
3.4499371554747195744994314736686646938323974609375
4.35600572816283015953331414493732154369354248046875
2.9337323914694746207487696665339171886444091796875
1.9641933595277973889636768944910727441310882568359375
1.019629367422726584635483959573321044445037841796875
4.76171230472698692182120794313959777355194091796875
2.698671150601553048176128868362866342067718505859375
0.050760018415578138373245309367121080867946147918701171875
2.1006241954245155056923977099359035491943359375
4.8167146626844488110918973688967525959014892578125
4.66475438670044439959383453242480754852294921875
2.556246900259123489007606622180901467800140380859375
5.21527464744349433800607584998942911624908447265625
2.915346223475653086865122531889937818050384521484375
2.470731544156326453531846709665842354297637939453125
5.52713746358187929530458859517239034175872802734375
5.2083710609603652841315124533139169216156005859375
6.1083315498321173464546518516726791858673095703125
1.7559807440118564425546310303616337478160858154296875
4.93602031915744010603930291836149990558624267578125
1.474869855651023353715345365344546735286712646484375
0.129057951145750970933789858463569544255733489990234375
6.19590572906319625445803467300720512866973876953125
0.09352934422071611242355260174008435569703578948974609375
3.284843707993155614843772127642296254634857177734375
3.8288704528195989240657581831328570842742919921875
5.83844017812730609051641295081935822963714599609375
0.226904744048326001415460950738633982837200164794921875
2.205713237419503425229549975483678281307220458984375
2.215789433858137424948608895647339522838592529296875
1.1799078804490605865140651076217181980609893798828125
4.31392818120687504546140189631842076778411865234375
5.0596994862588875463416115962900221347808837890625
1.9640117909134302554008399965823628008365631103515625
5.92841403454723359089939549448899924755096435546875
3.308105041705326154755084644421003758907318115234375
4.03139412810362518513329632696695625782012939453125
5.29363959937666894717267496162094175815582275390625
3.616980962412406075401349880849011242389678955078125
5.9574591787286959032599042984656989574432373046875
4.0142276475767122434490374871529638767242431640625
2.28505216217332485229007943416945636272430419921875
3.605076381701180832095587902585975825786590576171875
2.056826748348981492853226882289163768291473388671875
5.6542078766714656268277394701726734638214111328125
4.20404910069651283066605174099095165729522705078125
5.732357776721297426547607756219804286956787109375
0.28088566627394673247408718452788889408111572265625
0.373438744979649184241310422294191084802150726318359375
0.7590975955869525559904786859988234937191009521484375
0.23618767468081214300212877787998877465724945068359375
0.60879101911969069060859283126774244010448455810546875
0.2144127461195051431719349466220592148602008819580078125
0.45969365418874363893309009654331021010875701904296875
0.00928125065252243149072075567573847365565598011016845703125
0.96119758997168280867384737575775943696498870849609375
0.7782635729658713419354398865834809839725494384765625
0.5499223645543318550465983207686804234981536865234375
0.85675790014525776694398473409819416701793670654296875
0.1498879730468094251261135241293231956660747528076171875
0.375357714656441354694749179543578065931797027587890625
0.1566758584960717126666196463702362962067127227783203125
0.510548661235044054507170585566200315952301025390625
0.896400559645332606351075810380280017852783203125
0.13543486228931456150093026735703460872173309326171875
0.9823832623578530043317869058228097856044769287109375
0.1930039348979498969871571034673252142965793609619140625
0.0860124132996482881896582739500445313751697540283203125
0.462577914103203424733834481230587698519229888916015625
0.8544526276432222733347998655517585575580596923828125
0.60355121204794903722046228722319938242435455322265625
0.5960258746501179150101279446971602737903594970703125
0.213554407569372273201224743388593196868896484375
0.00172792002639170737265938981863655499182641506195068359375
0.7332883694829830378836277304799295961856842041015625
0.67877652062046178738086155135533772408962249755859375
0.7718358523081223498962799567379988729953765869140625
0.5622287297445482945335015756427310407161712646484375
0.273013903886551945188188028623699210584163665771484375
0.166371919292198466866494754867744632065296173095703125
0.1141274436908436273885314449216821230947971343994140625
0.7800713031459931556810261099599301815032958984375
0.73992946219627253601203165089827962219715118408203125
0.71454806007190985184251985629089176654815673828125
0.411789784399694658301172012215829454362392425537109375
0.6743665410552017736023344696150161325931549072265625
0.38465090393305334526274918971466831862926483154296875
0.397155780530141555573209188878536224365234375
0.416340653978446828542558932895190082490444183349609375
0.6685176192170556586091834105900488793849945068359375
0.55049959409539572785519112585461698472499847412109375
0.258275107135193027207975546843954361975193023681640625
0.182746518488389686485362517487374134361743927001953125
0.60471995901536190753944310927181504666805267333984375
0.27913312533829970352172722414252348244190216064453125
0.864209189016469370159256868646480143070220947265625
0.9198470594919505582964802670176140964031219482421875
0.70039194808359817034926209089462645351886749267578125
0.51036420860810405297769420940312556922435760498046875
0.86228389752203782325779002349008806049823760986328125
0.9839406949393174617313206908875145018100738525390625
0.93749498898978111949276126324548386037349700927734375
0.80704285335123671085710839179228059947490692138671875
0.9667969099091351381503045558929443359375
0.73353447007645600219660764196305535733699798583984375
0.3730125303254521185181147302500903606414794921875
0.98260866849804695544179367061587981879711151123046875
0.6063695096440471221654888722696341574192047119140625
0.45179147387472518015982814176823012530803680419921875
0.621115609361378329111857965472154319286346435546875
0.98218134696696945962202107693883590400218963623046875
0.12418516824216822846960184278941596858203411102294921875
0.129605290074648937803658554912544786930084228515625
0.56180492721582064863383720876299776136875152587890625
0.2395171235499517770062283261722768656909465789794921875
0.56212349122489035924132849686429835855960845947265625
0.96073926238377549413627320973319001495838165283203125
0.59204941643031749887171599766588769853115081787109375
0.83426924880327157918458169660880230367183685302734375
0.9911656221333731142664191793301142752170562744140625
0.1941608545343209424327568513035657815635204315185546875
0.85183778212025662579520712824887596070766448974609375
0.9954657894538090356917336976039223372936248779296875
0.34212470908748204845295504128444008529186248779296875
0.6692967599580514903578887242474593222141265869140625
0.17818186207589781222537794747040607035160064697265625
0.448565116826708021324776609617401845753192901611328125
0.55350651198695721699749583422089926898479461669921875
0.1269441461781710966949532348735374398529529571533203125
0.21813990511844860709089743977528996765613555908203125
0.53940026300931365188517929709632880985736846923828125
0.589919087751730852886566935922019183635711669921875
0.279881875626687814939685949866543523967266082763671875
0.26792163973111737806931387240183539688587188720703125
0.74081482959017852518712743403739295899868011474609375
0.6819548428440256326865664959768764674663543701171875
0.62326541385765443781252770349965430796146392822265625
0.11174520622554477700116848382094758562743663787841796875
0.99199991626292460811242790441610850393772125244140625
0.06598846570867507310698130140735884197056293487548828125
0.41711023422754844869331236623111180961132049560546875
0.312774781749013242038159887670190073549747467041015625
0.54653735810263892602733903913758695125579833984375
0.44384575748995214183878488256596028804779052734375
0.9815927329387481581335350711015053093433380126953125
0.03994277354327159523794676942998194135725498199462890625
0.44224905848607842795416900116833858191967010498046875
0.0211325204098282946885145605619982234202325344085693359375
0.81183036501138949869726957331295125186443328857421875
0.83628205807706434971038333969772793352603912353515625
0.54814142200543614080743282102048397064208984375
0.4876208782604061209298151879920624196529388427734375
0.05202952495404962462988152083198656328022480010986328125
0.79013803917455394110191946310806088149547576904296875
0.05323600026463903844842207035981118679046630859375
0.7053261165066277982305109617300331592559814453125
0.10029683266780191341904782120764139108359813690185546875
0.336021585080782669852084154626936651766300201416015625
0.88438219152595021199658731347881257534027099609375
0.320315695051250848290891326541895978152751922607421875
0.4418530047134743288239633329794742166996002197265625
0.38696791948143760553335823715315200388431549072265625
0.9901203303551862067166666747652925550937652587890625
0.60623299684665765685309679611236788332462310791015625
0.6971546000322115244074439033283852040767669677734375
0.35459588903682115468285473980358801782131195068359375
0.9607519553791508126749931761878542602062225341796875
0.416702857900738188323686017611180432140827178955078125
0.441582852248839474729180665235617198050022125244140625
0.0568109206188520954317056066429358907043933868408203125
0.06296740102719859677460334523857454769313335418701171875
0.965165087005666055830488403444178402423858642578125
0.78023793491545967437872377558960579335689544677734375
0.81009842493110262306998947678948752582073211669921875
0.08105401372586097663575088745346874929964542388916015625
0.53059504997478568188995495802373625338077545166015625
0.4906725881112146137041918336763046681880950927734375
0.4070090811732267610523194889537990093231201171875
0.325663408881827931562469302662066183984279632568359375
0.282743612901653895708165009637014009058475494384765625
0.455757132012283960875720367766916751861572265625
0.26811403048602588938820190378464758396148681640625
0.47955626923570238151484090849407948553562164306640625
0.42929056679331256685117068627732805907726287841796875
0.891657784996394919829754144302569329738616943359375
0.4159579735323590821138850515126250684261322021484375
0.2482385240719832963929292191096465103328227996826171875
0.11788941971859402679800865598735981620848178863525390625
0.6823097316931512335003162661450915038585662841796875
0.6930965849631915975948004415840841829776763916015625
0.058401963700727539674506516576002468355000019073486328125
0.286270763392686256043617731847916729748249053955078125
0.1412546034628779645370144635307951830327510833740234375
0.0298674698126816517973480813452624715864658355712890625
0.70652192212013620320476547931320965290069580078125
0.4897360207930840925172333299997262656688690185546875
0.9499505851184719684709989451221190392971038818359375
0.57878814105819353930115767070674337446689605712890625
0.442666939665873948595020692664547823369503021240234375
0.350645975373054863410970938275568187236785888671875
0.4941801952636708517019314967910759150981903076171875
0.28894991068586239890692013432271778583526611328125
0.147727008977777796161490186932496726512908935546875
0.77089517832309717437766494185780175030231475830078125
0.33482717505415304781735130745801143348217010498046875
0.5934004860899413369423882613773457705974578857421875
0.68768339729294336581943980490905232727527618408203125
0.942303691032484014300507624284364283084869384765625
0.57295109404854061008194321402697823941707611083984375
0.2958560126348659391481987768202088773250579833984375
0.284782243559501269114520027869730256497859954833984375
0.441752069835435634548304051349987275898456573486328125
0.54344208517272118985630413590115495026111602783203125
0.66423968256648613373016587502206675708293914794921875
0.028618918745135384085198637649227748624980449676513671875
0.320433749035202775079511638978146947920322418212890625
0.78148960637929365535825354527332819998264312744140625
0.265217833344460363065309138619340956211090087890625
0.0162229901255215476496562843067295034416019916534423828125
0.75925335602800048118155018528341315686702728271484375
0.50010477448818491108539774359087459743022918701171875
0.7442793039345552141838879833812825381755828857421875
0.2323250906692468920056171555188484489917755126953125
0.0167261720712884205675141657820859109051525592803955078125
0.65875415581220486682667569766636006534099578857421875
0.08474920042080301418874199725905782543122768402099609375
0.098174218599765661341649547466658987104892730712890625
0.1782692275840180029522485938286990858614444732666015625
0.5470414811498678364642955784802325069904327392578125
0.62772532814542081336384171663667075335979461669921875
0.85739456762438381876023640870698727667331695556640625
0.09845951390380948409219996619867742992937564849853515625
0.55754273690168876242978512891568243503570556640625
0.56810078889508763833049442837364040315151214599609375
0.399790358915827426233846608738531358540058135986328125
0.92481589220688487085197948545101098716259002685546875
0.68000798610970747404280700720846652984619140625
0.087683305185140725246384363344986923038959503173828125
0.355678190642817970701372587427613325417041778564453125
