              -3390.1549728643
         -0.000124445      -0.000003234      -0.000014035
         -0.000003233      -0.000124862       0.000008003
         -0.000014035       0.000008003      -0.000091767
          64
  1     6       0.009750574       0.008190527      -0.019592604  C
  1     6      -0.000501620       0.027184523      -0.007025817  C
  2    40      -0.004150928       0.027379772       0.006858691  Zr
  1     6      -0.006062970      -0.075576990       0.028733116  C
  2    40       0.018882862       0.007616699       0.057723271  Zr
  2    40      -0.017699123      -0.026781221      -0.004543727  Zr
  1     6       0.006354529       0.018247203      -0.007170962  C
  2    40      -0.001687115       0.120059901      -0.013691447  Zr
  1     6      -0.105445379      -0.101890124       0.050707740  C
  1     6       0.005806255       0.011595529      -0.003823239  C
  2    40       0.008241155      -0.007011230       0.011645664  Zr
  1     6       0.002620994       0.014030060      -0.015042445  C
  2    40      -0.041623192      -0.008453201      -0.048873464  Zr
  2    40       0.012088227      -0.007591174      -0.002297524  Zr
  1     6      -0.014638227       0.001293406       0.000363690  C
  2    40       0.008979661      -0.010796770      -0.009354919  Zr
  2    40       0.005885347       0.014905841      -0.014774724  Zr
  1     6       0.002837059       0.018183522      -0.002346403  C
  2    40      -0.058432969      -0.077103263       0.017365408  Zr
  1     6      -0.001748609      -0.031123587      -0.005575703  C
  1     6       0.008890738      -0.010309163       0.000711558  C
  2    40      -0.014564279       0.005148546      -0.014518588  Zr
  1     6      -0.035817802       0.060831862       0.050443869  C
  2    40       0.178755805      -0.029036974       0.100007298  Zr
  2    40       0.003051326      -0.015693185      -0.000293319  Zr
  1     6       0.002233724      -0.008964210      -0.000523923  C
  2    40       0.001249721       0.030849530      -0.026649193  Zr
  1     6       0.009758114      -0.008629013      -0.030182312  C
  1     6      -0.012999802      -0.002126490       0.000035439  C
  2    40       0.026839571       0.009160666       0.012848610  Zr
  1     6      -0.000239423       0.002038890      -0.016674494  C
  2    40      -0.016728776       0.014990875      -0.023315931  Zr
  1     6      -0.005650879       0.000632096       0.003712029  C
  2    40       0.028439847       0.011352087      -0.001971888  Zr
  1     6       0.007940701       0.009870475      -0.008069238  C
  2    40      -0.022534342      -0.003528196      -0.026297431  Zr
  2    40      -0.004479971       0.017568698      -0.003929811  Zr
  1     6      -0.001751206      -0.003851797       0.003204406  C
  2    40       0.012085706      -0.009757355      -0.004991088  Zr
  1     6       0.019536324       0.001121284      -0.001644280  C
  1     6       0.003222784      -0.017931035       0.007256293  C
  2    40       0.009726162       0.017721518      -0.006171544  Zr
  1     6      -0.001758594      -0.011497267      -0.004869155  C
  2    40      -0.000979087       0.015625024       0.002318711  Zr
  2    40       0.012367202       0.027539367      -0.008367914  Zr
  1     6      -0.026084021      -0.026406086       0.002045304  C
  2    40       0.015923058       0.017781973      -0.006034354  Zr
  1     6       0.001998836      -0.018844293       0.001473960  C
  2    40      -0.002576303      -0.010409369      -0.003012292  Zr
  1     6      -0.012010953      -0.001192765      -0.017327239  C
  2    40      -0.005152863       0.009183631       0.011164024  Zr
  1     6       0.005716003       0.005907389       0.002415121  C
  1     6       0.001110697       0.012310194       0.002742032  C
  2    40       0.004143085      -0.007586500       0.014822765  Zr
  1     6       0.004286469       0.008900341      -0.005696322  C
  2    40      -0.027867474      -0.014773317      -0.007089159  Zr
  2    40      -0.010616262      -0.000225184       0.001952500  Zr
  1     6      -0.003020138      -0.004300946      -0.011377976  C
  2    40      -0.001784231      -0.002920750      -0.005726862  Zr
  1     6       0.006283224      -0.002053370       0.001901543  C
  1     6      -0.019216354       0.007808895      -0.001362627  C
  2    40       0.016253046      -0.001747691       0.008443260  Zr
  1     6      -0.003254076       0.004154794      -0.006763159  C
  2    40       0.018552779      -0.006657723      -0.002973279  Zr
