              -3390.0932554016
         -0.000134822      -0.000002096       0.000003777
         -0.000002096      -0.000154406       0.000005117
          0.000003777       0.000005117      -0.000308804
          64
  1     6       0.014545954      -0.026095940      -0.028150590  C
  1     6       0.002722426       0.006070683       0.015563158  C
  2    40      -0.041731469       0.019684715       0.016671730  Zr
  1     6       0.019370840       0.063226808       0.051414279  C
  2    40       0.027746517      -0.055307025       0.014834589  Zr
  2    40       0.044804040      -0.008926403       0.063803916  Zr
  1     6       0.004790615       0.011400323      -0.022902637  C
  2    40      -0.032571006       0.031375949      -0.065326858  Zr
  1     6      -0.010859030       0.018827710       0.038506178  C
  1     6       0.000491606      -0.008133650      -0.003404984  C
  2    40       0.038590054       0.004172692       0.006005206  Zr
  1     6       0.003696317      -0.011327731      -0.013013733  C
  2    40       0.007888888       0.003149919      -0.005717849  Zr
  2    40      -0.016020928       0.016558957      -0.017314578  Zr
  1     6      -0.003748166       0.020957075      -0.013889276  C
  2    40       0.029286745      -0.061210766      -0.001033530  Zr
  2    40      -0.021992820       0.035403542      -0.005163868  Zr
  1     6      -0.013015052       0.042216879      -0.024369578  C
  2    40      -0.000024082      -0.052774878       0.038416072  Zr
  1     6      -0.004516740      -0.067913891      -0.001540403  C
  1     6      -0.000253431      -0.028072624      -0.020380775  C
  2    40      -0.011769946      -0.006023409       0.025960791  Zr
  1     6      -0.117348964       0.046666289      -0.043121865  C
  2    40      -0.006766810       0.060434810       0.092317588  Zr
  2    40      -0.008219266      -0.019304232       0.019807501  Zr
  1     6      -0.009582423       0.022523539      -0.029365409  C
  2    40       0.002162829      -0.030823244       0.016377680  Zr
  1     6      -0.014515767      -0.018733643      -0.010495274  C
  1     6       0.013651233       0.001561771      -0.036945667  C
  2    40       0.002355731      -0.005727290       0.008512011  Zr
  1     6       0.003607316      -0.032329055       0.007629173  C
  2    40       0.001579078       0.003723760       0.003834253  Zr
  1     6      -0.008237188       0.008287448      -0.024022963  C
  2    40       0.009766385      -0.029420230       0.032467078  Zr
  1     6       0.001832947      -0.000821208      -0.003940744  C
  2    40      -0.019686982       0.030622541      -0.064628145  Zr
  2    40      -0.018749368       0.027823580      -0.034784684  Zr
  1     6       0.018959973      -0.015094903      -0.018793533  C
  2    40       0.110603896      -0.007304055      -0.029652717  Zr
  1     6      -0.002702760      -0.008278837       0.016574592  C
  1     6       0.021375674       0.024110370       0.018912689  C
  2    40      -0.026106081       0.017350538       0.000239679  Zr
  1     6       0.011073804       0.002801081       0.003541645  C
  2    40       0.016102836      -0.018232802      -0.016146458  Zr
  2    40      -0.020699558      -0.031471426       0.026683737  Zr
  1     6       0.003306597      -0.001489551       0.012127805  C
  2    40      -0.009219849       0.028544270      -0.015647834  Zr
  1     6      -0.007561134      -0.004045821       0.032097931  C
  2    40       0.002853053      -0.004570017      -0.008278861  Zr
  1     6      -0.026421973      -0.016160074      -0.010441920  C
  2    40      -0.019130892       0.016029336      -0.031751818  Zr
  1     6       0.000116265      -0.003784633       0.016249139  C
  1     6       0.000770616      -0.010921912       0.014659226  C
  2    40       0.002859813       0.022250834       0.049024277  Zr
  1     6       0.023020722       0.011777592       0.037099199  C
  2    40      -0.008687409      -0.003017443      -0.033701178  Zr
  2    40      -0.003093785      -0.016726608       0.001131936  Zr
  1     6       0.006255483      -0.029865818      -0.002971514  C
  2    40       0.001703263      -0.006322435      -0.049598202  Zr
  1     6       0.015717800       0.010326826       0.029564322  C
  1     6      -0.004040198       0.030100944      -0.029054595  C
  2    40      -0.018091371       0.018162090       0.016293550  Zr
  1     6       0.016340525      -0.016222173       0.022122793  C
  2    40       0.025714561      -0.001336501      -0.032128868  Zr
