              -3390.1636895920
         -0.000070863       0.000005490       0.000004911
          0.000005490      -0.000114036       0.000001901
          0.000004911       0.000001901      -0.000094723
          64
  1     6       0.007879473      -0.004166839       0.005531956  C
  1     6      -0.007480292      -0.006727703       0.009488407  C
  2    40      -0.034265285       0.039559072       0.012603474  Zr
  1     6       0.049058953       0.000411422       0.008347266  C
  2    40       0.018486475      -0.050956924       0.011385728  Zr
  2    40       0.016620109       0.006334718       0.030154345  Zr
  1     6       0.002812038       0.003314578      -0.011941097  C
  2    40       0.016047506      -0.058040421       0.017938200  Zr
  1     6       0.007191977       0.033445373      -0.004683168  C
  1     6       0.004908858      -0.009948904      -0.019497642  C
  2    40      -0.000923708      -0.024329745       0.014306259  Zr
  1     6      -0.018919496       0.018494376      -0.018152136  C
  2    40      -0.054525439       0.004970595      -0.003916894  Zr
  2    40      -0.011124005      -0.007191662       0.004105168  Zr
  1     6      -0.007405863       0.009481633       0.000818250  C
  2    40      -0.012586119       0.015851549       0.008156873  Zr
  2    40       0.005542548       0.059768233      -0.001592274  Zr
  1     6      -0.009111083       0.008251378       0.010573250  C
  2    40       0.057136353      -0.039070260      -0.045677342  Zr
  1     6       0.022202843      -0.023911153       0.028745448  C
  1     6      -0.033948164      -0.009619766      -0.010067145  C
  2    40      -0.013910567      -0.000945988      -0.083535785  Zr
  1     6       0.013510087       0.024721807      -0.018904236  C
  2    40       0.014600275      -0.057561656       0.056743567  Zr
  2    40       0.008374172       0.029291225      -0.004340967  Zr
  1     6      -0.016084461      -0.009331036       0.017266666  C
  2    40       0.021792637       0.016840733      -0.004729763  Zr
  1     6      -0.005352072       0.003262000      -0.019893548  C
  1     6       0.009837174      -0.005710800      -0.017764640  C
  2    40      -0.014607865      -0.023225383       0.003626964  Zr
  1     6      -0.018785221       0.001408891       0.014965794  C
  2    40      -0.019300024      -0.001101848      -0.008538512  Zr
  1     6      -0.005250700       0.028387929      -0.000500562  C
  2    40      -0.010510831      -0.023827735       0.005058258  Zr
  1     6       0.001434257      -0.001818161      -0.020571348  C
  2    40      -0.043323101      -0.000954668      -0.013467601  Zr
  2    40       0.007395972      -0.037460259       0.013736674  Zr
  1     6       0.020279361      -0.013551144       0.024177780  C
  2    40      -0.056926769       0.016269986      -0.011250963  Zr
  1     6       0.000036877       0.032039238      -0.001644776  C
  1     6       0.021787576      -0.000894425       0.003714376  C
  2    40      -0.017334009       0.001391838      -0.032188038  Zr
  1     6      -0.005303739      -0.012062876       0.000697547  C
  2    40      -0.016022437       0.012448568       0.043060026  Zr
  2    40      -0.023737006      -0.020881041       0.020016913  Zr
  1     6       0.006566381       0.040724031       0.005411684  C
  2    40       0.035666878      -0.001095930      -0.001626060  Zr
  1     6       0.014943778       0.017945739      -0.003517381  C
  2    40       0.021030252      -0.007951317       0.004318066  Zr
  1     6       0.001093233      -0.001573013      -0.003961388  C
  2    40       0.004491671       0.048463465       0.051684903  Zr
  1     6      -0.019119458      -0.014651975       0.027098789  C
  1     6       0.000936529      -0.007854293      -0.009574602  C
  2    40      -0.011172786       0.006195705       0.002248232  Zr
  1     6       0.031425050       0.002856983      -0.022719576  C
  2    40       0.004560976      -0.008527836      -0.048410057  Zr
  2    40       0.021397995       0.024129181       0.018459667  Zr
  1     6       0.015119596      -0.009322645       0.014343228  C
  2    40       0.002393343       0.003134006       0.006374929  Zr
  1     6      -0.006052020       0.006592975       0.033585634  C
  1     6       0.021724969       0.014762914      -0.011464287  C
  2    40      -0.000737278      -0.032072803      -0.017613183  Zr
  1     6      -0.014600591       0.013924777       0.003709452  C
  2    40       0.001091961      -0.019170013      -0.059894844  Zr
