2138691140
2.222253469049630059117816927027888596057891845703125
5.98637453574408961998187805875204503536224365234375
6.014762168469435010820234310813248157501220703125
4.0516591598212468028350485838018357753753662109375
1.5273481181629160463586458718054927885532379150390625
4.74924258120710529595953630632720887660980224609375
3.7164816836809020372811573906801640987396240234375
6.11854282042275432473843466141261160373687744140625
0.774285916140715624322865551221184432506561279296875
1.930218409637762366770630251266993582248687744140625
3.0868677681031986281823265017010271549224853515625
6.2388887169795026466090348549187183380126953125
5.56981377412976375040898346924223005771636962890625
4.2807766932739212961678276769816875457763671875
5.14781637006113701460208176285959780216217041015625
0.344381589076647565139666085087810643017292022705078125
4.69072730051326036715408918098546564579010009765625
3.51874583498011617166412179358303546905517578125
0.643827156566619152044950169511139392852783203125
0.055375457658309708286470396387812797911465167999267578125
2.47911922884566848779286374337971210479736328125
4.73107412760752854552492863149382174015045166015625
4.60385321535772096268601671908982098102569580078125
2.48020897700302977995079345419071614742279052734375
5.8754690543549923376076549175195395946502685546875
3.50418375239792734276988994679413735866546630859375
1.634749401659049805601853222469799220561981201171875
0.2178154526261507906159664571532630361616611480712890625
3.4587124549380821036947963875718414783477783203125
2.683597342201418545215574340545572340488433837890625
4.16877906161597788781136841862462460994720458984375
3.41022806118415022780254730605520308017730712890625
3.07554975317296719339310584473423659801483154296875
0.71543992526025912415121865706169046461582183837890625
1.9330082851139571697984820275451056659221649169921875
5.89055218446912132179704713053070008754730224609375
5.5754334247098196186698260135017335414886474609375
4.324543129412031561287221848033368587493896484375
2.6216873542552594500421037082560360431671142578125
2.991055165714304298063552778330631554126739501953125
4.931994193055853514806585735641419887542724609375
4.89312262814260545695788096054457128047943115234375
3.671940784563824333730508442386053502559661865234375
1.2049361675778798019820214904029853641986846923828125
3.3263449237429920657405091333203017711639404296875
3.170811461575289147418743596062995493412017822265625
0.63332713813152785586879645052249543368816375732421875
3.788259744562370467946266217040829360485076904296875
0.943642815997869366384520617430098354816436767578125
1.1450685010440804223463828748208470642566680908203125
5.2745150527411990282189435674808919429779052734375
1.0055933150714515544876803687657229602336883544921875
5.09087639466401409293894175789318978786468505859375
2.179679211666885496612167116836644709110260009765625
5.85170325089854514999387902207672595977783203125
3.6433495546036898105057844077236950397491455078125
5.38278799841925614799720278824679553508758544921875
4.784070432817628670818521641194820404052734375
1.0810396605892156340900100985891185700893402099609375
3.61901141955915051084957667626440525054931640625
3.5943548101748064027560758404433727264404296875
5.61932326969117834636335828690789639949798583984375
0.8044917980422059411438340248423628509044647216796875
1.6533735425366649085532344543025828897953033447265625
1.3449120782245052030390297659323550760746002197265625
4.62478571807773786161988027743063867092132568359375
3.550877429093946435756379287340678274631500244140625
4.90300500549088535962027890491299331188201904296875
4.677330177632672558729609590955078601837158203125
3.787946969751398995640556677244603633880615234375
5.9702332974647962515746257849968969821929931640625
2.463174963708106179893775333766825497150421142578125
3.401398104175547221217357218847610056400299072265625
1.5581941700896242419815962421125732362270355224609375
0.66988139399540636009788840965484268963336944580078125
2.606637046171135008165720137185417115688323974609375
5.68384316785737819799351200344972312450408935546875
2.208732855402382622145296409144066274166107177734375
5.06717272426418841035911100334487855434417724609375
1.9532842799396583632898227733676321804523468017578125
0.37736313859395631542525961776846088469028472900390625
0.465141330528559937551591474402812309563159942626953125
5.9252637311665861119536202750168740749359130859375
0.00362379144586319652809880409449760918505489826202392578125
6.16764525317721545860649712267331779003143310546875
2.2820714285529657416873305919580161571502685546875
4.93968198555235016300457573379389941692352294921875
4.641343937748555248390402994118630886077880859375
5.70930648586097078123202663846313953399658203125
0.257147248640987868828489126826752908527851104736328125
5.09355839748695427005031888256780803203582763671875
4.360238786952425726894944091327488422393798828125
4.80655931067443464854704870958812534809112548828125
4.69936593124391333020639649475924670696258544921875
4.14789273736801877845437047653831541538238525390625
3.719446234501479597867046322789974510669708251953125
0.66434960627513139908018047208315692842006683349609375
2.1703111436498776498638108023442327976226806640625
3.26954859812364784232840975164435803890228271484375
4.62583664038930209017053130082786083221435546875
5.9655056992188395526000022073276340961456298828125
2.725516496091202167662004285375587642192840576171875
5.36996915827750331828838170622475445270538330078125
0.39671186572157790539705501942080445587635040283203125
1.0000279416779356278510704214568249881267547607421875
4.89209292106901383334616184583865106105804443359375
3.51764340917468842917514848522841930389404296875
4.3046173015833826269727069302462041378021240234375
3.254932744524573262623334812815301120281219482421875
5.6315641518619106165033372235484421253204345703125
3.090262841085031908505698083899915218353271484375
5.64489605785456749487138949916698038578033447265625
0.969227345541755713753673262544907629489898681640625
4.06104048187604416142448826576583087444305419921875
3.705956836600186488084318625624291598796844482421875
1.109599192040430448713550504180602729320526123046875
3.028414585355940769062499384745024144649505615234375
1.727094311812706006747930587152950465679168701171875
4.918790824897225633094421937130391597747802734375
0.62810347899440810426341386119020171463489532470703125
2.77766529189684963085937852156348526477813720703125
5.729219802814213835517875850200653076171875
2.206157505159023202168100397102534770965576171875
2.053140817994825173542494667344726622104644775390625
0.1882644313732202423494754839339293539524078369140625
0.297545128650352264099154808718594722449779510498046875
4.46934475036845224593662351253442466259002685546875
0.74995441689257946737967586159356869757175445556640625
1.19127778508352921704727123142220079898834228515625
3.394162736649775080621793676982633769512176513671875
0.93150141518229612191959176925593055784702301025390625
2.00232655165106887551473846542648971080780029296875
2.05569231974767330228814898873679339885711669921875
6.0751144412458444321600836701691150665283203125
5.8532270409980586833853521966375410556793212890625
0.326931305368386493359622591015067882835865020751953125
5.940229023229509408565718331374228000640869140625
2.359830428114773948067295350483618676662445068359375
3.523617609654360105508885681047104299068450927734375
1.0411061751462920010879997789743356406688690185546875
5.81449091304049847650503579643554985523223876953125
0.70722401348583208147147161071188747882843017578125
0.99790719030156405100484562353813089430332183837890625
3.15603715346748447956315430928952991962432861328125
6.26817333207287052943001981475390493869781494140625
0.80323429414297231598851567468955181539058685302734375
4.770776521733299802008332335390150547027587890625
4.87640544779340334713424454093910753726959228515625
0.251796406331978916970371074057766236364841461181640625
1.2345813802741985032440652503282763063907623291015625
5.08836720927949937021139703574590384960174560546875
2.169545174373272988788130533066578209400177001953125
1.3344784908993483352190878576948307454586029052734375
0.325426852120031251391907289871596731245517730712890625
2.65916154859764564122315277927555143833160400390625
2.2867928445071239451635847217403352260589599609375
2.7051843369146393314395027118735015392303466796875
6.191117522121256655509569100104272365570068359375
4.45119529129720348237242433242499828338623046875
5.89227650552713289044959310558624565601348876953125
3.330983965705998972595125451334752142429351806640625
5.35267277062524104991325657465495169162750244140625
3.217886345464145758654694873257540166378021240234375
2.361858723068598120420347186154685914516448974609375
2.331042201606218444709384129964746534824371337890625
3.29152089912616219180563348345458507537841796875
5.1579527889853817868015539715997874736785888671875
5.88163503754305327930751445819623768329620361328125
3.70725637598748125611791692790575325489044189453125
5.0673420804384381455065522459335625171661376953125
1.2904096198552432728234862224780954420566558837890625
2.2736997862232701805851320386864244937896728515625
4.0649664829385177000631301780231297016143798828125
1.4155001810602498846236585450242273509502410888671875
5.2456013810074306746855654637329280376434326171875
0.385974491754122350783973161014728248119354248046875
1.4369168833316512401410136590129695832729339599609375
4.11197522830105466340455677709542214870452880859375
3.401354877872170501262871766812168061733245849609375
1.8413006776660851837590371360420249402523040771484375
3.7870887517866140825617549126036465167999267578125
0.58543588743826957543348044055164791643619537353515625
4.31070235029168191687176658888347446918487548828125
2.87110221773088891694669655407778918743133544921875
0.10776221171857003344740633110632188618183135986328125
1.818006047938453217938103989581577479839324951171875
2.726208620189051856641526683233678340911865234375
5.393765788343696243600788875482976436614990234375
6.27333784250625026146508389501832425594329833984375
2.74096627151161698066061944700777530670166015625
1.5506720530654922729496547617600299417972564697265625
1.2459686643754370738435000021127052605152130126953125
0.79904382014602604034081423378665931522846221923828125
0.38704274659372994715766935769352130591869354248046875
0.094897142655633925922842308864346705377101898193359375
0.3049817095999520777382940650568343698978424072265625
0.1896967031944993553604916769472765736281871795654296875
0.407420556716351078829774223777349106967449188232421875
0.96804728590326727388770677862339653074741363525390625
0.408677007261978919583356173461652360856533050537109375
0.2083397746124955596247474431947921402752399444580078125
0.701750738407369123450507686357013881206512451171875
0.55823712821967763630937042762525379657745361328125
0.60826619789389246850674908273504115641117095947265625
0.9998130388557040504338147002272307872772216796875
0.280465939212807435776397824156447313725948333740234375
0.94750861774548356120106973321526311337947845458984375
0.172983047167297010471287421751185320317745208740234375
0.00757113146016892557543798147889901883900165557861328125
0.703831568688075837059159312047995626926422119140625
0.204867377041311637952958335517905652523040771484375
0.345553277686961590742242833584896288812160491943359375
0.76467871189335301362888230869430117309093475341796875
0.9860605122456609361591972628957591950893402099609375
0.72677016944008421273082376501406542956829071044921875
0.8559574283920030612904383815475739538669586181640625
0.70194132053383684333169867386459372937679290771484375
0.426400208578631367828393194940872490406036376953125
0.550658145710201107903003503452055156230926513671875
0.146641843554862705278907242245622910559177398681640625
0.71597317779249192160051507016760297119617462158203125
0.369771606461038626623150094019365496933460235595703125
0.4819178150416900674457565401098690927028656005859375
0.41003423203250122242025099694728851318359375
0.102780446923701307415655037402757443487644195556640625
0.59195722108332315958278968537342734634876251220703125
0.12267907854294361758018538921533036045730113983154296875
0.7022119046664851982342270275694318115711212158203125
0.69048433270793607707815908725024200975894927978515625
0.620083787301594302476814846158958971500396728515625
0.08300993502280205882382091431281878612935543060302734375
0.352364445734938802612390418289578519761562347412109375
0.033749381561646883687100029192151851020753383636474609375
0.045129703844492184694470182648728950880467891693115234375
0.81343106032043277497933786435169167816638946533203125
0.1348787113720917585357739199025672860443592071533203125
0.61887933016702501021200077957473695278167724609375
0.1928860322539164007249468113514012657105922698974609375
0.04740497146146603613114933750694035552442073822021484375
0.59028609171057400129001280220109038054943084716796875
0.71678606547265599768792299073538742959499359130859375
0.457833242815841590100944813457317650318145751953125
0.11975381109852055450115670964805758558213710784912109375
0.726822934451896163210449230973608791828155517578125
0.8483175634631503481131176158669404685497283935546875
0.2274926454888156757139228147934773005545139312744140625
0.8229479369814265421467780470266006886959075927734375
0.71627875450825262415577299179858528077602386474609375
0.358621745537324676522672461942420341074466705322265625
0.4411048453492600884828789276070892810821533203125
0.95318000621776100000914766496862284839153289794921875
0.701457043505020916285275234258733689785003662109375
0.08063387502014351948531611924408935010433197021484375
0.67285648112783980057116650641546584665775299072265625
0.497263340511016227463159111721324734389781951904296875
0.27822426533243815871543347384431399405002593994140625
0.445385884700988388118503280566073954105377197265625
0.053514549067949203353666831617374555207788944244384765625
0.89610265563060653715155012832838110625743865966796875
0.37537783960596560195455140274134464561939239501953125
0.12724420480767462127147382489056326448917388916015625
0.67574771757970919505709161967388354241847991943359375
0.18272757631853575599478745061787776648998260498046875
0.806889459866513281127708978601731359958648681640625
0.1534349295093840603865231742020114324986934661865234375
0.71340212817927917132720949666691012680530548095703125
0.8239778619371251888736651380895636975765228271484375
0.6786742716462697000423531790147535502910614013671875
0.30920224697757614507054313435219228267669677734375
0.032650583438878222342083290641312487423419952392578125
0.61467332468120072785922047842177562415599822998046875
0.02051499254094203694709364071968593634665012359619140625
0.046932356919596136812788955694486503489315509796142578125
0.6251989051816979614528690945007838308811187744140625
0.85436702559439792192819140836945734918117523193359375
0.687455231643959496778961693053133785724639892578125
0.60344722941678352601257984133553691208362579345703125
0.93180337172551241931017784736468456685543060302734375
0.7552294203803080474557418710901401937007904052734375
0.32752412805684105734371769358403980731964111328125
0.9866871363421376717184330118470825254917144775390625
0.0152792851511758219495984434388446970842778682708740234375
0.455785426989097797179084636809420771896839141845703125
0.71527673477087017062103768694214522838592529296875
0.04548430864023245145943974421243183314800262451171875
0.57145326145526642580563247975078411400318145751953125
0.058802166515403507529580195978269330225884914398193359375
0.72021684223796089696634226129390299320220947265625
0.66599779653642221521891997326747514307498931884765625
0.0487695364508635986755535896008950658142566680908203125
0.345992491275999902722304568669642321765422821044921875
0.501976052067231393039037357084453105926513671875
0.09942771638716930981960473445724346674978733062744140625
0.73561452689376405356114219102892093360424041748046875
0.17247225445344682714932105227489955723285675048828125
0.7633214861915080806653577383258379995822906494140625
0.10406491025540275108252075142445391975343227386474609375
0.9698243881435246738220712359179742634296417236328125
0.472554327674468199749213681570836342871189117431640625
0.324838011211174559900172198467771522700786590576171875
0.43302844019282071830190261607640422880649566650390625
0.1781962691704725154639987749760621227324008941650390625
0.48825952712831066637733101742924191057682037353515625
0.5975651310745464517282243832596577703952789306640625
0.2438288583624310945641155967678059823811054229736328125
0.6746221448642304441278838567086495459079742431640625
0.382559435154571858550553997702081687748432159423828125
0.53926107079687579659577068014186806976795196533203125
0.61037762025854436220839716042974032461643218994140625
0.336644287843557210582190464265295304358005523681640625
0.338014251709922330935143008900922723114490509033203125
0.94200926504191440091773301901412196457386016845703125
0.87856654537774925284310256756725721061229705810546875
0.00192949874416436010192421601772139183594845235347747802734375
0.5969347751685114555897371246828697621822357177734375
0.86915950936691810380096967492136172950267791748046875
0.2230587830874411203740947939877514727413654327392578125
0.5217938220695563789064408410922624170780181884765625
0.9457688899458240872064607174252159893512725830078125
0.86557563341482335328436192867229692637920379638671875
0.765693620203851565975128323771059513092041015625
0.77941909841234757738703819995862431824207305908203125
0.716795974744854458293730203877203166484832763671875
0.63024020643450329171031398800550960004329681396484375
0.59355576596854053850194077313062734901905059814453125
0.11002346878406753238888171608778066001832485198974609375
0.06685026784746454786567682049280847422778606414794921875
0.3736491791781266780247960923588834702968597412109375
0.96386638608009855833103074473910965025424957275390625
0.29653768534610869256340492938761599361896514892578125
0.70234618834329121117576733013265766203403472900390625
0.59076437614428078948236588985309936106204986572265625
0.21305297278475621158833064328064210712909698486328125
0.63672328118082288650469990898272953927516937255859375
0.23191715089227871171573269748478196561336517333984375
0.3484196105731742765243552639731205999851226806640625
0.042496691943377580547025473833855357952415943145751953125
0.1458638259888923871532284692875691689550876617431640625
0.446518877263422542256421365891583263874053955078125
0.0864662607603083610552374693725141696631908416748046875
0.742988526701456208911622525192797183990478515625
0.97164466044476471839885789449908770620822906494140625
0.2485224629046965671985702783786109648644924163818359375
0.755255607308473297933915091562084853649139404296875
0.7208725175451824451755555855925194919109344482421875
0.7731900097677437688759027878404594957828521728515625
0.2174904869019475273095309830750920809805393218994140625
0.348623676853544839371323860177653841674327850341796875
0.476512583194539207642748124271747656166553497314453125
0.58936532195162272262933811362017877399921417236328125
0.48764587216435273386849758026073686778545379638671875
0.70604050518294825256049307427019812166690826416015625
0.065623641044657510246196352454717271029949188232421875
0.289435230330301107581902897436521016061305999755859375
0.6280083631295749757583735117805190384387969970703125
0.55221716154004318877213108862633816897869110107421875
0.57239122063498537595904736008378677070140838623046875
0.1808356834486292974428778279616381041705608367919921875
0.86915566114203801628690371217089705169200897216796875
0.033302531593154431621695010790062951855361461639404296875
0.9878845834116845026073860935866832733154296875
0.01324688364437170452758696370665347785688936710357666015625
0.1704469263416002189348574802352231927216053009033203125
0.635918529534674537018190676462836563587188720703125
0.3472175180666230431825169944204390048980712890625
0.355389243622957373691662041892413981258869171142578125
0.16306878354543297149348290986381471157073974609375
0.3650059538730447972199044670560397207736968994140625
0.91333407951208489539141055502113886177539825439453125
0.74083494382949310885777549628983251750469207763671875
0.0303426748282940479672920019993398454971611499786376953125
0.91233933200702976851204084596247412264347076416015625
0.81691392688868280647085384771344251930713653564453125
0.423647578537300006917831751707126386463642120361328125
0.0292663057471002942266924407022088416852056980133056640625
0.2760977657866188206270408045384101569652557373046875
0.263442651491352652914912368942168541252613067626953125
0.222525958541094304177221374629880301654338836669921875
0.65121520992890713497303067924804054200649261474609375
0.08084908783475359961290251931131933815777301788330078125
0.08372833909640477190183815991986193694174289703369140625
0.83329611822650584418425978583400137722492218017578125
0.49766808026361653016778063829406164586544036865234375
0.475489547697589498564951782100251875817775726318359375
