              -3390.0521354775
         -0.000147176      -0.000008065       0.000012318
         -0.000008065      -0.000180107       0.000011478
          0.000012318       0.000011477      -0.000265188
          64
  1     6       0.012596019      -0.022613418      -0.028543237  C
  1     6       0.005387331      -0.008936610       0.006695233  C
  2    40      -0.034437213       0.026154676       0.010678724  Zr
  1     6       0.021266583       0.115813025       0.077050470  C
  2    40       0.040267849      -0.105967432       0.021870912  Zr
  2    40       0.026069609      -0.021503108       0.049697519  Zr
  1     6       0.008808479      -0.009789778      -0.014382606  C
  2    40      -0.033299480       0.053422400      -0.105967291  Zr
  1     6      -0.021302260       0.040576308       0.066283999  C
  1     6       0.000924333      -0.012121749      -0.005686563  C
  2    40       0.033831059       0.003244329       0.005407160  Zr
  1     6       0.004767544      -0.014161203      -0.018511657  C
  2    40      -0.005554193       0.007039754      -0.027260196  Zr
  2    40      -0.003785194       0.020911296      -0.015422000  Zr
  1     6      -0.005684032       0.005009444      -0.008135817  C
  2    40       0.019181023      -0.036329429       0.003435679  Zr
  2    40      -0.019708613       0.031954492      -0.012559171  Zr
  1     6      -0.010523024       0.045712216      -0.010044730  C
  2    40       0.007902517      -0.069768447       0.042828085  Zr
  1     6      -0.008777043      -0.085767630       0.001492572  C
  1     6       0.003952222      -0.050802096      -0.009701110  C
  2    40      -0.010372669       0.001017629       0.002279918  Zr
  1     6      -0.158346083       0.056253372      -0.051670013  C
  2    40       0.002040991       0.107156547       0.136380147  Zr
  2    40      -0.003572954      -0.033942891      -0.012663184  Zr
  1     6      -0.011459635       0.013751829      -0.008949178  C
  2    40       0.001405343      -0.021520067       0.012506114  Zr
  1     6      -0.006364971      -0.013448653      -0.031661873  C
  1     6       0.006473515       0.003361499      -0.019730427  C
  2    40       0.006528520      -0.000460305       0.001689484  Zr
  1     6       0.006339429      -0.023039532       0.008813739  C
  2    40      -0.000663237       0.004429425      -0.000479997  Zr
  1     6      -0.006063207       0.009970330      -0.010836752  C
  2    40       0.011516484      -0.021112193       0.018992542  Zr
  1     6       0.006713093       0.001609011      -0.003170446  C
  2    40      -0.018674470       0.024921126      -0.042121466  Zr
  2    40      -0.012586468       0.013297478      -0.031341607  Zr
  1     6       0.016416537      -0.008821545      -0.011286347  C
  2    40       0.119860256      -0.009400761      -0.017652503  Zr
  1     6       0.009234444      -0.014553803       0.003334877  C
  1     6       0.016247097       0.028362654       0.019935572  C
  2    40      -0.014727152       0.004016883      -0.003474568  Zr
  1     6       0.010404309       0.008861428      -0.000984208  C
  2    40       0.020658140      -0.023737916      -0.014760323  Zr
  2    40      -0.009966544      -0.025008847       0.011813720  Zr
  1     6      -0.001785290      -0.001091795       0.011962789  C
  2    40      -0.008881443       0.019767940      -0.011405506  Zr
  1     6      -0.007420930      -0.000957465       0.015358956  C
  2    40       0.001179243      -0.004252753      -0.003722014  Zr
  1     6      -0.020232390      -0.014435670      -0.013064496  C
  2    40      -0.026121593       0.017014189      -0.014642518  Zr
  1     6      -0.002738356      -0.004012880       0.004623160  C
  1     6      -0.000018310      -0.006777173       0.008881529  C
  2    40       0.002323232       0.017837289       0.038389081  Zr
  1     6       0.030992859       0.003103883       0.019511963  C
  2    40      -0.014810425      -0.008569762      -0.026308825  Zr
  2    40      -0.002639960      -0.013196773       0.004746363  Zr
  1     6      -0.001449509      -0.024944001      -0.002538601  C
  2    40       0.002906766      -0.003094757      -0.023078373  Zr
  1     6       0.010592943       0.007104800       0.016491027  C
  1     6      -0.010995553       0.024656445      -0.024651916  C
  2    40      -0.005238118       0.015047199       0.017492035  Zr
  1     6       0.012291862      -0.014372320       0.009813364  C
  2    40       0.019464291      -0.001847560      -0.009931023  Zr
