              -3390.1904556189
         -0.000111515      -0.000006944      -0.000009450
         -0.000006944      -0.000100442       0.000006852
         -0.000009450       0.000006851      -0.000098158
          64
  1     6       0.015059683       0.006319919      -0.020844654  C
  1     6      -0.004219533       0.013897770      -0.000666976  C
  2    40      -0.024154501       0.031987019       0.019021903  Zr
  1     6      -0.004929140      -0.062399608       0.021176731  C
  2    40       0.012281404       0.017825605       0.047468607  Zr
  2    40      -0.009787145      -0.024178384      -0.007537530  Zr
  1     6       0.002022373       0.006620395       0.003903389  C
  2    40       0.009859834       0.082538149      -0.017605330  Zr
  1     6      -0.068905015      -0.074997611       0.034207107  C
  1     6       0.004961349       0.016897528      -0.002814637  C
  2    40       0.006310886      -0.000487787       0.004580970  Zr
  1     6       0.005500208       0.008281336      -0.005998437  C
  2    40      -0.037221857      -0.001176698      -0.024803312  Zr
  2    40       0.011057490      -0.020274226       0.000007357  Zr
  1     6      -0.007140683       0.002877942      -0.002992005  C
  2    40       0.002489987      -0.006716046      -0.003639111  Zr
  2    40       0.002919879       0.013823836      -0.011340610  Zr
  1     6       0.010805146       0.001729293      -0.004793776  C
  2    40      -0.033230242      -0.048699962       0.005320777  Zr
  1     6       0.002723397      -0.028638020      -0.006362393  C
  1     6       0.011254816      -0.004284860       0.004354679  C
  2    40      -0.012522931       0.008366925      -0.003535920  Zr
  1     6      -0.031576417       0.048207412       0.041563578  C
  2    40       0.120659917      -0.012752239       0.075300986  Zr
  2    40       0.010635877      -0.024510550       0.018908016  Zr
  1     6       0.013887915      -0.009858326      -0.003116217  C
  2    40      -0.001886871       0.039166896      -0.014001859  Zr
  1     6       0.007958994      -0.011872929      -0.026887713  C
  1     6      -0.013705418       0.003512826      -0.005481281  C
  2    40       0.025008538       0.000941179       0.015922318  Zr
  1     6      -0.002817743       0.010309081      -0.015648581  C
  2    40      -0.014125895       0.006841358      -0.030400377  Zr
  1     6      -0.003426447       0.001428964       0.003098217  C
  2    40       0.025480315      -0.004851054      -0.006693238  Zr
  1     6      -0.002290096       0.017636658      -0.013128951  C
  2    40      -0.025533745      -0.013287532      -0.031470413  Zr
  2    40       0.012922532       0.017196086      -0.001069916  Zr
  1     6      -0.007992860      -0.005897391       0.007698669  C
  2    40       0.007809589      -0.006769761       0.007920557  Zr
  1     6       0.010257231       0.000976806      -0.000383223  C
  1     6       0.006616265      -0.022459502       0.005230060  C
  2    40       0.008657883       0.010902636      -0.010446916  Zr
  1     6      -0.007309693      -0.006620741      -0.010268464  C
  2    40       0.008319542       0.015937313       0.012618397  Zr
  2    40       0.005652416       0.031077661       0.001334380  Zr
  1     6      -0.024268803      -0.024668736      -0.002654583  C
  2    40       0.021734092       0.006610641      -0.011446427  Zr
  1     6       0.003114060      -0.019868798      -0.008340851  C
  2    40       0.001915990      -0.000682933      -0.003507899  Zr
  1     6      -0.011795591      -0.004048901      -0.015207052  C
  2    40      -0.006150210       0.019190329       0.018710000  Zr
  1     6       0.004079857      -0.001507150       0.006231430  C
  1     6      -0.006014559       0.020395683       0.001675364  C
  2    40       0.002833684      -0.002893268       0.016796381  Zr
  1     6      -0.007565749       0.015666021      -0.002922805  C
  2    40      -0.029382993      -0.021726148       0.012583783  Zr
  2    40      -0.012799827       0.009191532       0.005929326  Zr
  1     6       0.004293931      -0.003105287      -0.009040398  C
  2    40       0.013363344      -0.002234406      -0.026282849  Zr
  1     6       0.007743609      -0.008119428       0.002594501  C
  1     6      -0.026879204       0.003492758      -0.010878535  C
  2    40      -0.007645575       0.000922425      -0.006419984  Zr
  1     6      -0.003645783      -0.002309335      -0.008219600  C
  2    40       0.029374123      -0.008448364      -0.006435342  Zr
