              -3390.1373188705
         -0.000216598       0.000009980      -0.000006178
          0.000009980      -0.000205758      -0.000002007
         -0.000006178      -0.000002007      -0.000149909
          64
  1     6      -0.012813287      -0.008376060       0.025048774  C
  1     6       0.015563283       0.021560972      -0.032664287  C
  2    40      -0.079878385      -0.036850731       0.016913329  Zr
  1     6       0.015441624       0.064057975      -0.005815038  C
  2    40       0.019081556      -0.035087680      -0.015439190  Zr
  2    40       0.003793680      -0.018059491       0.015044047  Zr
  1     6       0.001000504      -0.003678586      -0.013163619  C
  2    40       0.026883140      -0.028826477      -0.011951917  Zr
  1     6      -0.052323393      -0.000850350      -0.016629022  C
  1     6       0.002962836      -0.017145316      -0.018709275  C
  2    40      -0.028317069      -0.038187832      -0.002426457  Zr
  1     6       0.000566556       0.007722004       0.044758595  C
  2    40       0.026002825      -0.031607624       0.018648749  Zr
  2    40       0.011858197       0.006775475       0.045036737  Zr
  1     6       0.001189898       0.009951268       0.015475788  C
  2    40       0.004906046      -0.036285249      -0.019682815  Zr
  2    40      -0.005807363      -0.009488892      -0.000682770  Zr
  1     6       0.041933206       0.008025959      -0.010946594  C
  2    40      -0.022554688       0.015897339       0.025042892  Zr
  1     6      -0.019046198       0.019215294      -0.046176769  C
  1     6      -0.013457400       0.024019439       0.006889154  C
  2    40       0.006208869       0.003972383       0.023021313  Zr
  1     6      -0.000171437      -0.007276311      -0.001666897  C
  2    40       0.014295094      -0.014249980       0.012714544  Zr
  2    40      -0.061716691      -0.002131657       0.020423821  Zr
  1     6       0.026430242       0.006756751      -0.041835437  C
  2    40       0.005062163       0.009007037       0.015722108  Zr
  1     6      -0.016643834      -0.007008232      -0.016442539  C
  1     6       0.006307706       0.005720532       0.009235754  C
  2    40       0.027009678      -0.029889218       0.022199212  Zr
  1     6       0.007289714       0.026781182      -0.014725327  C
  2    40       0.019928700      -0.027427042      -0.017584040  Zr
  1     6       0.021077034       0.010356171       0.040764297  C
  2    40      -0.005618392       0.046902236      -0.016913734  Zr
  1     6      -0.013800874      -0.026038650       0.004881511  C
  2    40       0.010190173      -0.027306584      -0.009132314  Zr
  2    40      -0.038624396       0.015337237       0.012627745  Zr
  1     6       0.002324412      -0.023054118      -0.002766618  C
  2    40       0.024371360       0.053323542      -0.026096582  Zr
  1     6      -0.014217826      -0.031668309       0.013901476  C
  1     6       0.035736292       0.018200499      -0.001092282  C
  2    40      -0.007681177      -0.051063611       0.001822176  Zr
  1     6      -0.002356276       0.006192839      -0.005949019  C
  2    40       0.025580104      -0.013842886      -0.026705275  Zr
  2    40      -0.037696950       0.013732626      -0.005955062  Zr
  1     6      -0.014580136       0.001705581      -0.023504088  C
  2    40       0.049190004       0.025583091       0.048373823  Zr
  1     6      -0.014094677      -0.012300668      -0.008245189  C
  2    40      -0.030115296       0.040906524       0.000074461  Zr
  1     6       0.000679242      -0.019529776      -0.007477836  C
  2    40      -0.000673853       0.013861341      -0.018936931  Zr
  1     6       0.009640205      -0.011951346       0.021235664  C
  1     6       0.000971046       0.006933121      -0.007371296  C
  2    40       0.002901108      -0.009310203       0.034449859  Zr
  1     6      -0.003290060      -0.006796992       0.014569711  C
  2    40       0.007871151       0.039167842      -0.017447134  Zr
  2    40      -0.005413701       0.040826618      -0.005656995  Zr
  1     6       0.010197485      -0.020787586      -0.029396013  C
  2    40      -0.019157226       0.030981767      -0.016532956  Zr
  1     6       0.002499564      -0.010610248       0.069592975  C
  1     6       0.001493157      -0.041887661       0.003531875  C
  2    40       0.001491640       0.029982538       0.005848877  Zr
  1     6      -0.010724650       0.005139749      -0.002617926  C
  2    40       0.040127205       0.030576128      -0.069677965  Zr
