217305245
0.0011300895862880115487481003100356247159652411937713623046875
0.297846047973217675775003954186104238033294677734375
3.031656487889141882163812624639831483364105224609375
2.20892833636767438321157897007651627063751220703125
2.1356610570667182713577858521603047847747802734375
2.190078593041536070273878067382611334323883056640625
0.48916875055078168355038314984994940459728240966796875
3.997637890317964348696477827616035938262939453125
1.96498078103510209757587290368974208831787109375
3.315553486175036201899501975276507437229156494140625
1.1273908272014043774333913461305201053619384765625
2.39525915577093240216299818712286651134490966796875
5.8591481814390302673700716695748269557952880859375
6.0789915896220119151394101209007203578948974609375
2.25227089199260444019046190078370273113250732421875
4.2838821728446507819398902938701212406158447265625
4.45585053361500893487345820176415145397186279296875
1.152320130367211259425630487385205924510955810546875
4.539161989003702046829857863485813140869140625
1.258185320622792868761052886839024722576141357421875
0.65019734263755435410558902731281705200672149658203125
1.610255190810575331994414227665401995182037353515625
1.4612904414745380154982967724208720028400421142578125
5.87386235191047401116293258382938802242279052734375
6.06049116772627716187571422779001295566558837890625
5.55307209282858593724085949361324310302734375
4.09203545593728446050363345420919358730316162109375
0.231628380712126880069945400464348495006561279296875
3.6782393959048622633645209134556353092193603515625
0.6219972355289915544318546380964107811450958251953125
4.47308178337691852988200480467639863491058349609375
1.900725966550522283426971625885926187038421630859375
3.204422329191511042978390833013691008090972900390625
3.850068732644405411491561608272604644298553466796875
0.1311092607267829446282547678492846898734569549560546875
1.8520367613397958894694284026627428829669952392578125
2.273332666931526802045482327230274677276611328125
1.920672696552673475167694050469435751438140869140625
2.786999730353074244959543648292310535907745361328125
0.87770902798986816240045527592883445322513580322265625
4.4175802836228204029112021089531481266021728515625
3.469002293007031223481817505671642720699310302734375
1.8127417664921356976748256784048862755298614501953125
5.8944287740105831829851013026200234889984130859375
3.72806534112746046361053231521509587764739990234375
5.1383061502944631371292416588403284549713134765625
5.1391201179132171006358476006425917148590087890625
4.56370883857046916176614104188047349452972412109375
3.808892913762719434345171976019628345966339111328125
3.520756162374103492851418195641599595546722412109375
0.95566102155623477987234082320355810225009918212890625
4.721308780779676084193852148018777370452880859375
2.55189957293843416863410311634652316570281982421875
0.680431496893825649152631740435026586055755615234375
1.870145925795495767118836738518439233303070068359375
1.620019598445022079857835706206969916820526123046875
1.705736348627983733905466579017229378223419189453125
2.230971346052583736963015326182357966899871826171875
2.506467262245374971740830005728639662265777587890625
2.726273977517116531288365877117030322551727294921875
2.075455529602740600836341400281526148319244384765625
1.8693091249513766882728305063210427761077880859375
2.337241644656565586757324126665480434894561767578125
2.991747491694848548604568350128829479217529296875
2.28042492888504622072787242359481751918792724609375
3.80295143290878723263404026511125266551971435546875
5.60211127485701521067085195682011544704437255859375
0.181894341854878127673345034054364077746868133544921875
2.5998710910208107094376828172244131565093994140625
0.926539545235284034419009913108311593532562255859375
2.420466366558233772821040474809706211090087890625
4.47455792330878665552518214099109172821044921875
1.3523957351323592224190406341222114861011505126953125
1.3614955303063365210647361891460604965686798095703125
2.26455878942453647795218785176984965801239013671875
3.8102103007505689902245649136602878570556640625
5.66916433563503385784088095533661544322967529296875
5.2714046636173979010209222906269133090972900390625
5.82935208629795464929657100583426654338836669921875
1.5861699357850469471742371752043254673480987548828125
2.20928520352952517669109511189162731170654296875
5.0626776685501173602688140817917883396148681640625
1.3470109794564597560651009189314208924770355224609375
3.39903672033031600818731021718122065067291259765625
6.10689784915369937579043835285119712352752685546875
2.133713784367741173042531954706646502017974853515625
0.588950112171742201638835467747412621974945068359375
0.08719632797231367804524637676877318881452083587646484375
0.74743037703789683146027300608693622052669525146484375
5.80020884760767163612626973190344870090484619140625
5.53646136902793895018248804262839257717132568359375
1.0688181825638738420281015351065434515476226806640625
2.72356797113434989654479068121872842311859130859375
0.3624757791028982989445239581982605159282684326171875
2.03700439856768156232647015713155269622802734375
4.09632647261530546956009857240132987499237060546875
1.054581780655942768731847536400891840457916259765625
5.7745007804837467091374492156319320201873779296875
1.83720554571874572502565570175647735595703125
0.0652895305896727118355471475297235883772373199462890625
0.93274316345382668469454756632330827414989471435546875
3.9050970076585418411241334979422390460968017578125
2.524089725559777175334374987869523465633392333984375
3.46303912585550666136668951367028057575225830078125
5.44098519683534131985425119637511670589447021484375
0.0003239661342705442491178569053289493240299634635448455810546875
0.024111215969745407317059715524010243825614452362060546875
3.33351636467458067869529259041883051395416259765625
1.126179691953579808938457063050009310245513916015625
5.0174139474622361234423806308768689632415771484375
5.6446378586654244458031826070509850978851318359375
1.1262883926184679150850342921330593526363372802734375
5.7063739553912906643517999327741563320159912109375
2.817627099433769100045310551649890840053558349609375
3.50795606806460558146909534116275608539581298828125
2.921312290130809063981587314628995954990386962890625
5.0819199508325283431986463256180286407470703125
5.96239251006983739245015385677106678485870361328125
4.53551733634604214984165082569234073162078857421875
4.5943444760641423130209659575484693050384521484375
6.1223090064626841666495238314382731914520263671875
2.1043931931929922285462453146465122699737548828125
5.66381059089655725102829819661565124988555908203125
2.6109141095365249185533684794791042804718017578125
2.85071639871921522768616341636516153812408447265625
3.669989073371397569900409507681615650653839111328125
4.175697871224627988340216688811779022216796875
2.628203290854334017723203942296095192432403564453125
5.41388133616624411814655104535631835460662841796875
4.85928072187428217176830003154464066028594970703125
2.045561723237380835627163833123631775379180908203125
0.79616603282344489134203513458487577736377716064453125
2.040631709794440862282272064476273953914642333984375
2.167120744610540494790029697469435632228851318359375
3.617619575892788486015660964767448604106903076171875
3.98628097347019494378628223785199224948883056640625
5.07294835994725890060408346471376717090606689453125
3.31997820186206649140103763784281909465789794921875
5.24539842160492231215584979509003460407257080078125
4.96037862784227900903033514623530209064483642578125
0.99284976547151504444599368071067146956920623779296875
4.02509847185710523120860671042464673519134521484375
0.86027456135186941565962115419097244739532470703125
2.484248860386224944107880219235084950923919677734375
5.8159468559253770791883653146214783191680908203125
2.629622698823126381029169351677410304546356201171875
2.557751991339760611054998662439174950122833251953125
2.422619647380993779250957231852225959300994873046875
3.90116197453985336096593528054654598236083984375
4.891347444348848938489027204923331737518310546875
5.068020309740379758522976771928369998931884765625
4.69233952986227809134334165719337761402130126953125
2.401931981556393314036768060759641230106353759765625
2.028171711753944617129263860988430678844451904296875
1.3768394401970993623507411030004732310771942138671875
3.177074620559617645909611383103765547275543212890625
3.0525474378840637967869042768143117427825927734375
1.2550515394389207823877541159163229167461395263671875
1.289104255128160847476692651980556547641754150390625
3.9037925967540463290106345084495842456817626953125
4.79964468208565175899593668873421847820281982421875
2.40018908436462385935783458990044891834259033203125
3.676018724297907880327329621650278568267822265625
5.67259507455961564659219220629893243312835693359375
3.129363820811315033409982788725756108760833740234375
2.52959164927040180970152505324222147464752197265625
0.5920150308758336255010590321035124361515045166015625
5.77198219438766013666963772266171872615814208984375
2.667878307931187631396596771082840859889984130859375
4.3580921185193783884415097418241202831268310546875
2.222333639886155953746538216364569962024688720703125
0.13122165087106463232657915796153247356414794921875
2.170969228569882059076689984067343175411224365234375
2.904517777006152545737904802081175148487091064453125
5.12557359306096760320770044927485287189483642578125
4.28193929182574439806785449036397039890289306640625
0.77535506348569871448717094608582556247711181640625
4.71624434272035930604261011467315256595611572265625
5.22175180501014946088389478973113000392913818359375
5.74536918662136653068728264770470559597015380859375
2.10322603033676447381594698526896536350250244140625
3.982129150521485971836455064476467669010162353515625
2.9305214120986118331302350270561873912811279296875
5.6891880765706606126741462503559887409210205078125
4.98789464519907799200382214621640741825103759765625
3.359932165232250245168188484967686235904693603515625
5.0160763312431999594309672829695045948028564453125
6.20192406285545327904173973365686833858489990234375
4.87742700641330007016449599177576601505279541015625
4.3639337435111240637297669309191405773162841796875
3.348381607770131385137801771634258329868316650390625
1.07866296584337728603486539213918149471282958984375
0.0016239238910488429899758866525871781050227582454681396484375
0.824757540051246795798078892403282225131988525390625
0.99322537425589996207264675831538625061511993408203125
0.0085726585279091542524110280965032870881259441375732421875
0.5685228125976971025323791764094494283199310302734375
0.19394899029002943269262004832853563129901885986328125
0.68376334974717500880814213815028779208660125732421875
0.7535184834867336700625628509442321956157684326171875
0.0720332227982735384674839451690786518156528472900390625
0.338490871870187504111271437068353407084941864013671875
0.1887267149001018717857647288838052190840244293212890625
0.89287785109732198396415014940430410206317901611328125
0.32039377387631395865952299573109485208988189697265625
0.515213868355012483135624279384501278400421142578125
0.7075467145571237015388987856567837297916412353515625
0.35863990539621559694438701626495458185672760009765625
0.7292046950800366023059950748574919998645782470703125
0.1916737548036844263066313942545093595981597900390625
0.5349593090521913563151201742584817111492156982421875
0.062331082794038150662885300334892235696315765380859375
0.54880824757218749088139020386734046041965484619140625
0.1813357459294310525255156107959919609129428863525390625
0.89252390521230362541160729961120523512363433837890625
0.545308002059025742624953636550344526767730712890625
0.462540955963796462935277986616711132228374481201171875
0.14398695116116988490517769605503417551517486572265625
0.265016208526220264918293878508848138153553009033203125
0.58378006684769878642526919065858237445354461669921875
0.004366362935102713511981153970964442123658955097198486328125
0.9438700284547498764453621333814226090908050537109375
0.78079495894759654017747152465744875371456146240234375
0.42108371594039895047245636305888183414936065673828125
0.485907378367105236005585311431786976754665374755859375
0.23242972243224724326893237957847304642200469970703125
0.81300388454133820648195296598714776337146759033203125
0.1243488081378623932859994738464592956006526947021484375
0.55104087924167555190280154420179314911365509033203125
0.5943837289672269097451362540596164762973785400390625
0.2405387834834581128884423151248483918607234954833984375
0.408121911998894970619033983894041739404201507568359375
0.0234906044898045285318488595294184051454067230224609375
0.35434741031115291054476301724207587540149688720703125
0.58897366495289549259695149885374121367931365966796875
0.87391679588422033209127448571962304413318634033203125
0.037121411895901623712035188873414881527423858642578125
0.305253104914563311300668146941461600363254547119140625
0.12029675725861301016639259842122555710375308990478515625
0.327916024405470130087536517748958431184291839599609375
0.339094291599045638552212267313734628260135650634765625
0.6270708230450148246148955877288244664669036865234375
0.85510655299532534190376509286579675972461700439453125
0.51391030778824831060092037660069763660430908203125
0.057104185250170615140152818867136375047266483306884765625
0.84971221575965738548319450273993425071239471435546875
0.2479857673160665576528316478288616053760051727294921875
0.00072270771522201025620357750511857375386171042919158935546875
0.80994299045295592431870090877055190503597259521484375
0.559983184821895907390398861025460064411163330078125
0.29319759518522658936490188352763652801513671875
0.9922566828281882411744163619005121290683746337890625
0.25168680411376376238052898770547471940517425537109375
0.1482353774589651174142801437483285553753376007080078125
0.023846608597713807309315114935088786296546459197998046875
0.97818769699809504647447511160862632095813751220703125
0.03649714916781389428823700882276170887053012847900390625
0.5150390763371432978345865194569341838359832763671875
0.356678150760325662904648424955666996538639068603515625
0.29775113346881754150530241531669162213802337646484375
0.1372434199495443374328118579796864651143550872802734375
0.7114253047441250199511841856292448937892913818359375
0.40529747652136605129413737813592888414859771728515625
0.65670555907148198127032401316682808101177215576171875
0.0672181304857219219517361352700390852987766265869140625
0.6141571219145121052207514367182739078998565673828125
0.65058872413383272981235450060921721160411834716796875
0.69073473275207664112684824431198649108409881591796875
0.9039235920197905560513618183904327452182769775390625
0.2742590891543119635542780088144354522228240966796875
0.315121512075477061554096280815429054200649261474609375
0.290711100814263823099992123388801701366901397705078125
0.85770530572985548278808209943235851824283599853515625
0.243222362940768876971020517885335721075534820556640625
0.83469956081113760859579997486434876918792724609375
0.6281657920350161017353229908621869981288909912109375
0.68843684563806128995366862000082619488239288330078125
0.357172168026292757847528491765842773020267486572265625
0.051739108772826898630103897858134587295353412628173828125
0.3089747882024267422451657694182358682155609130859375
0.2305664705254912572041092744257184676826000213623046875
0.479372964929497324959584148018620908260345458984375
0.529545714393977906553345746942795813083648681640625
0.78343072290692050696492287897854112088680267333984375
0.00907780696129324195242649153669844963587820529937744140625
0.361239506565611601107690376011305488646030426025390625
0.31013659821363936952565154570038430392742156982421875
0.6758179807457225241051901321043260395526885986328125
0.45770078406562131334567311569117009639739990234375
0.382225359968014710698724911708268336951732635498046875
0.4600138400960778195525335831916891038417816162109375
0.264343324706118265599030792145640589296817779541015625
0.349982248316510702323967052507214248180389404296875
0.242185006962243931649680916962097398936748504638671875
0.63539321983018570705326055758632719516754150390625
0.520678596347886379902547560050152242183685302734375
0.474291705281609521360763892516843043267726898193359375
0.74711488501500100678498483830480836331844329833984375
0.1701592580276351795998124316611210815608501434326171875
0.437306725623694603211077946980367414653301239013671875
0.5882354199831538732468061425606720149517059326171875
0.50343638449135996726369057796546258032321929931640625
0.450496839103520285707560333321453072130680084228515625
0.06621392120896556210407624121216940693557262420654296875
0.09829470892357393407845478350282064639031887054443359375
0.2005979671145779741348036395720555447041988372802734375
0.458830433180011099114636863305349834263324737548828125
0.70675923475379087701497837770148180425167083740234375
0.0864567845531072354248181000002659857273101806640625
0.2105340381201980803904660888292710296809673309326171875
0.500104036880705482559505981043912470340728759765625
0.58780969427330875820558730993070639669895172119140625
0.73126419527980690560298171476460993289947509765625
0.97823316183790243183437951302039436995983123779296875
0.86547018721023116771817740300321020185947418212890625
0.0806605178307092385292520475559285841882228851318359375
0.2140861187195806369931716517385211773216724395751953125
0.352077624458855764633113949457765556871891021728515625
0.76335126802481301222513820903259329497814178466796875
0.5727805805265813177129530231468379497528076171875
0.86673082731046291460330621703178621828556060791015625
0.41995452550237744038241771704633720219135284423828125
0.2383198394618555038260154788076761178672313690185546875
0.1343739410556731572743416336379596032202243804931640625
0.07565800150654185263210393941335496492683887481689453125
0.0466266279325944499323242098398623056709766387939453125
0.07612061317829443840565772916306741535663604736328125
0.55015778054956243625639444871922023594379425048828125
0.9693609014942128343506055898615159094333648681640625
0.70880826129988216965926994816982187330722808837890625
0.94393082938340067133964339518570341169834136962890625
0.288536694500845236621699996248935349285602569580078125
0.3735656814526606694926158525049686431884765625
0.8225999059260822310335470319841988384723663330078125
0.05890586462752235574757975200554938055574893951416015625
0.998562925960199354591395604074932634830474853515625
0.1687590336281615532865174600374302826821804046630859375
0.251197951497136584553260263419360853731632232666015625
0.54523121125308382506347015805658884346485137939453125
0.73185549710497976860779090202413499355316162109375
0.73047987172868100724798523515346460044384002685546875
0.1966512511468731239094864804428652860224246978759765625
0.412918447243477426678026631634566001594066619873046875
0.61398529289941550235454315043170936405658721923828125
0.275199973618239168704491248718113638460636138916015625
0.2171104365108117717486635456225485540926456451416015625
0.11226233239856657497579561777456547133624553680419921875
0.377147751104621120621374075199128128588199615478515625
0.14626144997135803738075310320709832012653350830078125
0.6227449633287009955751045708893798291683197021484375
0.595128143017705557582530673244036734104156494140625
0.1308040060712043206603283351796562783420085906982421875
0.039825340285815920282619373438137699849903583526611328125
0.170966049735884195737156687755486927926540374755859375
0.7675738501211506470411904956563375890254974365234375
0.2059457642985255410028599953875527717173099517822265625
0.68130367187843832166294077978818677365779876708984375
0.304654205825484469816188948243507184088230133056640625
0.149406046676172910014912531551090069115161895751953125
0.476501467393944722061860375106334686279296875
0.241433051992875069569066681651747785508632659912109375
0.643736823761713150560126450727693736553192138671875
0.19925903445075221487314820478786714375019073486328125
0.83952339870833014856543741188943386077880859375
0.2206322309657150204653675018562353216111660003662109375
0.55068779902099063150444635539315640926361083984375
0.0835762508602702347548785155595396645367145538330078125
0.5796475510949490317358367974520660936832427978515625
0.06349376219487458394841183917378657497465610504150390625
0.70845814268498596977252645956468768417835235595703125
0.6534351476716973028402435375028289854526519775390625
0.32912133323453429678551174220046959817409515380859375
0.3170009219632488051132668260834179818630218505859375
0.428960938206389974514110008385614491999149322509765625
0.55241503731925745146469353130669333040714263916015625
0.89101298986515631295191042227088473737239837646484375
0.599074309039429930834330662037245929241180419921875
0.1475434737035741517008347045702976174652576446533203125
0.555634387561881215589210114558227360248565673828125
0.1438538279122923702058045591911650262773036956787109375
0.449335233983274184854650457054958678781986236572265625
0.59202699251101675859132456025690771639347076416015625
0.376033432025477953875025605157134123146533966064453125
0.65631307598963062321928418896277435123920440673828125
