              -3390.1753934172
         -0.000084600      -0.000009744      -0.000001961
         -0.000009744      -0.000124374      -0.000011019
         -0.000001961      -0.000011019      -0.000091395
          64
  1     6      -0.026386911      -0.007515132       0.013479551  C
  1     6      -0.000518265      -0.010936048      -0.026278071  C
  2    40       0.004826681      -0.036819547       0.014283887  Zr
  1     6      -0.019482877       0.025053819       0.028368603  C
  2    40       0.047060777      -0.037033721      -0.012903054  Zr
  2    40      -0.005423702      -0.028934987      -0.003654162  Zr
  1     6       0.031786158      -0.010843251       0.007369808  C
  2    40      -0.084468927       0.022305276      -0.008630534  Zr
  1     6       0.037845158       0.014206535       0.029764276  C
  1     6       0.020120518      -0.009330048      -0.017339499  C
  2    40       0.018050093      -0.030122342      -0.003502935  Zr
  1     6       0.002371846       0.003866467       0.005224833  C
  2    40      -0.014460984      -0.039210056      -0.010134433  Zr
  2    40      -0.000610801       0.016168530      -0.037975524  Zr
  1     6      -0.000918264      -0.006715702      -0.002655957  C
  2    40       0.011896222       0.056390469       0.024326082  Zr
  2    40      -0.007277095      -0.024646950      -0.027037961  Zr
  1     6       0.005000933      -0.008009555       0.007989420  C
  2    40       0.032744182       0.004364043       0.038555045  Zr
  1     6       0.003569836       0.040010262       0.020032426  C
  1     6      -0.003026361       0.013767673      -0.010085784  C
  2    40      -0.026705618       0.006807090      -0.028700519  Zr
  1     6       0.014073545      -0.014184060       0.012417690  C
  2    40       0.000054468      -0.037890082       0.019568117  Zr
  2    40       0.019763139      -0.002764806       0.026713599  Zr
  1     6      -0.004235829      -0.016420701       0.026750164  C
  2    40       0.013784348       0.059282339      -0.054151236  Zr
  1     6       0.017612610       0.015445326      -0.006758576  C
  1     6      -0.013628149      -0.008489087      -0.013795650  C
  2    40      -0.001910615      -0.016037243      -0.013045916  Zr
  1     6      -0.008455770      -0.023525812      -0.011274452  C
  2    40       0.013296794       0.038454962      -0.010377693  Zr
  1     6       0.001742034       0.017821594       0.012597113  C
  2    40       0.038745013      -0.016603630      -0.009095082  Zr
  1     6       0.009052899      -0.002241099      -0.011589025  C
  2    40      -0.008436642      -0.008491321       0.001174176  Zr
  2    40      -0.020846333       0.002515138      -0.014541185  Zr
  1     6      -0.020764059      -0.012489798       0.019203314  C
  2    40       0.020467372       0.021849441      -0.003573411  Zr
  1     6       0.016535915      -0.010130177       0.007680854  C
  1     6      -0.016601337       0.026698774       0.016366027  C
  2    40       0.020808983      -0.023322272      -0.007488108  Zr
  1     6      -0.016473457      -0.011578881      -0.018342220  C
  2    40       0.021890157      -0.045819679       0.003591552  Zr
  2    40      -0.001693141      -0.006364456       0.036087979  Zr
  1     6      -0.011973269       0.001752763       0.003363333  C
  2    40      -0.010147932       0.022904060      -0.029913913  Zr
  1     6       0.017729997      -0.012030711       0.008075827  C
  2    40       0.011710941       0.034816426      -0.001431210  Zr
  1     6       0.001745433       0.007740624      -0.006271896  C
  2    40      -0.023593088       0.037756186      -0.015608006  Zr
  1     6      -0.016209937       0.006086291       0.014547581  C
  1     6      -0.030387474      -0.008202662       0.000613435  C
  2    40       0.001681946      -0.016348557       0.008838908  Zr
  1     6      -0.023622096       0.012562798       0.000436285  C
  2    40      -0.000547310       0.025789681      -0.018626833  Zr
  2    40      -0.029407326       0.019185278      -0.013285470  Zr
  1     6      -0.018735438       0.013384040       0.015121197  C
  2    40       0.031531598      -0.000453938       0.014273161  Zr
  1     6      -0.002938355       0.016501951       0.001250440  C
  1     6       0.010656830      -0.014702199       0.007160293  C
  2    40      -0.030068780       0.008444048      -0.012644600  Zr
  1     6       0.012774076       0.005933702      -0.002404987  C
  2    40      -0.009864211      -0.038286824       0.018990605  Zr
