              -3390.1884540954
         -0.000130505      -0.000014597      -0.000018333
         -0.000014597      -0.000101371      -0.000016912
         -0.000018333      -0.000016912      -0.000113399
          64
  1     6      -0.001061166      -0.005642538       0.008927480  C
  1     6       0.009778653       0.000052197       0.012299738  C
  2    40      -0.006114315       0.002803765      -0.010974524  Zr
  1     6      -0.073253840       0.034406961       0.006821934  C
  2    40      -0.057317821      -0.065882423       0.006527622  Zr
  2    40       0.004421903       0.029020852       0.007525360  Zr
  1     6      -0.000981314      -0.011934825      -0.000127962  C
  2    40      -0.027330147      -0.019082108      -0.041166859  Zr
  1     6       0.051221778       0.002434858      -0.040045656  C
  1     6      -0.012806910       0.023144540      -0.004073255  C
  2    40      -0.012805608      -0.009298663      -0.034174708  Zr
  1     6      -0.004749302       0.005256423       0.007576752  C
  2    40       0.009064433       0.005648554      -0.006182316  Zr
  2    40      -0.025840730      -0.013643807       0.004842538  Zr
  1     6       0.001941067      -0.002051307      -0.004367384  C
  2    40      -0.003479685       0.018246077       0.026761225  Zr
  2    40      -0.008221610       0.012814398      -0.051346790  Zr
  1     6       0.015372086      -0.001099174       0.005784490  C
  2    40       0.049745371      -0.035836096       0.072509611  Zr
  1     6      -0.052909973       0.023997485      -0.001439169  C
  1     6       0.009487438      -0.005414194       0.001537418  C
  2    40       0.007748310       0.057976627       0.003998407  Zr
  1     6       0.005357909       0.020711032       0.005905304  C
  2    40      -0.019019521      -0.066345130      -0.001231801  Zr
  2    40      -0.002257977      -0.021711373      -0.012395261  Zr
  1     6      -0.007446760       0.006577860       0.005897888  C
  2    40       0.028863581       0.006276570      -0.032315506  Zr
  1     6       0.000332219       0.015922510      -0.002388335  C
  1     6       0.016698929      -0.015975538       0.025064045  C
  2    40       0.011978929      -0.015132641      -0.008739077  Zr
  1     6      -0.002968657      -0.000581609       0.003730952  C
  2    40      -0.000439621       0.031096525       0.013778591  Zr
  1     6       0.010816038      -0.015916916       0.011487226  C
  2    40       0.002011278       0.018576181      -0.014771279  Zr
  1     6      -0.000250559       0.013311438      -0.017330855  C
  2    40       0.024249746       0.010613090       0.001516491  Zr
  2    40      -0.004325271      -0.010139312      -0.011137751  Zr
  1     6       0.003064594      -0.008667298      -0.001695276  C
  2    40       0.018561329      -0.004123382       0.018528002  Zr
  1     6      -0.002745213       0.001424410      -0.008351879  C
  1     6       0.000384741      -0.006610378      -0.005149991  C
  2    40      -0.004863969      -0.004386095       0.023786398  Zr
  1     6      -0.001066839       0.009977987      -0.009878320  C
  2    40       0.016221756      -0.015004442       0.001182134  Zr
  2    40       0.024296802      -0.010258681       0.008347156  Zr
  1     6       0.021529799      -0.003265576      -0.008588501  C
  2    40      -0.012568656       0.030401890       0.025308206  Zr
  1     6       0.004787072      -0.016322862       0.024157639  C
  2    40      -0.004494496      -0.025975462      -0.015102581  Zr
  1     6       0.011066138      -0.004203679      -0.001435967  C
  2    40      -0.003549252       0.012858786      -0.020139919  Zr
  1     6       0.001456756      -0.002901521       0.000049842  C
  1     6       0.007561685      -0.003846616      -0.003881575  C
  2    40       0.005580713       0.004730272       0.037284374  Zr
  1     6       0.015130189      -0.003237195       0.014285436  C
  2    40      -0.029319912       0.022298971      -0.014734053  Zr
  2    40       0.000056613      -0.010646369      -0.003455781  Zr
  1     6      -0.008583428       0.011526286      -0.015003709  C
  2    40      -0.008902189      -0.006674956      -0.002775890  Zr
  1     6      -0.000274198       0.005801097      -0.001019768  C
  1     6       0.004339505       0.010727887       0.018841556  C
  2    40      -0.006612758      -0.010226013       0.010122552  Zr
  1     6      -0.001331458       0.009423117       0.019655101  C
  2    40       0.014026222      -0.005962882      -0.028261310  Zr
