1804658319
1.9499432910391789608439694347907789051532745361328125
2.4873924167886958258577578817494213581085205078125
5.1759408150466921227916827774606645107269287109375
5.068784307003415534609302994795143604278564453125
2.628698105339294155413654152653180062770843505859375
3.93959629664619281896875691018067300319671630859375
6.1854908202760636726225129677914083003997802734375
0.9760122454811932524165740687749348580837249755859375
1.25561507888936230159515616833232343196868896484375
2.104827981223364563589939280063845217227935791015625
5.05866705523183224357808285276405513286590576171875
2.164040547190039465164090870530344545841217041015625
6.168048907385045964701930643059313297271728515625
4.41742752864292231862464177538640797138214111328125
4.43755687470878523726014464045874774456024169921875
5.87551633001560968949661400984041392803192138671875
6.027171218924937790006879367865622043609619140625
3.179966947114670094975963365868665277957916259765625
0.10615038320910548386155625166793470270931720733642578125
0.94130456381329186132944641940412111580371856689453125
4.59072909347139290758832430583424866199493408203125
2.4552727747155653759136839653365314006805419921875
5.533109112732422119051989284344017505645751953125
4.743720270270141980972766759805381298065185546875
6.12154064970377564947057180688716471195220947265625
5.31483121414671000337648365530185401439666748046875
5.40991383211788967599886746029369533061981201171875
2.641096982662479941694755325443111360073089599609375
3.359910598893940392173362852190621197223663330078125
5.684557165506333831217489205300807952880859375
0.47620341964434220738411340789753012359142303466796875
1.61859703642485275310036740847863256931304931640625
1.07342633354873928652750691981054842472076416015625
5.1401160725409074103708917391486465930938720703125
0.480944637657607809710924584578606300055980682373046875
3.914425205306244048841790572623722255229949951171875
4.67913619681368420089029314112849533557891845703125
3.28152303902478337249704054556787014007568359375
3.51779770021856830197748422506265342235565185546875
4.43459889531621609393141625332646071910858154296875
2.30742095786259415746144441072829067707061767578125
1.9699901460804436492679769798996858298778533935546875
4.6619312678738396016342449001967906951904296875
0.445741623631746575195933246504864655435085296630859375
5.3864263429741630062608237494714558124542236328125
3.2529387374446674385808364604599773883819580078125
5.12400167880835066824829482357017695903778076171875
6.08281910118778323948163233580999076366424560546875
3.3869144574090430666046813712455332279205322265625
1.0938194291149343495561652161995880305767059326171875
4.7379852071570542904055400867946445941925048828125
2.656347523269814825397361346404068171977996826171875
5.09475731736882408995370496995747089385986328125
0.77981080473933328534030806622467935085296630859375
1.39674326866368669897155996295623481273651123046875
5.68552276458389993507580584264360368251800537109375
2.397469206592638624186974993790499866008758544921875
5.1383137135809278106535202823579311370849609375
5.9834147394072676462428717059083282947540283203125
2.514871738308419590879339011735282838344573974609375
5.43116882635075537422153502120636403560638427734375
4.66610024207409690433223659056238830089569091796875
4.3561609496226072479885260690934956073760986328125
4.18622791751619427458308564382605254650115966796875
3.122298611138898838390787204843945801258087158203125
5.32774920209830060713329658028669655323028564453125
4.00510668105230660529514352674596011638641357421875
4.71103461641501741752335874480195343494415283203125
1.355596684736877222121620434336364269256591796875
5.1460484130826866788765983073972165584564208984375
4.4220698182840632028955951682291924953460693359375
0.173318877001008397886749889948987402021884918212890625
5.92071348247925843821803937316872179508209228515625
1.3125688993431776641074293365818448364734649658203125
4.61250262779461106532608027919195592403411865234375
4.42441339841628167306453178753145039081573486328125
3.3120658134046845333386954735033214092254638671875
1.74928605637863388011510323849506676197052001953125
0.9898770779005865438904265829478390514850616455078125
2.844931564207268781530046908301301300525665283203125
4.93237601760012012164224870502948760986328125
5.6892742044096014097931401920504868030548095703125
3.590406888747847968801352180889807641506195068359375
5.4709760941477210138828013441525399684906005859375
3.324783636127296215789783673244528472423553466796875
1.4151582239594528989101718252641148865222930908203125
2.599039776119485889438465164857916533946990966796875
2.000021876362223505196880068979226052761077880859375
0.6169243886165614032535131627810187637805938720703125
1.574325577559431810215073710423894226551055908203125
0.85684611335699856216052694435347802937030792236328125
2.706727870556537851598477573134005069732666015625
2.522882013540255652372934491722844541072845458984375
5.55395338686313788656434553558938205242156982421875
4.10834259790416300717197373160161077976226806640625
1.34174947755449114339398875017650425434112548828125
4.00519511445013876027587684802711009979248046875
5.411830711230873447448175284080207347869873046875
4.86496189693703851020245565450750291347503662109375
6.25842027375687592893882538191974163055419921875
2.650275406757328422457931083044968545436859130859375
3.370228381624020830287236094591207802295684814453125
2.978870295750952745805761878727935254573822021484375
1.2026978414755571389349597666296176612377166748046875
2.39965573369164530959096737205982208251953125
2.5420364007786862003968053613789379596710205078125
2.492577092084866219323657787754200398921966552734375
1.1422284708844900880109207719215191900730133056640625
3.421592895344559348558277633856050670146942138671875
2.245032894140126966675552466767840087413787841796875
2.528696205892197124143194741918705403804779052734375
4.0042835058271695203302442678250372409820556640625
4.33462075073287422810608404688537120819091796875
1.563122717688649299105918544228188693523406982421875
1.4493651165849623652093214332126080989837646484375
4.8229575748825741499103969545103609561920166015625
2.92875088331017963128033443354070186614990234375
3.0657704091449407002301086322404444217681884765625
0.997065614492837593019203268340788781642913818359375
3.22023056050281031303939016652293503284454345703125
0.7623063667296505752091206886689178645610809326171875
0.370037895233126523653055528484401293098926544189453125
4.72784593261672103636783504043705761432647705078125
1.9871572644396373608088879336719401180744171142578125
1.9252629238652441134860282545560039579868316650390625
3.11300371828416633235292465542443096637725830078125
1.5357872302743817982673135702498257160186767578125
4.70466514717394002076389369904063642024993896484375
3.967030838243540191712099840515293180942535400390625
2.503620025751331024110868384013883769512176513671875
1.522960250456441233524174094782210886478424072265625
3.23285117817079292734661066788248717784881591796875
2.9533929542146619695586196030490100383758544921875
4.07614700990191725082922857836820185184478759765625
4.28390453501039569772501636180095374584197998046875
1.0639946168919818259013254646561108529567718505859375
0.492273928760387280423316269661881960928440093994140625
2.017909060554562206135642554727382957935333251953125
2.946298878242724850196054831030778586864471435546875
0.8031880893383880337665914339595474302768707275390625
1.9540711806481272372337798515218310058116912841796875
3.0423356289395737661607199697755277156829833984375
4.75029373173388957951601696549914777278900146484375
3.077081091929764422587822991772554814815521240234375
1.44841803512443068058246353757567703723907470703125
1.5673499189542592358037609301391057670116424560546875
0.34090811246332730632957463967613875865936279296875
1.1399041164216561217159551233635284006595611572265625
4.81563738444078648370805240119807422161102294921875
0.96157433538548808815704660446499474346637725830078125
6.22924339672830029712713439948856830596923828125
1.579382218265390935840741803986020386219024658203125
3.459601464402578319123904293519444763660430908203125
5.65845188686579536607723639463074505329132080078125
1.3191723008883158296811188847641460597515106201171875
4.99427684475327193780458401306532323360443115234375
4.0946464838267377928104906459338963031768798828125
0.479916592458951907218533960985951125621795654296875
3.2172426468805230825864782673306763172149658203125
4.9958941796863829409858226426877081394195556640625
2.85451349914397578544367206632159650325775146484375
1.353853667585825260033516315161250531673431396484375
5.0802598957656943667871018988080322742462158203125
0.2065373812111279405723252011739532463252544403076171875
1.4266236103310545590971969431848265230655670166015625
0.1458832967318253459598764720794861204922199249267578125
3.193680671799922432541052330634556710720062255859375
1.8110137296222053038263766211457550525665283203125
5.32255679674300541392995000933296978473663330078125
0.49281187592196740165917390186223201453685760498046875
1.3647349897663472173547916099778376519680023193359375
3.631787279167763671239299583248794078826904296875
0.95733059436808509712335535368765704333782196044921875
1.737951083302038401967593017616309225559234619140625
1.385516256015431935111337224952876567840576171875
2.55704862325356163665901476633735001087188720703125
0.73071875577739164864254917119978927075862884521484375
1.1522660696925466350393207903834991157054901123046875
0.121474777772704045641916081876843236386775970458984375
3.140505331749567030641401288448832929134368896484375
2.52691516750029077087447149096988141536712646484375
2.92078009516311265514332262682728469371795654296875
5.01165414347860771471232510521076619625091552734375
6.09069267550271309374920747359283268451690673828125
5.918074138347481749633516301400959491729736328125
4.40956943492709729781608984922058880329132080078125
5.78740797209992052785310079343616962432861328125
0.1758199958552404407186031676246784627437591552734375
5.869875285721576574360369704663753509521484375
4.63612650771661183313199217082001268863677978515625
2.3644310392198644166228405083529651165008544921875
5.21223599982225227478238593903370201587677001953125
0.006863032936520424391602102076603841851465404033660888671875
0.4895052325397288850439281304716132581233978271484375
0.68589609148255370474345227194135077297687530517578125
0.3667826146664017183951500555849634110927581787109375
0.417807690528131880913775830777012743055820465087890625
0.95550414358987667551303957225172780454158782958984375
0.10380216692751374762959670761119923554360866546630859375
0.0398978619090737118835221508561517111957073211669921875
0.428167481640431779599254014101461507380008697509765625
0.76542264724402808706571477159741334617137908935546875
0.771034221058261692860469338484108448028564453125
0.6409583183196179145824089573579840362071990966796875
0.344446969844609041100369495325139723718166351318359375
0.062035370181331116190559527012737817130982875823974609375
0.9523910605126950645882288881693966686725616455078125
0.0166022265407267145820302545189406373538076877593994140625
0.330998266735579027564284615436918102204799652099609375
0.78303066025629208812830484021105803549289703369140625
0.3128295379284906641004226912627927958965301513671875
0.435264656057238907838069508215994574129581451416015625
0.77681949957125795425127989801694639027118682861328125
0.71508866861233888467808128552860580384731292724609375
0.5461059727455050971656191904912702739238739013671875
0.080459013153081293534540918699349276721477508544921875
0.0899803080083710626890791672849445603787899017333984375
0.77938532260217951996850160867325030267238616943359375
0.190299410461587548137885050891782157123088836669921875
0.8426900030312547418276380994939245283603668212890625
0.1233990681932303490331293005510815419256687164306640625
0.2410054929745409080243945254551363177597522735595703125
0.839842840954588165658378784428350627422332763671875
0.03504422168947952942463786030202754773199558258056640625
0.7637151790613845303568041344988159835338592529296875
0.187735465442638582711509798173210583627223968505859375
0.96788815640280401186856806816649623215198516845703125
0.8071819449808363966525348587310872972011566162109375
0.01376892068133173628596832571702179848216474056243896484375
0.62532932247283368187851237962604500353336334228515625
0.277257143183265386543467911906191147863864898681640625
0.53414834781277387154574398664408363401889801025390625
0.5516699960230244670356114511378109455108642578125
0.2282519802582692325376712005891022272408008575439453125
0.73387731087108953875741690353606827557086944580078125
0.2767157867908085489005998169886879622936248779296875
0.97566735603644849650351034142659045755863189697265625
0.93306650730458395859301390373730100691318511962890625
0.7753289997462784466364382751635275781154632568359375
0.98635130421554262358796449916553683578968048095703125
0.78618561047417367948497712859534658491611480712890625
0.61558889486621548581268825728329829871654510498046875
0.79708689115805875236020483498577959835529327392578125
0.49878142238537848118795636764843948185443878173828125
0.94504145250890470020266320716473273932933807373046875
0.370730704800566079892831794495577923953533172607421875
0.82989908001846590668293401904520578682422637939453125
0.58953604734946785104199307170347310602664947509765625
0.2184127225626319168672040404999279417097568511962890625
0.1235384820604410460731514831422828137874603271484375
0.888730010897261113456124803633429110050201416015625
0.8095664120323800005962766590528190135955810546875
0.91797554908226042247321174727403558790683746337890625
0.67990756299342380852834821780561469495296478271484375
0.71074364786536603499911279868683777749538421630859375
0.2323487267048790771983846070725121535360813140869140625
0.84034563593582511931145972994272597134113311767578125
0.25100302475085622955219832874718122184276580810546875
0.270708460952485185924132338186609558761119842529296875
0.448288338001951724987037550818058662116527557373046875
0.8738951915287855864988841858576051890850067138671875
0.438048509153560028384077895680093206465244293212890625
0.72389809588151898811503315300797112286090850830078125
0.08536334665741927840709735164637095294892787933349609375
0.8453725836451038144758740600082091987133026123046875
0.894600851877872305095706906286068260669708251953125
0.6091560975691099333317879427340812981128692626953125
0.59849996054475196327615549307665787637233734130859375
0.446800182315893579243493149988353252410888671875
0.220436195014247771073456760859698988497257232666015625
0.9446663898158196293053379122284241020679473876953125
0.65447308852079932872669587595737539231777191162109375
0.3007225432902214112829142322880215942859649658203125
0.42244455191420604567298369147465564310550689697265625
0.6552605599422289817113096432876773178577423095703125
0.787180918169757770641581373638473451137542724609375
0.68975193271867552002873935634852387011051177978515625
0.2329500216212822272243698762395069934427738189697265625
0.252813982895023159347402952334959991276264190673828125
0.3559608465786840980626948294229805469512939453125
0.52721519699656183011171606267453171312808990478515625
0.8322891606168305589363853869144804775714874267578125
0.95472896143548613423490678542293608188629150390625
0.66350294121704200822620123290107585489749908447265625
0.7091966437684356083792636127327568829059600830078125
0.5590729739326392166987034215708263218402862548828125
0.33672405748475531250818448825157247483730316162109375
0.438875057938916179889332624952658079564571380615234375
0.11902217479377154296660279442221508361399173736572265625
0.2088776054833445805503089331978117115795612335205078125
0.73205249976927999622233755872002802789211273193359375
0.303438485275692559905991174673545174300670623779296875
0.22128795004509760335764667615876533091068267822265625
0.8354544606224887370871101666125468909740447998046875
0.85470187564133748292505288191023282706737518310546875
0.572288499014586449220587383024394512176513671875
0.4419770047264066636927282161195762455463409423828125
0.51828836673790978917253369218087755143642425537109375
0.8353667798616768447317326717893593013286590576171875
0.79823510944761111307599321662564761936664581298828125
0.065730443254919002082914403217728249728679656982421875
0.19842645581738393989468249856145121157169342041015625
0.570854144902366300584617420099675655364990234375
0.03990110198031231181214906200693803839385509490966796875
0.498621123609422289835180208683595992624759674072265625
0.46415905396647705316581777879036962985992431640625
0.2448372306510979423688212364140781573951244354248046875
0.65247805540099645948970419340184889733791351318359375
0.3039860461391443724465943887480534613132476806640625
0.9402271136363162806759419254376552999019622802734375
0.67934782229333545711114084042492322623729705810546875
0.5406049934870587048152401621337048709392547607421875
0.91709327181665845074576282058842480182647705078125
0.51803079225031234411602554246201179921627044677734375
0.2406846677142589763231939059551223181188106536865234375
0.297023474377125229484164492532727308571338653564453125
0.6735739846125123886366736769559793174266815185546875
0.70886961264017489536826133189606480300426483154296875
0.132751443950809289162862114608287811279296875
0.93430444921101651889472350376308895647525787353515625
0.9975494220841440995428683891077525913715362548828125
0.862046190938933865055560090695507824420928955078125
0.166061041954001897824610978204873390495777130126953125
0.7085118329657762448192670490243472158908843994140625
0.0024567609664317038679903770770351911778561770915985107421875
0.6287350094079668938462646110565401613712310791015625
0.1612545578560114767352473563732928596436977386474609375
0.80312940981384806082843397234682925045490264892578125
0.228233363119993981626976164989173412322998046875
0.83080788088534396340634202715591527521610260009765625
0.63742610376208375111417581138084642589092254638671875
0.77533314226909222366401763792964629828929901123046875
0.62328128499131707496161425297032110393047332763671875
0.55542821742381354166440132757998071610927581787109375
0.232973468598431654452696193402516655623912811279296875
0.387405296968019230430257948682992719113826751708984375
0.88819616981232363261966611389652825891971588134765625
0.472909542486495138025048845520359463989734649658203125
0.7639757337812220772121918344055302441120147705078125
0.524304299859471800715482459054328501224517822265625
0.83016032112304138923519758463953621685504913330078125
0.448237078007421019254508109952439554035663604736328125
0.32237931169680289489321012297295965254306793212890625
0.0697627081860614506325646289042197167873382568359375
0.57252668941976814220851110803778283298015594482421875
0.0195307056510498310009094069528146064840257167816162109375
0.02840194340255201843614685230932082049548625946044921875
0.52095288109078674576579714994295500218868255615234375
0.2790666023637478065921868619625456631183624267578125
0.407715957801656758707764538485207594931125640869140625
0.56611376468376894965928158853785134851932525634765625
0.74256296164475521504044763787533156573772430419921875
0.04457274174530652388614981873615761287510395050048828125
0.50856714579675676990433430546545423567295074462890625
0.396893879117860393090921888870070688426494598388671875
0.57498097027418249016506024418049491941928863525390625
0.1859107539923446072993584721189108677208423614501953125
0.2184690787542933054776739254521089605987071990966796875
0.27458453517155001488703192080720327794551849365234375
0.0589027405059443509571792674250900745391845703125
0.188802376011760142393569594787550158798694610595703125
0.057064017307508742293808978729430236853659152984619140625
0.8732972945427974753584976497222669422626495361328125
0.86888754873950391210968291488825343549251556396484375
0.65439799691289568528418385540135204792022705078125
0.66440396740306351119897954049520194530487060546875
0.071724760379514085339991424916661344468593597412109375
0.67482169562709592991467388856108300387859344482421875
0.622439432713407736486033172695897519588470458984375
0.92484597811701052538779777023592032492160797119140625
0.216260286148758751334497674179146997630596160888671875
0.2463875111408473372875960194505751132965087890625
0.5230449957414740058680990841821767389774322509765625
0.91046110629591214813416399920242838561534881591796875
0.7530883777668180290021382461418397724628448486328125
0.64474075550434217785067403383436612784862518310546875
0.04779729295885064288551546951566706411540508270263671875
0.15909507319289029059206086458289064466953277587890625
0.27982167121014633881515010216389782726764678955078125
0.0734584834768709227237337699989438988268375396728515625
0.30458612754223224339256148596177808940410614013671875
0.1547314292540454550017869905786938033998012542724609375
0.144829379462091900609976846681092865765094757080078125
0.492608390512228211388645604529301635921001434326171875
