              -3390.1361184726
         -0.000139089      -0.000010467      -0.000014298
         -0.000010467      -0.000114664      -0.000000125
         -0.000014298      -0.000000125      -0.000130972
          64
  1     6      -0.005390135       0.000156554      -0.001545434  C
  1     6       0.007775938      -0.002154638       0.001208996  C
  2    40      -0.023501410      -0.011752530      -0.025968606  Zr
  1     6      -0.000202291      -0.025236337       0.010903909  C
  2    40       0.102888606       0.056522278       0.018595133  Zr
  2    40      -0.004853047      -0.018717154      -0.011096440  Zr
  1     6      -0.002877669       0.005406610       0.004866835  C
  2    40      -0.080161462      -0.001216149       0.063004505  Zr
  1     6       0.041472625      -0.014075308       0.014761667  C
  1     6       0.015755804       0.011632834       0.001665714  C
  2    40      -0.006621005       0.016622081      -0.011281518  Zr
  1     6       0.002050378      -0.002694538      -0.043829413  C
  2    40      -0.007522795      -0.024603829      -0.010311755  Zr
  2    40       0.018985304       0.007415464       0.016651526  Zr
  1     6       0.003177031      -0.006054552       0.009238211  C
  2    40      -0.003967016      -0.011035073       0.022510215  Zr
  2    40      -0.027472010      -0.017682076      -0.002360347  Zr
  1     6       0.022148971      -0.000965746      -0.010373227  C
  2    40       0.033144898       0.116055838      -0.079293127  Zr
  1     6       0.020752588       0.011307110      -0.105057292  C
  1     6      -0.024356844      -0.000463141      -0.003524852  C
  2    40       0.007423223      -0.010697257       0.038764444  Zr
  1     6       0.100687274      -0.009920425      -0.007899369  C
  2    40       0.015815902      -0.096589828      -0.037823987  Zr
  2    40      -0.005705485       0.025833585      -0.012332284  Zr
  1     6      -0.009814473      -0.004809390      -0.034282506  C
  2    40      -0.002114353       0.001320324      -0.008196830  Zr
  1     6      -0.000106830       0.001502110       0.030039527  C
  1     6       0.002533872       0.000735747       0.015026705  C
  2    40       0.027060414      -0.012074630       0.009880475  Zr
  1     6      -0.011187832       0.012098371       0.012789408  C
  2    40      -0.032207300      -0.013028562       0.076215512  Zr
  1     6       0.011899642      -0.004536938      -0.023402760  C
  2    40      -0.014600295      -0.036531641       0.009325587  Zr
  1     6      -0.008479764       0.009173981       0.001081392  C
  2    40      -0.000605685      -0.018675643      -0.014208064  Zr
  2    40       0.006641112       0.050489729       0.006605135  Zr
  1     6      -0.013901483       0.003145063      -0.008571536  C
  2    40      -0.007032381      -0.011682750       0.004412882  Zr
  1     6      -0.019903174       0.003899899       0.014899277  C
  1     6      -0.002959616      -0.013005358       0.001139188  C
  2    40       0.017255984       0.020270888      -0.010637721  Zr
  1     6      -0.003408285      -0.007137149      -0.004390883  C
  2    40       0.006805936       0.014946553       0.005962400  Zr
  2    40      -0.004505309       0.002864181       0.031593318  Zr
  1     6       0.008843223       0.001942523      -0.010365701  C
  2    40       0.002411112       0.012506595       0.005514352  Zr
  1     6       0.012408689      -0.002333986       0.009068000  C
  2    40      -0.023459758       0.006995568       0.003766788  Zr
  1     6       0.000162278       0.005811684       0.005539201  C
  2    40       0.009455806       0.002029149      -0.010299481  Zr
  1     6      -0.037909785       0.003999377      -0.006610520  C
  1     6      -0.007930988       0.003178916       0.004985851  C
  2    40       0.019435796      -0.017832270       0.015148133  Zr
  1     6      -0.008242373      -0.003328066       0.019579623  C
  2    40      -0.039889744      -0.001283819       0.017569267  Zr
  2    40      -0.020745401       0.008020227      -0.022965794  Zr
  1     6      -0.012650720      -0.005642329      -0.025994234  C
  2    40       0.002083068       0.023213922       0.007808992  Zr
  1     6       0.011421002      -0.002368543       0.004558384  C
  1     6      -0.000271408       0.001155747       0.001792077  C
  2    40      -0.018837501      -0.008781389       0.006428454  Zr
  1     6      -0.008844733      -0.003223026      -0.011055951  C
  2    40      -0.027857889      -0.019368843       0.030925347  Zr
