              -3390.1735085647
         -0.000127185      -0.000007156       0.000003369
         -0.000007156      -0.000111701       0.000001978
          0.000003369       0.000001978      -0.000155457
          64
  1     6      -0.006454034      -0.006047555      -0.005216018  C
  1     6       0.011889827       0.000404813       0.007759813  C
  2    40       0.020632622      -0.011630953       0.008688998  Zr
  1     6      -0.019569904       0.060036507       0.056785690  C
  2    40       0.046489743      -0.011226596       0.076188838  Zr
  2    40      -0.015648051       0.036936121      -0.007999405  Zr
  1     6      -0.003558938      -0.016455158      -0.007628582  C
  2    40       0.108185464      -0.030540833      -0.007010635  Zr
  1     6       0.011079812      -0.016391374      -0.055084137  C
  1     6      -0.015963768       0.015079025      -0.011492130  C
  2    40      -0.019734199       0.003582335      -0.003790149  Zr
  1     6      -0.000715686      -0.004906971       0.018565758  C
  2    40       0.017160812      -0.012160033      -0.002916137  Zr
  2    40      -0.006154363       0.004532911       0.011023312  Zr
  1     6      -0.005809741      -0.004014384      -0.003632572  C
  2    40      -0.038421047       0.022952727      -0.031949664  Zr
  2    40       0.004413537       0.027964818       0.003499964  Zr
  1     6       0.016022178      -0.008574582       0.003801021  C
  2    40       0.034281982      -0.020249323       0.033930850  Zr
  1     6      -0.002843837      -0.035436817      -0.028042819  C
  1     6       0.014574220      -0.010055924       0.003583692  C
  2    40      -0.017668746       0.000627279      -0.019930574  Zr
  1     6      -0.033853613      -0.020445729      -0.028205543  C
  2    40      -0.037647363      -0.003770536       0.022071677  Zr
  2    40       0.039895247       0.006154232       0.019036115  Zr
  1     6       0.007754457       0.013274918       0.027601636  C
  2    40       0.001662160       0.004420897       0.001696883  Zr
  1     6      -0.018323456      -0.002380700      -0.001460178  C
  1     6      -0.029757374       0.020264523      -0.010877538  C
  2    40       0.018642800      -0.025163764      -0.006274590  Zr
  1     6      -0.002212570       0.008714336      -0.005117425  C
  2    40       0.001447590      -0.006030900       0.027529711  Zr
  1     6       0.016060087      -0.011901482       0.030410553  C
  2    40      -0.005493353      -0.000271905      -0.001886381  Zr
  1     6       0.003950253      -0.009490470      -0.025624880  C
  2    40      -0.005463578      -0.008303179      -0.023836135  Zr
  2    40      -0.000303979      -0.003528123      -0.008573607  Zr
  1     6       0.006996345       0.006722147      -0.013249527  C
  2    40       0.021166588       0.010428267       0.019013697  Zr
  1     6       0.013508086       0.005194308      -0.003539095  C
  1     6      -0.016558138       0.012683459       0.028029100  C
  2    40      -0.033035290      -0.010159500       0.005756864  Zr
  1     6      -0.007368254      -0.012788526      -0.001828073  C
  2    40       0.036906629       0.001981179      -0.018948345  Zr
  2    40       0.005590783       0.014409642      -0.027488408  Zr
  1     6      -0.006514645       0.003384573      -0.016140762  C
  2    40      -0.034678272      -0.001198880      -0.005660116  Zr
  1     6      -0.007013712      -0.006231139      -0.010905779  C
  2    40       0.009337297       0.017460808       0.023976517  Zr
  1     6      -0.023305597      -0.010229184      -0.023921189  C
  2    40       0.009661243       0.017067180       0.022127108  Zr
  1     6      -0.006438982       0.001299174       0.019384957  C
  1     6       0.007032413      -0.006059577      -0.009511115  C
  2    40      -0.000972996       0.018843492       0.012258536  Zr
  1     6      -0.040136707      -0.000531287      -0.014284616  C
  2    40      -0.067839971      -0.009457466      -0.055147563  Zr
  2    40       0.016727307       0.008571598       0.025669647  Zr
  1     6       0.001278489       0.009650768      -0.017701368  C
  2    40      -0.000763573      -0.011948672      -0.005155585  Zr
  1     6       0.007565670      -0.006745359       0.001241383  C
  1     6      -0.010557416      -0.004012730      -0.020989470  C
  2    40       0.002947457       0.019347856       0.040370441  Zr
  1     6       0.015003643      -0.024702288      -0.010863476  C
  2    40       0.012164903       0.010134317       0.001066380  Zr
