              -3390.0431248384
         -0.000176026       0.000031411      -0.000004059
          0.000031411      -0.000260626       0.000006843
         -0.000004059       0.000006844      -0.000145806
          64
  1     6       0.019528355       0.023940597      -0.001634092  C
  1     6       0.013687463       0.032185212       0.007493082  C
  2    40       0.010279526      -0.006998266      -0.044060676  Zr
  1     6       0.008715067      -0.037182335      -0.011544442  C
  2    40      -0.023826049      -0.065665485      -0.015623512  Zr
  2    40      -0.009349512      -0.012667907      -0.012816725  Zr
  1     6      -0.023889432       0.031006292      -0.013075729  C
  2    40      -0.023126200       0.314990196       0.075867725  Zr
  1     6      -0.132738275      -0.213915196       0.021452430  C
  1     6       0.004193043      -0.008251297       0.004621061  C
  2    40      -0.003694604      -0.021856880       0.000649363  Zr
  1     6      -0.026750980      -0.003898417      -0.007237641  C
  2    40      -0.002751452      -0.004253600      -0.042126898  Zr
  2    40      -0.019290480      -0.023756110       0.013657202  Zr
  1     6       0.003829107       0.034508506      -0.003349380  C
  2    40      -0.005384854      -0.033950941       0.030137325  Zr
  2    40      -0.006242298      -0.026949784       0.005721603  Zr
  1     6       0.008136904       0.001775856       0.027327659  C
  2    40      -0.092303144       0.040962851       0.002304939  Zr
  1     6      -0.013784638       0.002965911      -0.026943880  C
  1     6       0.005251558      -0.014402858      -0.004637515  C
  2    40       0.017025852       0.012035896      -0.017488990  Zr
  1     6      -0.069960107      -0.065683321      -0.002633254  C
  2    40       0.175456195       0.036271706       0.052988639  Zr
  2    40      -0.006268292      -0.020311089      -0.014229984  Zr
  1     6      -0.019575491       0.015383061       0.009014562  C
  2    40       0.029189335       0.005830981       0.007028675  Zr
  1     6      -0.001813343      -0.002900768      -0.014457296  C
  1     6       0.012928966       0.027352444      -0.022725850  C
  2    40      -0.018554722      -0.009102915      -0.016148166  Zr
  1     6       0.031599093       0.015289842      -0.010809558  C
  2    40      -0.033853049      -0.021040267       0.047971979  Zr
  1     6      -0.010586612      -0.004653062      -0.003767472  C
  2    40       0.004089916       0.008744874       0.019175609  Zr
  1     6       0.026755003       0.003291097      -0.007378602  C
  2    40       0.005620853      -0.015575610      -0.019108804  Zr
  2    40      -0.014597024       0.021718210       0.019873576  Zr
  1     6       0.012338516       0.009237245      -0.018866983  C
  2    40       0.025851234      -0.004792513      -0.000741891  Zr
  1     6       0.030486941      -0.011271888      -0.007780812  C
  1     6       0.016002836      -0.020327559      -0.015488258  C
  2    40       0.020627257       0.001440702      -0.003456185  Zr
  1     6       0.018755352       0.015045924       0.006929188  C
  2    40      -0.020442993       0.013939816      -0.014088444  Zr
  2    40      -0.015301776       0.004056129       0.029507531  Zr
  1     6      -0.001745174      -0.000216436      -0.004821333  C
  2    40      -0.012601133      -0.011402636       0.013934036  Zr
  1     6       0.013102983       0.004188502      -0.009024863  C
  2    40       0.012650678       0.010269477       0.012505442  Zr
  1     6       0.002562117      -0.001392944      -0.018616305  C
  2    40       0.020901062      -0.000069424      -0.015036455  Zr
  1     6       0.010317842       0.004004332       0.006509787  C
  1     6       0.002516053      -0.022316208      -0.021931265  C
  2    40       0.012618221       0.007110844       0.027620442  Zr
  1     6      -0.001962242      -0.018998840      -0.036142617  C
  2    40      -0.012417313       0.002735991      -0.008611771  Zr
  2    40      -0.018341308       0.042487532       0.013016240  Zr
  1     6       0.015821611      -0.012349147      -0.018152961  C
  2    40      -0.002334932      -0.004072728      -0.016404783  Zr
  1     6       0.028412410      -0.021635389       0.016102133  C
  1     6      -0.006290564       0.000633736       0.000857323  C
  2    40       0.027866251      -0.003502528       0.048263459  Zr
  1     6       0.012545536      -0.006613989       0.012001091  C
  2    40      -0.010459569       0.008845398      -0.010976263  Zr
