58472361
2.19183644125606580388421207317151129245758056640625
2.267678909879393689408288992126472294330596923828125
2.158785104694751044718259436194784939289093017578125
3.57496863527021702111596823669970035552978515625
5.2979632888670504797801186214201152324676513671875
4.50350886434351682652277304441668093204498291015625
0.89807285934282532480210647918283939361572265625
0.12956193812706195966910627248580567538738250732421875
5.33977421900323889758510631509125232696533203125
0.0307450286558946274395598408091245801188051700592041015625
5.044173287998063415216165594756603240966796875
3.05179770407229167261675684130750596523284912109375
3.3698539214093603533228815649636089801788330078125
4.2302111902977035384765258640982210636138916015625
4.649770714534785298610586323775351047515869140625
2.72458473138294987592189499991945922374725341796875
1.83139570993684142052870811312459409236907958984375
2.747138609615810356245901857619173824787139892578125
0.33720452761380259598666953024803660809993743896484375
1.4604759910928188926249049472971819341182708740234375
4.12143020535525739234117281739600002765655517578125
5.3174237185674559924564164248295128345489501953125
3.363973657825331198267804211354814469814300537109375
2.87813770675962654621571346069686114788055419921875
3.194041696574951405551701100193895399570465087890625
3.89380430706273639174241907312534749507904052734375
2.565653846786979830341124397818930447101593017578125
0.62314143057139037562563999017584137618541717529296875
0.60037759141009938712585380926611833274364471435546875
6.17706111472784069604813339537940919399261474609375
2.105664779141647624527422522078268229961395263671875
5.8085701617357354820114778704009950160980224609375
1.3275388844472970628629582279245369136333465576171875
1.6440560007842444090186972971423529088497161865234375
2.311445413311735475048180887824855744838714599609375
1.0167259314677876691490610028267838060855865478515625
2.78533154731339838150461218901909887790679931640625
5.16919338629091118519909286987967789173126220703125
5.497950003803925511647321400232613086700439453125
2.286682476115626361234944852185435593128204345703125
4.67302852846605976111504787695594131946563720703125
4.3638360791002188676657169708050787448883056640625
0.5597181913875537428992856803233735263347625732421875
0.60781953759770568357367892531328834593296051025390625
3.5571448305407020740176449180580675601959228515625
0.1270587887425372597416384223834029398858547210693359375
3.12015589843633645017462185933254659175872802734375
3.316684795835001420272192262928001582622528076171875
1.9249671189039803120834903893410228192806243896484375
6.1124381978705688567288234480656683444976806640625
1.78208748849630893573703360743820667266845703125
4.38610285088270845932356678531505167484283447265625
0.89694317352192687309297980391420423984527587890625
4.43353893802260046186347608454525470733642578125
5.03625672729832185581244630157016217708587646484375
2.52051427477889244954667447018437087535858154296875
0.334337594390752779194286858910345472395420074462890625
4.381597025165746117636444978415966033935546875
5.58814256647655493992488118237815797328948974609375
2.0541515715017961696275961003266274929046630859375
5.49111191508899754154526817728765308856964111328125
2.2417264037737698600949443061836063861846923828125
1.8336540107226049212130192245240323245525360107421875
0.492591993483130041742157345652231015264987945556640625
4.2359666962280169144605679321102797985076904296875
1.71184836184230082523072269395925104618072509765625
1.1678237177662180723558549289009533822536468505859375
4.3022879205340327501971842139028012752532958984375
3.086876846972792964862719600205309689044952392578125
2.176474768613996690902467889827676117420196533203125
2.889677669769022738677222150727175176143646240234375
5.2660482241838213468554386054165661334991455078125
5.2981541001978360583279936690814793109893798828125
4.11807105286391816889590700156986713409423828125
2.07069120626134672846774265053682029247283935546875
1.182028154914138706743642615037970244884490966796875
2.0702476846100470453393427305854856967926025390625
3.606700331949841409340251630055718123912811279296875
2.698980458296678985874450518167577683925628662109375
1.3793375249592367826068084468715824186801910400390625
4.4211372167866702653782340348698198795318603515625
0.3866307363231842320061559803434647619724273681640625
2.905951799526546697194362423033453524112701416015625
1.370542522915196403943127734237350523471832275390625
0.8583749154138484716014545483631081879138946533203125
1.5495916149187809462972609253483824431896209716796875
1.960821037847917835961197852157056331634521484375
0.68888254934264636641927381788264028728008270263671875
3.896914482600497553477225665119476616382598876953125
5.57890119886847113406247444800101220607757568359375
4.6959909236464429937996101216413080692291259765625
0.96303820728635181058763237160746939480304718017578125
3.901498612470517546313431012094952166080474853515625
4.386955006514977384313169750384986400604248046875
2.385845564669164531323986011557281017303466796875
0.96905561944021922915482036842149682343006134033203125
2.574293118275751357515446215984411537647247314453125
6.1127584130828864772411179728806018829345703125
6.044605018472292812248269910924136638641357421875
5.18988826137580172570551440003328025341033935546875
4.74713293045311157669630119926296174526214599609375
4.3678472161431756148886051960289478302001953125
0.988749109545512094854302631574682891368865966796875
1.4005585004951093264224937229300849139690399169921875
3.5804980647665498594278687960468232631683349609375
4.57008397808201660694749079993925988674163818359375
1.1740184472945169869007031593355350196361541748046875
2.47635699666948116970388582558371126651763916015625
3.819675427530398348352491666446439921855926513671875
5.3928108276063948522960345144383609294891357421875
0.06323392880699907347974431104375980794429779052734375
0.44613317072956115705295587758882902562618255615234375
1.434367505735853143278291099704802036285400390625
1.8345866619592126056659253663383424282073974609375
1.4758219168846935520633678606827743351459503173828125
1.8155818522426130368074836951564066112041473388671875
1.197584193777923911028437942150048911571502685546875
0.36453820978716133804908849924686364829540252685546875
4.95697353387161054882881217054091393947601318359375
0.78881159254360888599677537058596499264240264892578125
2.46137110672001480082826674333773553371429443359375
4.2475899841253141886454613995738327503204345703125
4.60883245891983062136887383530847728252410888671875
2.4277213137795659037010409520007669925689697265625
1.020888378127580597976020726491697132587432861328125
2.06765827279811897909667095518670976161956787109375
1.616027988432573891941501642577350139617919921875
3.721649356943166342404083479777909815311431884765625
2.789497727340127131157032636110670864582061767578125
4.24618271545073611150655779056251049041748046875
0.0143403393115564443960341378669909317977726459503173828125
4.20508919156262539473800643463619053363800048828125
5.96200833315330047668112456449307501316070556640625
3.398257839338752805957710734219290316104888916015625
0.05153881163205724369458238243169034831225872039794921875
0.60689755981139714702266019230592064559459686279296875
3.262779705433823007609817068441770970821380615234375
6.14829947529243980852697859518229961395263671875
5.2952492247315081641545475577004253864288330078125
3.733749444952209284309674330870620906352996826171875
3.83018233045796563374096876941621303558349609375
1.1170746097936674612327578870463185012340545654296875
2.032013861278007649247001609182916581630706787109375
2.21342051013313056984088689205236732959747314453125
4.11177468856504901850712485611438751220703125
2.8036459299171188064292437047697603702545166015625
6.23818249035137828428787543089129030704498291015625
5.338039563891921801541684544645249843597412109375
5.29517722282953062773458441370166838169097900390625
4.26961678467791738711412108386866748332977294921875
0.356996235113034854347091595627716742455959320068359375
1.5764406498878236195793078877613879740238189697265625
3.4478165855001901007881315308623015880584716796875
5.208202801974675111296164686791598796844482421875
3.734390314252268527894784710952080786228179931640625
2.492832810164948842412968588178046047687530517578125
2.1769893588255389005325923790223896503448486328125
0.44441235774910115008395905533689074218273162841796875
2.165446086695450134129714570008218288421630859375
2.7473295057958448950330421212129294872283935546875
2.834250790540261188965587280108593404293060302734375
4.12015050313710329277228083810769021511077880859375
6.2765252571927074853874728432856500148773193359375
2.423068195618810261038333919714204967021942138671875
5.62811686733386284942071142722852528095245361328125
4.3520479086321532946612933301366865634918212890625
5.28601402186020496998253292986191809177398681640625
3.321703740067919685685637887218035757541656494140625
1.0868580837002397299073663816670887172222137451171875
4.91052581466625515105306476471014320850372314453125
4.9054881831178054341080496669746935367584228515625
6.1026357397369057622427135356701910495758056640625
4.730080744789820101914301631040871143341064453125
5.0082954620468900230889630620367825031280517578125
2.92169566244240197505632750107906758785247802734375
0.60637700381993153708748423014185391366481781005859375
0.74022980355569789612246722754207439720630645751953125
2.26200912802263065515262496774084866046905517578125
1.61834696813438849716249023913405835628509521484375
6.02208693784480697530625548097304999828338623046875
5.09457700393816903527977046906016767024993896484375
0.665206334989312697558716536150313913822174072265625
3.736252802071100997949315569712780416011810302734375
0.2648657273070946782667078878148458898067474365234375
6.23363131709982543071646432508714497089385986328125
3.361173980798012106419037081650458276271820068359375
0.01237956387871669804157104266550959437154233455657958984375
5.65522644216097436498102979385294020175933837890625
3.44448721216925246579876329633407294750213623046875
5.35480184015380533679717700579203665256500244140625
5.85277626912476289788855865481309592723846435546875
5.83894402466848116972641946631483733654022216796875
0.72878378291092060781153350035310722887516021728515625
0.34834509126299295633799602001090534031391143798828125
0.2591243312969451206839721635333262383937835693359375
0.5973849723103386022415861589252017438411712646484375
0.64975137060962218082948993469472043216228485107421875
0.949429456121022585790569792152382433414459228515625
0.5861953653330893576622884211246855556964874267578125
0.6591911179289180466867037466727197170257568359375
0.641432831828218308345412879134528338909149169921875
0.2344737044696107997054923544055782258510589599609375
0.945373425700410052741062827408313751220703125
0.7880234014187117441707641773973591625690460205078125
0.9901261678850865610712617126409895718097686767578125
0.038444409164807021028753553082424332387745380401611328125
0.56269189741587821718127315762103535234928131103515625
0.0888755983155572748533046478769392706453800201416015625
0.79454343663274473730240288205095566809177398681640625
0.6350570012047220824769055980141274631023406982421875
0.006194619930439917120101878111881887889467179775238037109375
0.896864814635768947681526697124354541301727294921875
0.94919767135251209566604302381165325641632080078125
0.798878725990130877931960640125907957553863525390625
0.86691469320418068633671282441355288028717041015625
0.385244499140067253595276497435406781733036041259765625
0.4629630667450665981732527143321931362152099609375
0.31115263808106663478980635773041285574436187744140625
0.105426894084283573338467476787627674639225006103515625
0.9446654021482288055011622418533079326152801513671875
0.77243506106195736204966806326410733163356781005859375
0.8355870558114661950099844034411944448947906494140625
0.4167409396808319232974326951080001890659332275390625
0.6266026388046344042237478788592852652072906494140625
0.3616833437055737565657409504638053476810455322265625
0.2649521437776052312784713649307377636432647705078125
0.494101613058755939622557207258068956434726715087890625
0.0238239541760757352062416458693405729718506336212158203125
0.00811122777318173428240388744825395406223833560943603515625
0.97869232109686932208347798223257996141910552978515625
0.280772523153933029060880244287545792758464813232421875
0.38337344554410013319767358552780933678150177001953125
0.983655023380953341671784073696471750736236572265625
0.152072082344476167126146037844591774046421051025390625
0.793702123124945035925748015870340168476104736328125
0.1846349789689457898678170977291301824152469635009765625
0.07984729534007949103280310509944683872163295745849609375
0.9012641421990768009209205047227442264556884765625
0.94468468890743551025224178374628536403179168701171875
0.70787261086882680150011992736835964024066925048828125
0.7895264205474064045375826026429422199726104736328125
0.67424599624902292749339949295972473919391632080078125
0.1346417121284835538563839918424491770565509796142578125
0.7269273175517689811186983206425793468952178955078125
0.52077263012564400934678587873349897563457489013671875
0.017778860879027684471775927477210643701255321502685546875
0.06955645748859105859107643254901631735265254974365234375
0.54528074364423784192723587693762965500354766845703125
0.0956783900482945093290965132837300188839435577392578125
0.1422933978691200695987362223604577593505382537841796875
0.794090310015757694372950936667621135711669921875
0.455517696428819396370357708292431198060512542724609375
0.347150411618477872099930436888826079666614532470703125
0.3705258399110873401838261997909285128116607666015625
0.88464861916594605961705610752687789499759674072265625
0.5982031326732613063512644657748751342296600341796875
0.051223204960684852460328642109743668697774410247802734375
0.95780307285385346549588803100050427019596099853515625
0.970519079347382795930343490908853709697723388671875
0.32861785745649496615072848726413212716579437255859375
0.390350028122938230712435370151069946587085723876953125
0.29283686275260378817364426140557043254375457763671875
0.74754902522431176947748099337331950664520263671875
0.51311796648107377283309915583231486380100250244140625
0.5354704319198944073576740265707485377788543701171875
0.732607927980184481242531546740792691707611083984375
0.98233974165392101696170357172377407550811767578125
0.2034983468258280137064275550073944032192230224609375
0.544907462571238898618730672751553356647491455078125
0.62132525333265087308376450891955755650997161865234375
0.65242263751682949557419988195761106908321380615234375
0.10373112051921483389715916700879461131989955902099609375
0.491977514462535070460802444358705542981624603271484375
0.88951076049800537060008309708791784942150115966796875
0.74626458331302958359998456216999329626560211181640625
0.9537883032829446161571240736520849168300628662109375
0.56452533629002299431220990300062112510204315185546875
0.59652109658183583018598028502310626208782196044921875
0.08474277150106745981616995777585543692111968994140625
0.1553017758556184124696386561481631360948085784912109375
0.7650504278787646494919272299739532172679901123046875
0.94977394489095268159672968977247364819049835205078125
0.0760353273134843077318834048128337599337100982666015625
0.076880321873761869877483832169673405587673187255859375
0.72729647845369604919341099957819096744060516357421875
0.05049887162190809519746181877053459174931049346923828125
0.91773396074666357957738682671333663165569305419921875
0.0833649579823785291665672048111446201801300048828125
0.215764185514191242365455991603084839880466461181640625
0.8722080690191165164293352063396014273166656494140625
0.1910043359692228659429957815518719144165515899658203125
0.09864337933186599627344293139685760252177715301513671875
0.0726215369406256472384342259829281829297542572021484375
0.06760403284225800779605464185806340537965297698974609375
0.80480353897661138784513923383201472461223602294921875
0.777577511862654890961721321218647062778472900390625
0.1108155120680180960590632821549661457538604736328125
0.317244135456739073664067518620868213474750518798828125
0.880623748004726980553868997958488762378692626953125
0.807793629731886841938148791086860001087188720703125
0.0923300320712523714394848184383590705692768096923828125
0.987639341497625888877109900931827723979949951171875
0.01252249349491786796495507161353089031763374805450439453125
0.4197754675614533415028972740401513874530792236328125
0.04388001749472693335807349512833752669394016265869140625
0.1903154473706686056200254597570165060460567474365234375
0.11797990748564708696211056349056889303028583526611328125
0.9904140257231957011896383846760727465152740478515625
0.984123302616236372841740376316010951995849609375
0.3479657528679658273773611654178239405155181884765625
0.28092386679766878643249583547003567218780517578125
0.358780807516901223408467558328993618488311767578125
0.852894721018567114612096702330745756626129150390625
0.57859021871285054583466944677638821303844451904296875
0.07014939983847988391740813085561967454850673675537109375
0.341438694084733096456574230614933185279369354248046875
0.24467634933287107923405301335151307284832000732421875
0.172543424727648220251552402260131202638149261474609375
0.40008233459670206055847074821940623223781585693359375
0.4854855218368980818155478118569590151309967041015625
0.88430242886967136417553092542220838367938995361328125
0.67884670602104002501420154658262617886066436767578125
0.964759795910101303206829470582306385040283203125
0.1928837807815912130937618940151878632605075836181640625
0.727278789844028050737279045279137790203094482421875
0.73780993918786286211997094142134301364421844482421875
0.6663927983801778420769323929562233388423919677734375
0.399942035507383775172485229632002301514148712158203125
0.77261568967840432708982234544237144291400909423828125
0.25280598702505507890947455962304957211017608642578125
0.36491610219931047698338488771696574985980987548828125
0.005244521426616479374549495418023070669732987880706787109375
0.92332271622648587339199366397224366664886474609375
0.8667912943599704878039347022422589361667633056640625
0.7701068389090275356778647619648836553096771240234375
0.767367403380278201296960105537436902523040771484375
0.0280777844731126824395772700881934724748134613037109375
0.656691603202694818008922084118239581584930419921875
0.11547484021423144728846210682604578323662281036376953125
0.94172067797822911483507368757273070514202117919921875
0.39042491763384312708495826882426626980304718017578125
0.85095628716561766413661871411022730171680450439453125
0.77612136387085606248348312874441035091876983642578125
0.57610523448144324021313877892680466175079345703125
0.229430576427574528519670593595947138965129852294921875
0.39150214260048332715058450048672966659069061279296875
0.423155902150625318203225333490991033613681793212890625
0.2039391296934053021683297401978052221238613128662109375
0.57453461064702582294927424300112761557102203369140625
0.669883668734637893749095383100211620330810546875
0.42300723931892181273184405654319562017917633056640625
0.9990507164034296838650561767281033098697662353515625
0.8834651810505731450717803454608656466007232666015625
0.443922603709587193510088809489388950169086456298828125
0.505317703124749328935649828054010868072509765625
0.84169365132306406263040798876318149268627166748046875
0.06517389792258566905136518698782310821115970611572265625
0.95256033630695213787475950084626674652099609375
0.94354826069602193427954262006096541881561279296875
0.3900323148770408199226267242920584976673126220703125
0.3575767913635712336173355652135796844959259033203125
0.767325515284820180994529437157325446605682373046875
0.1782811215046239683434947664864012040197849273681640625
0.12721131142564645610804063835530541837215423583984375
0.041995068100278760969690239335250225849449634552001953125
0.09745718124204183485659314101212657988071441650390625
0.234346051809539102084301021022838540375232696533203125
0.91608733121123508968963733423152007162570953369140625
0.7522502172515961316179300411022268235683441162109375
0.1167512531935941677563306484444183297455310821533203125
0.74565321567731590590710766264237463474273681640625
0.15331054066927662926644870822201482951641082763671875
0.6510948425396787531127529291552491486072540283203125
0.65212237539334327873774554973351769149303436279296875
0.63453644729896285792136723102885298430919647216796875
0.76762193942797463108718147850595414638519287109375
0.82368914774790835675588596132001839578151702880859375
0.77284593217673058784811246368917636573314666748046875
0.50621209875969774838466719302232377231121063232421875
0.7547860014041820608809985060361213982105255126953125
0.697152223296999995483247403171844780445098876953125
0.01320947381351584258568632179731139331124722957611083984375
0.9487510807573567017669802226009778678417205810546875
0.049309507035328777047045178960615885443985462188720703125
