              -3390.1752439471
         -0.000080875      -0.000006014      -0.000008543
         -0.000006014      -0.000069689       0.000002467
         -0.000008543       0.000002467      -0.000126662
          64
  1     6       0.000486758      -0.001689249      -0.007515673  C
  1     6      -0.004786162      -0.008017075      -0.004875887  C
  2    40      -0.001138358       0.000115270       0.002699783  Zr
  1     6       0.049983051      -0.010193634       0.006322746  C
  2    40       0.078317235       0.026165283       0.075303903  Zr
  2    40       0.008495665      -0.027906136      -0.007074003  Zr
  1     6       0.000418904      -0.019229665       0.007416029  C
  2    40      -0.043268113       0.020609181      -0.073331795  Zr
  1     6       0.012938119       0.074439350       0.010477130  C
  1     6       0.001602779      -0.009753781      -0.007310461  C
  2    40       0.016786085       0.008462828       0.005220431  Zr
  1     6      -0.004909650      -0.008584136      -0.001516589  C
  2    40      -0.007624999       0.007182214       0.002554192  Zr
  2    40       0.005857256       0.010154578       0.015981005  Zr
  1     6      -0.002286836       0.005678615       0.005891643  C
  2    40       0.006501054      -0.017726013       0.010381628  Zr
  2    40       0.000610161      -0.014439345       0.015576628  Zr
  1     6       0.006810038      -0.007360829       0.001613379  C
  2    40       0.012271812       0.032913733       0.025327636  Zr
  1     6       0.019400060       0.013460028       0.011315519  C
  1     6       0.003622146      -0.002127402       0.006289203  C
  2    40      -0.000845285       0.006666507       0.006201988  Zr
  1     6      -0.065759747      -0.011429271       0.078582004  C
  2    40       0.043046251      -0.032586680      -0.155475729  Zr
  2    40      -0.008487093       0.010862694       0.014394517  Zr
  1     6      -0.014834807       0.004275770      -0.007285954  C
  2    40      -0.008232519      -0.021337379      -0.017831938  Zr
  1     6       0.001457637      -0.003257161      -0.005362238  C
  1     6      -0.006414363       0.002279943      -0.000511629  C
  2    40       0.002967646      -0.005623372      -0.011049273  Zr
  1     6      -0.004462708       0.000966491      -0.024201413  C
  2    40      -0.031010744       0.002547222       0.017566967  Zr
  1     6       0.007600095      -0.001187480       0.004470846  C
  2    40       0.001971009      -0.005125216      -0.012989822  Zr
  1     6      -0.013685717      -0.002178822      -0.007684308  C
  2    40       0.006300370      -0.004864497       0.005959105  Zr
  2    40      -0.014705455       0.019113835      -0.007977910  Zr
  1     6      -0.001212835      -0.004235959       0.000037578  C
  2    40       0.028257455       0.003236969       0.033714816  Zr
  1     6      -0.006065625      -0.002086108       0.003327398  C
  1     6       0.010454282      -0.005805665       0.007821599  C
  2    40       0.025425918       0.007826915       0.004753915  Zr
  1     6       0.003306197      -0.010387569      -0.013780820  C
  2    40      -0.012772638      -0.001935610       0.017193428  Zr
  2    40       0.004578252      -0.011094416      -0.012504824  Zr
  1     6      -0.004149011       0.009199460       0.009205781  C
  2    40       0.000951921      -0.007510917       0.006242769  Zr
  1     6       0.008758053       0.015108416      -0.000777372  C
  2    40      -0.010159429      -0.018480697      -0.020598681  Zr
  1     6      -0.000438775       0.006381036       0.005939928  C
  2    40      -0.030058905      -0.011797911       0.008055750  Zr
  1     6      -0.031645379       0.007388622       0.007706479  C
  1     6      -0.010120455      -0.013884467       0.018709350  C
  2    40      -0.001767022      -0.002887421      -0.023723163  Zr
  1     6       0.011398234      -0.003883766      -0.005160019  C
  2    40      -0.021460891       0.009748737      -0.019349865  Zr
  2    40      -0.000017515       0.000911328      -0.026653688  Zr
  1     6      -0.012824893      -0.002393038       0.006935519  C
  2    40       0.014084241       0.005952114       0.006437502  Zr
  1     6       0.007270098       0.000168728       0.009721527  C
  1     6      -0.007818873       0.000094527       0.024521892  C
  2    40      -0.005690634       0.000810871      -0.015009099  Zr
  1     6      -0.001367084      -0.000229215       0.005796405  C
  2    40      -0.011097928       0.000432424      -0.014783288  Zr
