603985340
5.7592610947285525213601431460119783878326416015625
6.13707096461607282122940887347795069217681884765625
1.858432759137304213226116189616732299327850341796875
0.75001841663266777260332673904486000537872314453125
1.68480640894043975919203148805536329746246337890625
1.246102770075672605543104509706608951091766357421875
1.3555672888610124093844433446065522730350494384765625
3.5870743291813358410990986158140003681182861328125
6.24701380787379445536089406232349574565887451171875
6.0821745277791503525577354594133794307708740234375
0.79925132412469446219205337911262176930904388427734375
2.7433649714711894063157160417176783084869384765625
1.3273014352881757904611959020257927477359771728515625
0.65950154257710080774046446094871498644351959228515625
5.6902837992854546911303259548731148242950439453125
2.12171058834885872812492380035109817981719970703125
5.84021724615954784809446209692396223545074462890625
4.02302651757615326033601377275772392749786376953125
4.01532678181646485171540916780941188335418701171875
2.904907044877601318688675746670924127101898193359375
0.197664253490035080051967497638543136417865753173828125
5.11483372628110632973630345077253878116607666015625
4.6497278188508932572631238144822418689727783203125
2.610350581789428137113873162888921797275543212890625
4.8307604902543221925270700012333691120147705078125
1.1048607243131518540479873990989290177822113037109375
1.663086262349569910412583340075798332691192626953125
1.718000634562132145077839595614932477474212646484375
2.891991347855721539161777400295250117778778076171875
3.348358958872443391641127163893543183803558349609375
1.785329865014967598568773610168136656284332275390625
1.1822641353035094891055223342846147716045379638671875
1.16248049726039681672773440368473529815673828125
2.75782651354553109968037460930645465850830078125
3.6951502841626453488288461812771856784820556640625
4.59475516690792940011078826501034200191497802734375
3.53055807630224105508887078030966222286224365234375
5.44604608000372802933952698367647826671600341796875
5.8451263457256406042006346979178488254547119140625
0.2274716131003135799470982192360679619014263153076171875
4.1825511655100608976454168441705405712127685546875
3.739528047433142265987271457561291754245758056640625
5.180558036123642295933677814900875091552734375
2.55283982549737675782353107933886349201202392578125
1.5518455620603435196613872903981246054172515869140625
4.08845392526886630690796664566732943058013916015625
5.088083031591121851988646085374057292938232421875
4.67953723532399035178741542040370404720306396484375
4.19282341052620122212601927458308637142181396484375
5.14518550500254345791972809820435941219329833984375
0.5337267072926523692188993663876317441463470458984375
5.4976029294156898430401270161382853984832763671875
0.59997365924783407908904564465046860277652740478515625
5.96138537582219196764299340429715812206268310546875
0.15048976243506473338129580952227115631103515625
4.5546162380276005166024333448149263858795166015625
1.238004023410134823990347285871393978595733642578125
3.89549305873059292792959240614436566829681396484375
1.1853023645301805633067715461947955191135406494140625
1.924740837661468528807517941459082067012786865234375
6.06634636859778897388650875655002892017364501953125
6.074323353665835867332134512253105640411376953125
5.00072752350270999244230551994405686855316162109375
4.838622326114592198109676246531307697296142578125
5.62485373785934594792479401803575456142425537109375
4.51515402579192137721975086606107652187347412109375
0.87419260010176980113527633875492028892040252685546875
3.939679925821055750390087268897332251071929931640625
2.106850058775356249185506385401822626590728759765625
1.63608096432307803524963674135506153106689453125
3.5235516847140804230775756877847015857696533203125
0.30719545208138276937148702927515842020511627197265625
1.918470881959748464140602663974277675151824951171875
4.8969324676579919497498849523253738880157470703125
4.36783609211410794870289464597590267658233642578125
5.84092117600628935036866096197627484798431396484375
0.268497465323959072502901790358009748160839080810546875
2.739055957974969590651426187832839787006378173828125
3.819549215736113279007213350269012153148651123046875
1.8964053228555803887189767920062877237796783447265625
4.99511551228085881604101814446039497852325439453125
3.036612792895784451729923603124916553497314453125
3.857945700929275911761351380846463143825531005859375
1.060289071732232191180855807033367455005645751953125
4.31098741450841504985191932064481079578399658203125
1.938950283840889188269329679314978420734405517578125
2.60388193548015234313197652227245271205902099609375
0.0297242014950369511094852015276046586222946643829345703125
0.1656489438084111920357344160947832278907299041748046875
1.3429407639298294174778902743128128349781036376953125
5.46514467447248986076147048152051866054534912109375
2.401296893708579460735563770867884159088134765625
0.2495505666824061885566976570771657861769199371337890625
4.7196818286231181360790287726558744907379150390625
0.151660532847273488155082077355473302304744720458984375
0.9471321301623050192830532978405244648456573486328125
0.461275897200363160788327832051436416804790496826171875
4.7328988575107615588422049768269062042236328125
4.6768523388490930159377967356704175472259521484375
4.0008320578342715378994398633949458599090576171875
2.20637266237246709721375736990012228488922119140625
4.25600824672832889206119943992234766483306884765625
1.9027427746715963596813026015297509729862213134765625
3.049422112366684256556936816195957362651824951171875
2.9292038173763952357830930850468575954437255859375
0.31869145440252655276935911388136446475982666015625
5.29303951915846848663704804494045674800872802734375
1.561620025793660548885100070037879049777984619140625
1.577155899794654647649849721346981823444366455078125
3.328504565333556985962104590726085007190704345703125
0.3310184029696399132802753229043446481227874755859375
0.59240717484422422689505083326366730034351348876953125
1.9761963156281148190629437522147782146930694580078125
5.11151590122547805350450289552100002765655517578125
4.8353086586721421014090083190239965915679931640625
3.074517801983042364355469544534571468830108642578125
2.485759697809073909269272917299531400203704833984375
5.568750615971392647907123318873345851898193359375
5.33307319400890111893431821954436600208282470703125
0.1737088909606769870919151799171231687068939208984375
0.444165004634589966059365906403400003910064697265625
4.0902548973825076927823829464614391326904296875
3.212388693474309331321592253516428172588348388671875
4.99660930670809566578327576280571520328521728515625
5.649991480518782083208861877210438251495361328125
0.2351757229850555130923339675064198672771453857421875
0.0343799616858419809783953269288758747279644012451171875
0.4901188836584247088268284642254002392292022705078125
6.15288893311010109954395375098101794719696044921875
2.380439628865328227647069070371799170970916748046875
2.14761213809198014956791666918434202671051025390625
5.463508309901015991272288374602794647216796875
0.219112873708068256473069368439610116183757781982421875
2.738689008381723244411887208116240799427032470703125
0.80087575128464905116487670966307632625102996826171875
1.2480924761764284891540910393814556300640106201171875
3.40479824470560377136507668183185160160064697265625
0.69905997678646070170316306757740676403045654296875
4.7070369967351037843172889552079141139984130859375
5.12354623144887710850525763817131519317626953125
1.45441254968453659301985680940560996532440185546875
3.77166775781647078957803387311287224292755126953125
6.18630485518904738029277723398990929126739501953125
3.499368788684335651595347371767275035381317138671875
3.580236123432962269674817434861324727535247802734375
4.477835477155554855244190548546612262725830078125
5.0515805454721967038267393945716321468353271484375
4.078034797425996060837860568426549434661865234375
2.124046807077307530420284820138476788997650146484375
4.53969418397139801157891270122490823268890380859375
3.445936402224282435469149277196265757083892822265625
4.1699633142811958208540090708993375301361083984375
4.84294873370676182133820475428365170955657958984375
0.901550979258125995130512819741852581501007080078125
4.2815072716363768989822347066365182399749755859375
1.0574583018440775195045944201410748064517974853515625
5.10063386514093419776827431633137166500091552734375
0.9415270297654554365607282306882552802562713623046875
2.807727398209607372336904518306255340576171875
4.7765766027774585467113865888677537441253662109375
4.03751893307361786611409115721471607685089111328125
5.832626480241675182014660094864666461944580078125
0.346199961137911682573786720240605063736438751220703125
1.793422291874407381584433096577413380146026611328125
4.16101447762371545735504696494899690151214599609375
5.39516932950301253413272206671535968780517578125
5.8377178359936312546096814912743866443634033203125
1.8913149209262110073126450515701435506343841552734375
1.8677853319260269149282294165459461510181427001953125
1.3810963942905851720155396833433769643306732177734375
2.53477781089133902270305043202824890613555908203125
5.60202712488331666662588759209029376506805419921875
0.9844954528693745654521762844524346292018890380859375
0.0727944905105826489677411927914363332092761993408203125
4.70126467309856277410062830313108861446380615234375
3.89700106979571447851640186854638159275054931640625
1.537412570295217495441875144024379551410675048828125
5.26151248179215880185211062780581414699554443359375
0.79073292185338595050581034229253418743610382080078125
4.35385929964834783589822109206579625606536865234375
0.8216806465865342801180304377339780330657958984375
6.27551297932509921650989781483076512813568115234375
0.46460536708389399418450693701743148267269134521484375
4.77369444935472220237215879024006426334381103515625
4.6765085004356468090236376156099140644073486328125
2.198497999646487510716497126850299537181854248046875
2.310160236854133852801851389813236892223358154296875
2.280327384433423087983783261734060943126678466796875
1.7777086762527385399579316072049550712108612060546875
0.80369323787665314373640512712881900370121002197265625
0.919307668232046015788228032761253416538238525390625
2.651386349671807973749082520953379571437835693359375
0.023746595263363139138856894305718014948070049285888671875
0.81803288954218522643913047431851737201213836669921875
0.324633196613114904938157678770949132740497589111328125
0.237052111065505111131557214321219362318515777587890625
0.27180554777002219335457766646868549287319183349609375
0.90684669693319441829970628532464616000652313232421875
0.07937343515426546758373405054953764192759990692138671875
0.1682457207554232947455119528967770747840404510498046875
0.3838877293206228724642414817935787141323089599609375
0.441573751364636113425632402140763588249683380126953125
0.88123005995584191563096965182921849191188812255859375
0.377384082589942992935760912587284110486507415771484375
0.84781057659900305178979351694579236209392547607421875
0.05697289577544335792413932040290092118084430694580078125
0.90575284925557342230462154475389979779720306396484375
0.82225166765146495695404382786364294588565826416015625
0.3144259091068180023142986101447604596614837646484375
0.2252782048775247292216050709612318314611911773681640625
0.75965369574709507016763154751970432698726654052734375
0.90720437462777103743150064474320970475673675537109375
0.66065373209335553905674487396026961505413055419921875
0.2472044780138900887944686246555647812783718109130859375
0.384951682474907352915494129774742759764194488525390625
0.73427029500448626198050305902143009006977081298828125
0.38345834025342873108144203797564841806888580322265625
0.8960442114137319169486772807431407272815704345703125
0.61246414231716850284925612868391908705234527587890625
0.47593498438407433326347018009983003139495849609375
0.3783912246014882185818350990302860736846923828125
0.36591151373736163776584362494759261608123779296875
0.87058860849150854210876104843919165432453155517578125
0.2136435174446755513866236242392915301024913787841796875
0.8284477385824768891353642175090499222278594970703125
0.82407362378392068347210397405433468520641326904296875
0.90125203873089143602470585392438806593418121337890625
0.6195606769153665371874240008764900267124176025390625
0.545329069041334602019333033240400254726409912109375
0.301932937140545309961936482068267650902271270751953125
0.28221535323290869445855832964298315346240997314453125
0.6991201633117720692922603120678104460239410400390625
0.2120472775828313449775208709979779087007045745849609375
0.93036209369560796123010959490784443914890289306640625
0.8685926682635176643287877595867030322551727294921875
0.284786138816171374710251029682694934308528900146484375
0.93920495823920002731455269895377568900585174560546875
0.53112796579074483815929852426052093505859375
0.83886083394235966270713333869935013353824615478515625
0.9948080838633739375609366106800734996795654296875
0.1836932055576207256653020749581628479063510894775390625
0.25541000545742453819997308528400026261806488037109375
0.55015970512766376732116668790695257484912872314453125
0.6468510141814365344004045255132950842380523681640625
0.7417358368363864418171260695089586079120635986328125
0.0257695252195790057425650587674681446515023708343505859375
0.98498718300135212899704129085876047611236572265625
0.6896248835556324507933823042549192905426025390625
0.320054062791193860704197504674084484577178955078125
0.0215458800185219755130017205146941705606877803802490234375
0.026284053933938990310625882784734130837023258209228515625
0.435630622988394777816978375994949601590633392333984375
0.95702967185388765347653361459379084408283233642578125
0.77528257843818637606858601429848931729793548583984375
0.71153007201455997776662343312636949121952056884765625
0.463199077389761348921837225134368054568767547607421875
0.58897236901753224902478223157231695950031280517578125
0.98016852139503163332534541041241027414798736572265625
0.5935797652199770180203586278366856276988983154296875
0.2346208473828718388265457406305358745157718658447265625
0.57580348596712738196146119662444107234477996826171875
0.3592667916599971977831273761694319546222686767578125
0.985280062065124528913884205394424498081207275390625
0.75782512862134032705085928682819940149784088134765625
0.66887865153554759700682552647776901721954345703125
0.4939808554453686273433277165167964994907379150390625
0.085703027474555659726007661447511054575443267822265625
0.6606517176426256465759934144443832337856292724609375
0.89637006721290302113658299276721663773059844970703125
0.83862320465902950861192266529542393982410430908203125
0.2060249569853883910841574333971948362886905670166015625
0.50312341586832121098638026523985899984836578369140625
0.0204313639646542082040081567129163886420428752899169921875
0.93412939968245545241387617352302186191082000732421875
0.11031147144283702521416756781036383472383022308349609375
0.94932673124099464789793501040549017488956451416015625
0.4291406201334393433199920764309354126453399658203125
0.2469056254471212741297136972207226790487766265869140625
0.357485197185298975153244782632100395858287811279296875
0.7197548061235596872364794762688688933849334716796875
0.78410176270832387945830532771651633083820343017578125
0.7215265537246720040087666347972117364406585693359375
0.143347139537030432432374027484911493957042694091796875
0.912537489511322963409156727720983326435089111328125
0.81811256651678709861386096235946752130985260009765625
0.6476173450460738223455336992628872394561767578125
0.052982974822159377426000759214730351231992244720458984375
0.81913484950509618531810929198400117456912994384765625
0.6340326972464251920058586620143614709377288818359375
0.68742546843710605752875153484637849032878875732421875
0.92201449625287879019452930151601321995258331298828125
0.430459125633565309332340120818116702139377593994140625
0.94534572164776997649227041620179079473018646240234375
0.7655757976535595421552216066629625856876373291015625
0.682095504683486897334887544275261461734771728515625
0.32919476662259306021240945483441464602947235107421875
0.6990662648803862566637690179049968719482421875
0.33600205757469037148865709241363219916820526123046875
0.432899591248901371987045649802894331514835357666015625
0.882130610701688855357360807829536497592926025390625
0.99970024079070440858885149282286874949932098388671875
0.275149681267863932543349392290110699832439422607421875
0.68048871573083513641932995597016997635364532470703125
0.126097554399677347358732504289946518838405609130859375
0.84754877949485030175225119819515384733676910400390625
0.05886558073519988776300948529751622118055820465087890625
0.45027522204922287851758255783352069556713104248046875
0.12071839073706343292702314329289947636425495147705078125
0.1666894569837904793718763585275155492126941680908203125
0.69845186206440057485878014631452970206737518310546875
0.371624791702080903288418767260736785829067230224609375
0.31498222859342683843664190135314129292964935302734375
0.07836794903425869929236569078057073056697845458984375
0.9131044605342226727628940352587960660457611083984375
0.899523833254130433800810351385734975337982177734375
0.76227969804884854188031795274582691490650177001953125
0.324983025586690288388780345485429279506206512451171875
0.95190728872637608848350510015734471380710601806640625
0.1317139096240112217106599246108089573681354522705078125
0.319993153363463067595517941299476660788059234619140625
0.89152786642849812803746090139611624181270599365234375
0.748825964400929411368679211591370403766632080078125
0.86818344046742812469830141708371229469776153564453125
0.73742403170905268527945963796810247004032135009765625
0.75583854352861579162237148921121843159198760986328125
0.8836578586528347489803536518593318760395050048828125
0.463522522460446950720580616689403541386127471923828125
0.1981543908818412524919239103837753646075725555419921875
0.84962437341437879734229454697924666106700897216796875
0.05315801131220442010683058242648257873952388763427734375
0.90649392172065279549286742621916346251964569091796875
0.6483722793163602116095489691360853612422943115234375
0.852867088677765394777452456764876842498779296875
0.2369486876935459063187039419062784872949123382568359375
0.67828441116878968042414044248289428651332855224609375
0.96384368742063808443987227292382158339023590087890625
0.93580057515567194315053711761720478534698486328125
0.91161536514368624040116628748364746570587158203125
0.58221400602823780712213874721783213317394256591796875
0.83885691214299618057026464157388545572757720947265625
0.084915290160530842999975220664055086672306060791015625
0.46551588385622755250636828350252471864223480224609375
0.921154857576431229659874588833190500736236572265625
0.0903282836500221286701872713820193894207477569580078125
0.7749291256884713874342196504585444927215576171875
0.5199274367279966835297955185524187982082366943359375
0.95892400478894079807190564679331146180629730224609375
0.912899993785144747704407564015127718448638916015625
0.76857928408709319523239855698193423449993133544921875
0.79637209130282149427415561149246059358119964599609375
0.7067905220700383406295941313146613538265228271484375
0.0166759714561868326032634257671816158108413219451904296875
0.47288542914804321259936159549397416412830352783203125
0.4465751114518266007280544727109372615814208984375
0.57733073298695070096897552502923645079135894775390625
0.39315198426747322013596885881270281970500946044921875
0.00794679345933105470145552118310661171562969684600830078125
0.21068383530279799487061609397642314434051513671875
0.52233814286176960539620495183044113218784332275390625
0.69988088156091088354315843389485962688922882080078125
0.444498414380707973503348284793901257216930389404296875
0.97869031549370399947207488366984762251377105712890625
0.38810803433326446221229844013578258454799652099609375
0.21521351170503233429798228826257400214672088623046875
0.0414389898262168265841154379813815467059612274169921875
0.603551012744917958485757480957545340061187744140625
0.7718013812656521199784265263588167726993560791015625
0.390820608656304246952828407302149571478366851806640625
0.54851832033531666699133211295702494680881500244140625
0.299786245589976296788137233306770212948322296142578125
0.12282774323729227228252369741312577389180660247802734375
0.7880950764697487453958046899060718715190887451171875
0.551606097981150345077594465692527592182159423828125
0.059876187732385559303605049308316665701568126678466796875
0.299791030725366891562799764869851060211658477783203125
0.3712115093931609433042240198119543492794036865234375
0.97956538758220401685861133955768309533596038818359375
0.147711863810062349333662723438465036451816558837890625
0.241492133234391059826151604283950291574001312255859375
0.524360739404503561900128261186182498931884765625
0.37451097852294845669263168019824661314487457275390625
0.031160635422524361748397581095559871755540370941162109375
0.74813873588486512478112899771076627075672149658203125
0.390999170202295853737695097152027301490306854248046875
