              -3390.1124805586
         -0.000146053      -0.000005473      -0.000004602
         -0.000005473      -0.000152726       0.000006819
         -0.000004602       0.000006819      -0.000201030
          64
  1     6      -0.008631637       0.003793542      -0.001806450  C
  1     6       0.002518919      -0.005914881      -0.006990046  C
  2    40      -0.027197666       0.013273653       0.004996182  Zr
  1     6       0.022068620      -0.047210979       0.000802678  C
  2    40       0.029342452       0.100066952      -0.096085307  Zr
  2    40       0.011291224      -0.019031570      -0.000159219  Zr
  1     6      -0.008098046       0.000333253      -0.010070010  C
  2    40      -0.073473823       0.032476915       0.054681063  Zr
  1     6      -0.007341915       0.011296087       0.103051034  C
  1     6      -0.010388883      -0.007306343      -0.005012706  C
  2    40       0.014943528       0.010265317      -0.000436156  Zr
  1     6       0.003314068       0.006148702      -0.025132472  C
  2    40       0.004824376      -0.023473748      -0.050568495  Zr
  2    40      -0.009616786      -0.024797479       0.039410337  Zr
  1     6       0.005546371       0.004847978       0.005511138  C
  2    40      -0.017631286      -0.001097087       0.024777771  Zr
  2    40       0.000874601      -0.009476444       0.012637446  Zr
  1     6       0.018281803       0.004716180       0.001467919  C
  2    40       0.098832255      -0.011298744       0.013664319  Zr
  1     6      -0.037969100      -0.017189743      -0.025837905  C
  1     6      -0.002921142      -0.011635281       0.012062627  C
  2    40       0.005088215       0.008092293       0.002400602  Zr
  1     6       0.062985493       0.088597872      -0.088905104  C
  2    40      -0.095792878      -0.086502071      -0.030180212  Zr
  2    40       0.001157738      -0.002154756      -0.004652932  Zr
  1     6      -0.005933225      -0.003086052      -0.002988918  C
  2    40       0.004229278       0.003144336      -0.011072385  Zr
  1     6       0.017374500      -0.001269584      -0.000406714  C
  1     6       0.017980147      -0.006613326       0.008643237  C
  2    40      -0.013754916       0.015974171       0.000427311  Zr
  1     6       0.003469057      -0.007365737       0.031839571  C
  2    40       0.008874471       0.012186228       0.014773921  Zr
  1     6       0.003293270       0.000221543      -0.014089951  C
  2    40      -0.017079366       0.005315892      -0.016214897  Zr
  1     6      -0.012159170       0.008286747       0.001607492  C
  2    40       0.026629389      -0.011749516       0.039744488  Zr
  2    40       0.012541585       0.000367448      -0.000140228  Zr
  1     6      -0.003694333      -0.002807548       0.018527444  C
  2    40       0.018222877       0.010859455      -0.005298278  Zr
  1     6       0.022626654      -0.003098271      -0.008420776  C
  1     6      -0.000699351      -0.017851555       0.002596429  C
  2    40       0.009507627       0.010192129      -0.025292060  Zr
  1     6      -0.000106280      -0.017636282       0.004176176  C
  2    40      -0.001658809       0.019105983      -0.006847858  Zr
  2    40      -0.001671001       0.013972971       0.000278856  Zr
  1     6       0.000654729      -0.004992636       0.021041497  C
  2    40      -0.016955508       0.004503437      -0.015457383  Zr
  1     6      -0.015543587       0.002348661      -0.007770349  C
  2    40      -0.011003635      -0.042728324       0.014136475  Zr
  1     6       0.008173588       0.002687539      -0.001390261  C
  2    40      -0.004211206      -0.024649933      -0.003300795  Zr
  1     6       0.005267435       0.002085266      -0.002771523  C
  1     6       0.000013557       0.007414774      -0.001740904  C
  2    40      -0.010611641      -0.005107348      -0.007775348  Zr
  1     6      -0.014264823      -0.005496592       0.006790768  C
  2    40       0.003546460       0.002322981       0.012712020  Zr
  2    40       0.014362544       0.010035868       0.003484122  Zr
  1     6      -0.013117898       0.002223161      -0.000802594  C
  2    40       0.006212567      -0.007966797       0.003070789  Zr
  1     6       0.001688462       0.000766255      -0.007024823  C
  1     6       0.004665832       0.016214328      -0.006008498  C
  2    40      -0.004313266      -0.007362026      -0.012718279  Zr
  1     6      -0.003751360       0.014153662      -0.001914675  C
  2    40      -0.019294011      -0.010103173       0.044487966  Zr
