2003470294
0.411147786248696689437309714776347391307353973388671875
3.93851749696772923670096133719198405742645263671875
0.07766466182661223294214636325705214403569698333740234375
0.92663481046054141376799861973267979919910430908203125
2.907793206695871379707796222646720707416534423828125
1.975265890952822456227977454545907676219940185546875
1.772635279283111042758491748827509582042694091796875
0.9923458223777463782511176759726367890834808349609375
2.03030105338527189218211788102053105831146240234375
4.5261144684337892840630956925451755523681640625
2.09739260061209353835920410347171127796173095703125
2.614350896164442161762053729034960269927978515625
5.30648897939622354869015907752327620983123779296875
6.265721659849685210019742953591048717498779296875
4.54479134165645337617434051935561001300811767578125
4.84297417677797881196966045536100864410400390625
3.24355845406170661959777135052718222141265869140625
2.015027144124554414617023212485946714878082275390625
3.3368820739647464534982646000571548938751220703125
2.65056795233711373072083006263710558414459228515625
5.7886034160884367594235300202853977680206298828125
1.7142023082120221300073126258212141692638397216796875
1.65118727291123956746332623879425227642059326171875
1.689483068378911045925860889838077127933502197265625
2.74129978757510261999641443253494799137115478515625
1.749828731691442929019331131712533533573150634765625
5.70306278953875445125731857842765748500823974609375
6.1392805209714680358956684358417987823486328125
0.6256741279752600082275648674112744629383087158203125
6.0965369220436542718744021840393543243408203125
5.158136993778125400922363041900098323822021484375
3.8432192946110266262849108898080885410308837890625
0.87144686671566906621677617295063100755214691162109375
5.4397332666539863765819973195903003215789794921875
2.5167230933206763410225903498940169811248779296875
4.16981892134103393487976063624955713748931884765625
0.1497644593551997471703174369395128451287746429443359375
3.30019460185482405023549290490336716175079345703125
2.307384057216987915950312526547349989414215087890625
5.4824400644146233929632217041216790676116943359375
4.9220899041205985469105144147761166095733642578125
3.6041909300534502591517593828029930591583251953125
5.3132631210361136453457220341078937053680419921875
2.78514855966849506074822784285061061382293701171875
3.298917728920234271328126851585693657398223876953125
4.82621741864308706482233901624567806720733642578125
0.9716406717562742212379589545889757573604583740234375
4.2923795676123557285563947516493499279022216796875
1.9613125490638572134827199988649226725101470947265625
6.05141648207819482507829889073036611080169677734375
5.25604345033160580413778006914071738719940185546875
0.2169915459419737846502584943664260208606719970703125
3.5388860271206112884101457893848419189453125
0.9235743419532440601216194409062154591083526611328125
2.22367851803053273584964699693955481052398681640625
4.61176862912968932306512215291149914264678955078125
1.0719125966222595724985922061023302376270294189453125
5.20455051581048255826544846058823168277740478515625
5.39306040728222146896086997003294527530670166015625
6.0409276666697468982647478696890175342559814453125
4.30501395133945496951355380588211119174957275390625
4.58266225597497811605762763065285980701446533203125
0.687025889789437460564158755005337297916412353515625
0.83655686156767206096418476590770296752452850341796875
6.04078405492783954144897506921552121639251708984375
0.843188778311991793401602990343235433101654052734375
4.542838141213422886721673421561717987060546875
4.13626480909457683310392894782125949859619140625
4.5773664779024354487546588643454015254974365234375
1.361623646819959621012685602181591093540191650390625
5.18266825741568748497911656158976256847381591796875
1.3804428151582619488380032635177485644817352294921875
1.6229812322069510077682252813247032463550567626953125
0.07338596877048302047352734689411590807139873504638671875
2.008321800596049921949770578066818416118621826171875
3.141649172765790698491628063493408262729644775390625
4.41508811490139141398003630456514656543731689453125
5.3068050750312334429281690972857177257537841796875
4.03298264647642934477289600181393325328826904296875
1.46726714354412290930440576630644500255584716796875
0.4649646743930995196336652952595613896846771240234375
2.521038297886203150000028472277335822582244873046875
3.370636251961752538619521146756596863269805908203125
0.52315637808888293402986846558633260428905487060546875
5.433956960954436254951360751874744892120361328125
2.18267711994548374576652349787764251232147216796875
1.574987000858490748811391313211061060428619384765625
4.3048354694822332788817220716737210750579833984375
3.86492796607249022855512521346099674701690673828125
3.9308245696287773540689158835448324680328369140625
4.209349773692945717584734666161239147186279296875
5.903400218604044624726157053373754024505615234375
2.23041456528366399680862741661258041858673095703125
1.1601812932851647275356299360282719135284423828125
4.78719662438251081226781025179661810398101806640625
3.770793310238525375410745255067013204097747802734375
4.93790436161123835745456744916737079620361328125
3.976778811456295859017018301528878509998321533203125
0.382764115105507840564058597010443918406963348388671875
3.690172737585506457236306232516653835773468017578125
0.10152991445402080594728744245003326795995235443115234375
3.8669756885783943545220608939416706562042236328125
3.152784495560571276229211434838362038135528564453125
4.874485148377953436238385620526969432830810546875
6.26684729923917860361370912869460880756378173828125
0.3245916253757645808519782804069109261035919189453125
3.311412857475462434564406066783703863620758056640625
0.2510790556747874990861646438133902847766876220703125
4.8718265346892497547059974749572575092315673828125
5.52203933451921979980170362978242337703704833984375
4.03870878871507610341495819739066064357757568359375
2.344813854921534268527238964452408254146575927734375
3.018293652882472866139096367987804114818572998046875
4.71878316097346850455096500809304416179656982421875
4.53834255592300817028217352344654500484466552734375
2.934593541122088478090290664113126695156097412109375
1.715435153164128312397451736615039408206939697265625
0.03320408276370390154852429986931383609771728515625
2.4070097848352727254450655891560018062591552734375
5.602746810357761120258146547712385654449462890625
1.1466283462225514977461671151104383170604705810546875
0.30049825115490180760247085345326922833919525146484375
5.87214497971333404535698718973435461521148681640625
3.71668332353130370648841562797315418720245361328125
1.962837658715477662241255529806949198246002197265625
1.5534387705485077635358948100474663078784942626953125
5.96518470280826829110765174846164882183074951171875
2.41178899190519491213535729912109673023223876953125
3.93665999184787107623151314328424632549285888671875
6.10135082075288526226586327538825571537017822265625
2.973157448511801970170154163497500121593475341796875
0.5485044152220712732059837435372173786163330078125
3.271142985723783258578123422921635210514068603515625
3.273626950400629453952205949462950229644775390625
5.4893977320532680863607311039231717586517333984375
1.7856392517076702386447095705079846084117889404296875
2.23734159064024229479628047556616365909576416015625
4.81088197904799752535609513870440423488616943359375
2.63771481261809714879973398637957870960235595703125
0.0039021818303231069376135753401513284188695251941680908203125
5.19991736062982301547208408010192215442657470703125
4.3189136158382925856358269811607897281646728515625
5.45559357784887222209135870798490941524505615234375
1.2990245103513224922409108330612070858478546142578125
1.2949041576963138400202524280757643282413482666015625
5.30088551746762259853085197391919791698455810546875
3.86994908712750884660636074841022491455078125
2.673468904958209435562821454368531703948974609375
0.1479131306754682129156464043262531049549579620361328125
0.25287424048451090374811656147358007729053497314453125
2.257099010265556149334997826372273266315460205078125
5.9901516410045569926978714647702872753143310546875
4.12465099798058876245931969606317579746246337890625
0.037556571259373693061345278465523733757436275482177734375
0.479043019706017425551891619761590845882892608642578125
5.07973297900642517532787678646855056285858154296875
1.5987997054685276765439994051121175289154052734375
4.277691837922258599746783147566020488739013671875
3.5629785996623670740746092633344233036041259765625
3.880276250088307232744000430102460086345672607421875
0.41072107352611642028250571456737816333770751953125
2.8427590606409598450454723206348717212677001953125
2.464181097319785518351409336901269853115081787109375
5.13857693057908004874434482189826667308807373046875
5.18013852095800775288125805673189461231231689453125
1.9662197907239902239240336712100543081760406494140625
1.146779366181608139640957233496010303497314453125
5.6484928321293619291054710629396140575408935546875
6.19103445178109978996872087009251117706298828125
5.75061087476088328429568719002418220043182373046875
5.727508156478432255198640632443130016326904296875
6.06585254889712199855011931504122912883758544921875
1.3794345427603520448656126973219215869903564453125
1.8143305423385227559407439912320114672183990478515625
3.353890129241289486117238993756473064422607421875
3.517110596855563375839892614749260246753692626953125
2.309397957056921857343922965810634195804595947265625
1.7620960604951940720042102839215658605098724365234375
5.59291232016985606634307259810157120227813720703125
1.1024879794461248661008312410558573901653289794921875
6.0089388621378656551996755297295749187469482421875
5.6439177694255899808695176034234464168548583984375
4.741893904824497241179415141232311725616455078125
6.1439632924816702796988465706817805767059326171875
4.41208940201785093648823021794669330120086669921875
5.03663522224104109881182012031786143779754638671875
3.87536211223235316225554925040341913700103759765625
4.89953481751740493876923210336826741695404052734375
2.596476249180034390207083561108447611331939697265625
3.91402449448958744682158794603310525417327880859375
6.12528684935692080415492455358617007732391357421875
3.431792278262892903484271300840191543102264404296875
0.6696027795176966446177857505972497165203094482421875
0.53193932051395032001295248846872709691524505615234375
0.1334634684647728886108808410426718182861804962158203125
0.893261915488756219616561793372966349124908447265625
0.453104806809269289313846229561022482812404632568359375
0.27895283106665724748296497637056745588779449462890625
0.526570293831904567838364528142847120761871337890625
0.065481066268627097226584510281099937856197357177734375
0.00553089753050864559036359224819534574635326862335205078125
0.692566826796423118395296114613302052021026611328125
0.918427561837447559156544230063445866107940673828125
0.20699503049580147973074417677707970142364501953125
0.404998369703534255581445222560432739555835723876953125
0.2180694007398883693671365335831069387495517730712890625
0.84662558270926846493154016570770181715488433837890625
0.788762210769933691523192464956082403659820556640625
0.3976178087283008810715045910910703241825103759765625
0.52858907707435498490866621068562380969524383544921875
0.468180041512558264837906563116121105849742889404296875
0.99387094005656939632586954758153297007083892822265625
0.73622432338829357778564599357196129858493804931640625
0.2034085156411903627660109350472339428961277008056640625
0.430760514191705967679268951542326249182224273681640625
0.585927066200378821037020315998233854770660400390625
0.9892430733839250311945079374709166586399078369140625
0.77010181256109000447196422101114876568317413330078125
0.69458076110788657953065694528049789369106292724609375
0.75222458725433083426281655192724429070949554443359375
0.97431741839941465865848613248090259730815887451171875
0.8229051385181513911248885051463730633258819580078125
0.74107726790992412002623268563183955848217010498046875
0.33717136240432565852387369886855594813823699951171875
0.93236887964064674161335233293357305228710174560546875
0.6697763538312988540468495557433925569057464599609375
0.2876114311104693843645918605034239590167999267578125
0.321833769009371162272969968398683704435825347900390625
0.936471065011094783159251164761371910572052001953125
0.28663037125329970944420665546203963458538055419921875
0.7941318665603789295204251175164245069026947021484375
0.803522990925015445640156031004153192043304443359375
0.1510513295191579230536405020757229067385196685791015625
0.69104557423435408747280916941235773265361785888671875
0.5507216460773356470070893919910304248332977294921875
0.94521122097280396712193351049791090190410614013671875
0.4135641485515815229945246755960397422313690185546875
0.3459820641884496783546865117386914789676666259765625
0.379783707847718032812878163895220495760440826416015625
0.293336492634069412321906611396116204559803009033203125
0.54891386560579480402566332486458122730255126953125
0.71270150864156966985518693036283366382122039794921875
0.62676014035323646123032403920660726726055145263671875
0.86036105121502703951819057692773640155792236328125
0.55977756230150232941156218657852150499820709228515625
0.930462783635809476123768035904504358768463134765625
0.0195488589906826874809109284569785813800990581512451171875
0.1372843678748627838093199216018547303974628448486328125
0.307610577115607741749414572041132487356662750244140625
0.01623227867122380152498095640112296678125858306884765625
0.271600102666579246157851912357727997004985809326171875
0.383371286738371119806600972879095934331417083740234375
0.729559859134983224038251137244515120983123779296875
0.839805667214005069354243460111320018768310546875
0.41250677751959619055099892648286186158657073974609375
0.42149615400540463294731807764037512242794036865234375
0.0962550063134427202893306230180314742028713226318359375
0.797945940307316359252354232012294232845306396484375
0.1687329398322538198673470333233126439154148101806640625
0.286246351099687768027024503680877387523651123046875
0.8052984135250087494029003210016526281833648681640625
0.0824199300643149446177204708874342031776905059814453125
0.95069490883066076758467488616588525474071502685546875
0.99544746149119334166499584171106107532978057861328125
0.048034239582733360973687553041600040160119533538818359375
0.1166377086735506107828541644266806542873382568359375
0.97312323980644499510361811189795844256877899169921875
0.004798593001812041271281206178400680073536932468414306640625
0.229362346804403871569633110993891023099422454833984375
0.81202666545846813317410806121188215911388397216796875
0.9777464205295529620087791045079939067363739013671875
0.60328976744939100118614305756636895239353179931640625
0.367720481645185726105040657785139046609401702880859375
0.7970165730440135209988739006803371012210845947265625
0.059542698347728094387942832099724910221993923187255859375
0.26496392314553440794355765319778583943843841552734375
0.2999720579478759585612124283215962350368499755859375
0.68968838392276710091977065530954860150814056396484375
0.567088151614688396051633390015922486782073974609375
0.50897245272480529099112800395232625305652618408203125
0.696815585110716284589216229505836963653564453125
0.9347567339123956653423874740838073194026947021484375
0.12561915681027768787458853694261051714420318603515625
0.372621922927266868708073843663441948592662811279296875
0.784159587130024871015621101832948625087738037109375
0.99685062840434290887259294322575442492961883544921875
0.4181714069182851378769782968447543680667877197265625
0.8359074335712508574403045713552273809909820556640625
0.0013761026791185618743662555374385192408226430416107177734375
0.3223453095752490948910917722969315946102142333984375
0.7161869298276430928495983607717789709568023681640625
0.92575991289958359242717733650351874530315399169921875
0.93469308639629422597039365427917800843715667724609375
0.26682595455405577755669810358085669577121734619140625
0.300584141304988505805084741950850002467632293701171875
0.11690362827708182524855118344930815510451793670654296875
0.401408568211555738525220249357516877353191375732421875
0.66733855040154355098280802849330939352512359619140625
0.991215689103685182459457791992463171482086181640625
0.88200922910217627315176969204912893474102020263671875
0.2246090607832228192020096457781619392335414886474609375
0.53728128296196520086169812202570028603076934814453125
0.479000252428930350934166426668525673449039459228515625
0.4286723562649787933054312816238962113857269287109375
0.006112722217157819624977488359718336141668260097503662109375
0.541295156134895538713180940249003469944000244140625
0.3383268985610115020534749419311992824077606201171875
0.73845863982031989536380933714099228382110595703125
0.0825033644598458792973616482413490302860736846923828125
0.77480122203696577543041712488047778606414794921875
0.781083001187575565182896752958185970783233642578125
0.38048723171487786043343248820747248828411102294921875
0.94336521250352500800318011897616088390350341796875
0.709519294886626017415665046428330242633819580078125
0.0877862549795705160438075154161197133362293243408203125
0.709956176909597669322238289169035851955413818359375
0.47038838056399878695401639561168849468231201171875
0.9551757843956238946958592350711114704608917236328125
0.6204261754734563538704605889506638050079345703125
0.42976498763531678637406230336637236177921295166015625
0.1348658060351693166456499284322489984333515167236328125
0.34883854973541505994916178678977303206920623779296875
0.438115211873368937123274236000725068151950836181640625
0.74621268955348651896741785094491206109523773193359375
0.09258178346444935480352711465457105077803134918212890625
0.9037060825637104333196703009889461100101470947265625
0.412718761904499853443439860711805522441864013671875
0.056156353585494846181180861321990960277616977691650390625
0.33201909592934841786160404808470048010349273681640625
0.29066487508391258831608183754724450409412384033203125
0.35720417199526177665092063762131147086620330810546875
0.732200667603034816011131624691188335418701171875
0.2478585109337505532067780222860164940357208251953125
0.77698118508652835867422936644288711249828338623046875
0.07122459126227749515170017957643722184002399444580078125
0.494823584097821067562250618721009232103824615478515625
0.1778063155607349787867832446863758377730846405029296875
0.679283102824950191234165686182677745819091796875
0.9309593229233097400054930403712205588817596435546875
0.1365401033016574172673784914877614937722682952880859375
0.94650970350322760626937679262482561171054840087890625
0.8972058910397839870398684070096351206302642822265625
0.3244394996782948847879879394895397126674652099609375
0.7153124393500911448739998377277515828609466552734375
0.71903789309739973845125859952531754970550537109375
0.07626394651656222267721574326060363091528415679931640625
0.006598365496191366773304221027274252264760434627532958984375
0.90383461718626068037707455005147494375705718994140625
0.495841065186933160902071904274635016918182373046875
0.12274156237148751980026162300418945960700511932373046875
0.88756197406331172050641953319427557289600372314453125
0.773156054677980097977751938742585480213165283203125
0.461227279836883441443973197237937711179256439208984375
0.68128981659248932789552100075525231659412384033203125
0.8779349489500443137757201839121989905834197998046875
0.415727708682291086095261789523647166788578033447265625
0.85807610575951454023879705346189439296722412109375
0.18367311692967691616473757676430977880954742431640625
0.266295843881692639865121918774093501269817352294921875
0.83897420057979144036863772271317429840564727783203125
0.90496287024811039589877736943890340626239776611328125
0.06157580114043122165856658511984278447926044464111328125
0.72370276121595067397862521829665638506412506103515625
0.166018111708582438712511475387145765125751495361328125
0.64622621966815840810482995948405005037784576416015625
0.78660948331775581987557188767823390662670135498046875
0.9063248210150398609386002135579474270343780517578125
0.599156482424194170022246908047236502170562744140625
0.01220469410168225667112640309142079786397516727447509765625
0.75973870361211648383203964840504340827465057373046875
0.09827621797950762683182546197713236324489116668701171875
0.71458429503933729165510158054530620574951171875
0.4884000115508213557546923766494728624820709228515625
0.1388679282455090036041411849510041065514087677001953125
0.79724296824878215783627410928602330386638641357421875
0.74002959194594508662845555591047741472721099853515625
0.8930802763873153526930082080070860683917999267578125
0.6137670737755331895613153392332606017589569091796875
0.76701581094740689525934840276022441685199737548828125
0.83632686354048868526689375357818789780139923095703125
0.0685448600298468324609757473808713257312774658203125
0.94703022341571296838225180181325413286685943603515625
0.1827018834569965888281473098686547018587589263916015625
0.34242178143114865296325888266437686979770660400390625
