              -3390.1108295500
         -0.000176677      -0.000007510      -0.000011824
         -0.000007510      -0.000169230       0.000011212
         -0.000011824       0.000011212      -0.000208997
          64
  1     6       0.012638524      -0.022253371       0.016794620  C
  1     6      -0.001477433       0.017833477       0.006568310  C
  2    40      -0.010809247       0.014552702       0.016223590  Zr
  1     6       0.037156289      -0.037740653      -0.077701418  C
  2    40       0.096162032      -0.000302757      -0.027988474  Zr
  2    40       0.002546733       0.025161660      -0.013681785  Zr
  1     6       0.010586495       0.016415502      -0.008839647  C
  2    40      -0.066741156      -0.020078100      -0.075475557  Zr
  1     6       0.035593652      -0.026385973      -0.004678970  C
  1     6      -0.012083860      -0.003059309      -0.005833973  C
  2    40      -0.013514248      -0.015045092       0.008532082  Zr
  1     6      -0.001574809      -0.006195435      -0.003429014  C
  2    40       0.026888668      -0.004219051       0.015429180  Zr
  2    40       0.021066212      -0.010868693      -0.015436398  Zr
  1     6       0.004772512       0.013182653       0.010544956  C
  2    40       0.019146487      -0.001556025       0.040756236  Zr
  2    40      -0.048106841       0.051191914      -0.009892691  Zr
  1     6      -0.006183139      -0.013996126       0.030397689  C
  2    40       0.073571222      -0.019936785       0.063695020  Zr
  1     6      -0.032340790      -0.022379488       0.030400331  C
  1     6       0.020215905       0.023586500       0.034782512  C
  2    40      -0.018392707      -0.006484676      -0.074425456  Zr
  1     6       0.010318194       0.041462647       0.025094967  C
  2    40      -0.099218446      -0.118824705       0.005134910  Zr
  2    40       0.022920385       0.005628116       0.010840037  Zr
  1     6      -0.021346976      -0.001326464       0.023092144  C
  2    40      -0.015188335       0.025872384      -0.018950895  Zr
  1     6      -0.005324641      -0.010549951      -0.013205255  C
  1     6       0.006474123       0.040272469       0.004931450  C
  2    40       0.003997658      -0.045146613      -0.005887011  Zr
  1     6      -0.024031582       0.012862353      -0.004581561  C
  2    40      -0.033274941       0.004990516       0.003053646  Zr
  1     6       0.001198948      -0.017167983      -0.008306296  C
  2    40      -0.016715292      -0.016112581       0.015431423  Zr
  1     6      -0.011504070      -0.003215809      -0.008932463  C
  2    40       0.063914192       0.019058292      -0.009955778  Zr
  2    40       0.018169351       0.007147095      -0.037141256  Zr
  1     6       0.023593859      -0.023014581      -0.002307877  C
  2    40       0.020359900       0.016001804       0.000768482  Zr
  1     6       0.027858322       0.008057223       0.007824916  C
  1     6       0.012453067       0.001508642      -0.021263938  C
  2    40       0.020882406       0.013459969      -0.007902834  Zr
  1     6       0.000061394       0.006517679       0.006451619  C
  2    40      -0.008652806      -0.032199867      -0.004094709  Zr
  2    40      -0.013952208       0.002819961       0.007196173  Zr
  1     6       0.000133203      -0.016701668      -0.005804981  C
  2    40       0.007190311       0.032597379       0.028150634  Zr
  1     6       0.009268034      -0.010690508      -0.009330084  C
  2    40       0.021819988       0.017321689       0.014361542  Zr
  1     6      -0.010078627       0.002351087      -0.020337352  C
  2    40      -0.027604870      -0.022418804      -0.000662124  Zr
  1     6      -0.038583601       0.012262419      -0.021391480  C
  1     6      -0.025943138       0.032672608       0.017708246  C
  2    40       0.004422683      -0.007025925       0.011113305  Zr
  1     6      -0.013070377       0.023153348      -0.010317739  C
  2    40      -0.035718467      -0.001012904       0.011703396  Zr
  2    40      -0.005891581      -0.021581011      -0.028318793  Zr
  1     6      -0.009594703       0.001824976       0.002413906  C
  2    40       0.017146121       0.049123120      -0.005939885  Zr
  1     6       0.007875222      -0.021144475      -0.035405129  C
  1     6      -0.009114918       0.008557952       0.018319029  C
  2    40      -0.001922832       0.006091470       0.068618504  Zr
  1     6      -0.002836963       0.006054755       0.016851358  C
  2    40      -0.019808710       0.019458771       0.024350570  Zr
