1872363040
1.232257602201087376414534446666948497295379638671875
2.538352372218032115824826178140938282012939453125
0.60426021402571594709485225394018925726413726806640625
5.3851231404399992896969706634990870952606201171875
3.1618658170050562006281325011514127254486083984375
1.9371399724582365475811229771352373063564300537109375
3.372835278232820588328877420281060039997100830078125
0.93371916973060209432588862910051830112934112548828125
3.11032232403514807828059929306618869304656982421875
2.434330640142920998414410860277712345123291015625
5.35423086322785390933631788357160985469818115234375
6.12334559217708207512487206258811056613922119140625
3.18851879754492006924238012288697063922882080078125
4.91607674028082985984156039194203913211822509765625
0.005557227865656106345626508158375145285390317440032958984375
5.43820536868050918855033160070888698101043701171875
3.753101425609636887514852787717245519161224365234375
1.0915058183224675136813175413408316671848297119140625
0.0677574997202509965443795181272435002028942108154296875
1.427258519702862660238906755694188177585601806640625
4.3773703183664469662517149117775261402130126953125
5.81764198591605552479677498922683298587799072265625
3.13807031045994744289373556966893374919891357421875
2.28014492051319184184876576182432472705841064453125
4.36599462642806113166216164245270192623138427734375
4.31476704183964887562297008116729557514190673828125
2.4016374522596937168827935238368809223175048828125
2.752308088118982976055804101633839309215545654296875
5.22516793523480060912334010936319828033447265625
5.25827833565060753784337066463194787502288818359375
4.91554388114832629952388742822222411632537841796875
0.1853546902413639452245064376256777904927730560302734375
6.1066708393779851604676878196187317371368408203125
0.459636346393315242675470244648749940097332000732421875
1.470304167326297761775322214816696941852569580078125
3.120866355823542992453667466179467737674713134765625
5.2512933582572767221563481143675744533538818359375
1.0315094764403387461726424589869566261768341064453125
3.123498894460418728868944526766426861286163330078125
2.07138569736064681592324632219970226287841796875
1.7429446576096427889979167957790195941925048828125
4.64334840469272069896078392048366367816925048828125
4.2578947673653519956360469223000109195709228515625
3.451553059673950318853030694299377501010894775390625
2.49767071828568010261051313136704266071319580078125
2.14741726277477251727532348013482987880706787109375
0.556759190878165721727555137476883828639984130859375
3.515489306191968754689014531322754919528961181640625
3.609632464505803994825328118167817592620849609375
0.27148776642854988150332928853458724915981292724609375
5.8620205186814615672119543887674808502197265625
4.64442581459901049356631119735538959503173828125
6.04767716106585506707915556035004556179046630859375
0.65312163687845348203353523786063306033611297607421875
2.7044043879928789664290889049880206584930419921875
4.0942989705630790098211946315132081508636474609375
2.8274747705135592212855044635944068431854248046875
2.308745855471857399976443048217333853244781494140625
3.56693326514166653140591733972541987895965576171875
4.00206163755322652519907933310605585575103759765625
1.9037597046186933713585176519700326025485992431640625
0.9114479799355155176243670211988501250743865966796875
2.199065556269971910552385452319867908954620361328125
2.8407636228271737621753345592878758907318115234375
2.11887763578693100186001174733974039554595947265625
4.60544935260787813291472048149444162845611572265625
0.221420208581979471862410946414456702768802642822265625
0.2446561226296218582998420743024325929582118988037109375
2.359439855320399459515101625584065914154052734375
2.87390282224826965062902672798372805118560791015625
3.622285093747175555023432025336660444736480712890625
3.228007988915799320039923259173519909381866455078125
3.139478565141311516839550677104853093624114990234375
0.96875879921380914083783864043653011322021484375
5.0138674566076293359628834878094494342803955078125
0.2046452107844870804687076315531157888472080230712890625
4.83711403709503517944767736480571329593658447265625
3.09496075379734492116767796687781810760498046875
5.54303047977332230544789126724936068058013916015625
0.278507011214946531563185772029100917279720306396484375
2.764790465880241132623496014275588095188140869140625
3.076435667102809912165639616432599723339080810546875
1.5674609251780389218566824638401158154010772705078125
2.972122747035890188982421022956259548664093017578125
4.21886955216634351728544061188586056232452392578125
2.707559726737552185937829563044942915439605712890625
0.247856759169671148068658794727525673806667327880859375
1.724543907248416996225159891764633357524871826171875
5.1891362600410086969304757076315581798553466796875
3.810561854593959907333555747754871845245361328125
1.3809378403034255899939353184890933334827423095703125
4.55426027494912144533145692548714578151702880859375
5.13130025902428510420349994092248380184173583984375
0.6878608678376310070490262660314328968524932861328125
1.0185748024451475313156834090477786958217620849609375
5.76986824850618962301496139843948185443878173828125
5.8503242428754020920678158290684223175048828125
0.4863906457134448135803950208355672657489776611328125
5.88421040534143013900347796152345836162567138671875
5.0615006514777149959627422504127025604248046875
3.02135365910765774088986290735192596912384033203125
5.377863997569619414207409135997295379638671875
1.1382574880169455955325474860728718340396881103515625
0.373360445514147099022039810733986087143421173095703125
3.512525308354425224166561747551895678043365478515625
3.964026861780753474562288829474709928035736083984375
1.9159440654865533826267665062914602458477020263671875
4.82832972898214674017935976735316216945648193359375
3.60113755962466886018091827281750738620758056640625
5.1552044574567741364035100559704005718231201171875
0.199373175872354868598534949342138133943080902099609375
2.119892333321040656102240973268635571002960205078125
0.921820715720288230698997722356580197811126708984375
0.90111198387536062259783875560970045626163482666015625
6.06479637178382091633466188795864582061767578125
4.34274047271781871160101218265481293201446533203125
1.1653024077166695970930732073611579835414886474609375
6.07217514916880674036292475648224353790283203125
4.25664177217963501931308201164938509464263916015625
2.34776834379156884580197584000416100025177001953125
4.34627259479106076156540439114905893802642822265625
0.09625962626607405259182570489429053850471973419189453125
2.263711736450524814046048049931414425373077392578125
0.74309037893677942765435773253557272255420684814453125
4.15759465206799827541317426948808133602142333984375
4.201376361070845888434632797725498676300048828125
4.25699693650484345397444485570304095745086669921875
4.123479943762273336460566497407853603363037109375
2.644366370500536245202738427906297147274017333984375
5.70166347036101317513612229959107935428619384765625
4.704019262990708938332318211905658245086669921875
5.22894216732416250437154303654097020626068115234375
0.91545250751459483762317859145696274936199188232421875
1.8896962693668293287174719807808287441730499267578125
5.18028230825008595417102696956135332584381103515625
0.37489075437661778522624445031397044658660888671875
4.2660745187307202996862542931921780109405517578125
3.222400957467085991225985708297230303287506103515625
5.3957397388167489538091103895567357540130615234375
6.11145025125643837071720554376952350139617919921875
3.580600869871582769832230042084120213985443115234375
1.34393161297342711435476303449831902980804443359375
4.06772470086749837747674973797984421253204345703125
0.450044855675720778531712085168692283332347869873046875
4.20881818729916989951789219048805534839630126953125
2.85488320780071802573729655705392360687255859375
3.629741666189728821478865938843227922916412353515625
2.2157885180714202988383476622402667999267578125
0.53538678869201083987405809239135123789310455322265625
3.4341031504727173029323239461518824100494384765625
2.0597641005966469407439944916404783725738525390625
2.675853397057405214098935175570659339427947998046875
4.280144291343699336493955343030393123626708984375
0.289254268656938984261017822063877247273921966552734375
3.580560390928356984119318440207280218601226806640625
0.37966251519352167687060273237875662744045257568359375
4.14716052931482437315935385413467884063720703125
2.432388464250528681276364295626990497112274169921875
0.90782038490264882479863217668025754392147064208984375
2.36060569862452052092294252361170947551727294921875
2.750956348888819125164673096151091158390045166015625
1.463105419565860376707178147626109421253204345703125
0.73294368155011735410653272992931306362152099609375
4.642706888782871743615032755769789218902587890625
1.5011934250755298858592823307844810187816619873046875
0.70081426425838788674127499689348042011260986328125
5.60261864410492282928544227615930140018463134765625
3.60361084207370740983833456994034349918365478515625
2.991736715840283888923067934229038655757904052734375
0.7090910597573965024054132300079800188541412353515625
4.01038433064402344285781509825028479099273681640625
1.16708776171690686851434293203055858612060546875
2.8123477031178669705013817292638123035430908203125
3.80605949014117062034756600041873753070831298828125
0.19872424881952055475409224527538754045963287353515625
2.55362136022233432441908007604070007801055908203125
5.0989687951909292706886844825930893421173095703125
3.047193309861051080389415801619179546833038330078125
1.41243541742547495942972091143019497394561767578125
0.8170576440573380505583145350101403892040252685546875
3.200339634973672797713106774608604609966278076171875
0.191401065247344959185937796064536087214946746826171875
4.8945395725573543899145079194568097591400146484375
6.11935061160138094038529743556864559650421142578125
1.4046917151258624389953411082387901842594146728515625
1.8922027893146065036233949285815469920635223388671875
1.634009943383859297938442978193052113056182861328125
1.0062503057287333074754087647306732833385467529296875
0.37558147992478463361720741886529140174388885498046875
1.8833404345222419795646828788449056446552276611328125
4.695789681709758411898292251862585544586181640625
3.523986326452644757267762543051503598690032958984375
0.035452889295040111716783570727784535847604274749755859375
0.976714198001061628673369341413490474224090576171875
0.7412753467174597599154139970778487622737884521484375
0.53365960416088797924061282174079678952693939208984375
0.665892610170828458393543769489042460918426513671875
0.41189596448647602944248546918970532715320587158203125
0.963978751545762069241618519299663603305816650390625
0.1294128033935152133349077985258190892636775970458984375
0.6203571253550970165946409906609915196895599365234375
0.69225392895389992187205052687204442918300628662109375
0.6319003825224471793120528673171065747737884521484375
0.89102150215349229522843188533443026244640350341796875
0.17033408264179439317587139157694764435291290283203125
0.94717998939900660548829591789399273693561553955078125
0.56187175519851584315489390064612962305545806884765625
0.1970043490626869620019334661265020258724689483642578125
0.26950859430688833828781980628264136612415313720703125
0.693495645045067998779586559976451098918914794921875
0.030787514071346964994457806596983573399484157562255859375
0.514010515769017128917539594112895429134368896484375
0.53546065117021124368790196967893280088901519775390625
0.23348353162104429348033818314434029161930084228515625
0.07451250128192478394684172826600843109190464019775390625
0.9944625752952240826942897911067120730876922607421875
0.75033209042173443226175777454045601189136505126953125
0.54702193594864656489562548813410103321075439453125
0.6612772236863511121640613055205903947353363037109375
0.889701000829087984556053925189189612865447998046875
0.2204613523653062845397698765737004578113555908203125
0.832495766613863263927441948908381164073944091796875
0.70239825672581712723285818356089293956756591796875
0.3796577520573780617496595368720591068267822265625
0.2032186618089762697447753225787892006337642669677734375
0.98269079205705356372391179320402443408966064453125
0.3003086453770793529116645004251040518283843994140625
0.93068630105382121886492541307234205305576324462890625
0.422607787615902619204888424064847640693187713623046875
0.33520869833194122389130598094197921454906463623046875
0.527066167689425046916085193515755236148834228515625
0.1919899160005105187565277446992695331573486328125
0.016387776479305594945490298641743720509111881256103515625
0.659630730589679803443914352101273834705352783203125
0.1770552891199734524274589375636423937976360321044921875
0.509276306493802177755014781723730266094207763671875
0.386212721181201146247730093818972818553447723388671875
0.179849749049101836906316975728259421885013580322265625
0.371272188318554408059668503483408130705356597900390625
0.060517828008401129691318232062258175574243068695068359375
0.632660897743264616366332120378501713275909423828125
0.8084970264735151790347345013287849724292755126953125
0.5399099278915253652399997008615173399448394775390625
0.768738839201973167547521370579488575458526611328125
0.9033531597365407339594867153209634125232696533203125
0.459638004405255429229981700700591318309307098388671875
0.43361881022975723443124707046081312000751495361328125
0.7078175850714638617233731565647758543491363525390625
0.3906397718892617998420746516785584390163421630859375
0.127671586409058235300761907637934200465679168701171875
0.9167800470799114531672557859565131366252899169921875
0.96521170296017622103335042993421666324138641357421875
0.97871996601052579922708218873594887554645538330078125
0.39160374523680829828009564153035171329975128173828125
0.70456895265009666928790466045029461383819580078125
0.92448300399094962553903087609796784818172454833984375
0.495330193310664135264431706673349253833293914794921875
0.270199392582382735827906117265229113399982452392578125
0.472163357060478683369098007460706867277622222900390625
0.997757836709617595971621994976885616779327392578125
0.1428857683869478034655031706279260106384754180908203125
0.805935843757323855385266142548061907291412353515625
0.1090237610549776581247982676359242759644985198974609375
0.02651116486010661466021787191493785940110683441162109375
0.881201744024270094968187549966387450695037841796875
0.06735859395347469635861870074222679249942302703857421875
0.7911306446376864531799810720258392393589019775390625
0.1009745579683103411383626735187135636806488037109375
0.177631748457267757412836317598703317344188690185546875
0.11984276358030865328174741080147214233875274658203125
0.9446998769159893338809297347324900329113006591796875
0.219430551035064536069540963580948300659656524658203125
0.77730579803572308339454366432619281113147735595703125
0.475270190963181737853204822386032901704311370849609375
0.5285681754018032307840257999487221240997314453125
0.624985671427559896784487136756069958209991455078125
0.93042386785634978441095199741539545357227325439453125
0.247958522405456072146279211665387265384197235107421875
0.9446749430823488946629140627919696271419525146484375
0.539111161855566844991471953107975423336029052734375
0.428652439466050083627379763129283674061298370361328125
0.623858477279477963151066433056257665157318115234375
0.63904005272269248649763540015555918216705322265625
0.98963369428628766844013853187789209187030792236328125
0.2174113384529069714634630372529500164091587066650390625
0.698872502752986068941254416131414473056793212890625
0.1538022249721932299681981248795636929571628570556640625
0.602141285129888625959893033723346889019012451171875
0.40793299740549782139709122930071316659450531005859375
0.180577177638456765063068587551242671906948089599609375
0.55043950283454712302244615784729830920696258544921875
0.60795511706171334598280964200966991484165191650390625
0.2364843633195778116462548723575309850275516510009765625
0.52031099913656297939468231561477296054363250732421875
0.1303833267327320355466468981830985285341739654541015625
0.0070359925772231039775572725147867458872497081756591796875
0.66589191633551003679514224131708033382892608642578125
0.77881885030251873924811434335424564778804779052734375
0.355727505570150703828602445355500094592571258544921875
0.12160377023816283659218839829918579198420047760009765625
0.87792900152408004377235783977084793150424957275390625
0.7352500593919539806364582545938901603221893310546875
0.73877932631353815384755989725817926228046417236328125
0.96283924950418964261444898511399514973163604736328125
0.41480281968359034028281939754378981888294219970703125
0.0832134965263369996701925401794142089784145355224609375
0.948979275743001782217334039160050451755523681640625
0.44610569227771168510088273251312784850597381591796875
0.54708225258955833769647369990707375109195709228515625
0.36662294499884495735386735759675502777099609375
0.02583885147508180324393833870999515056610107421875
0.236501345521072547928298490660381503403186798095703125
0.00455340743276914927673004740427131764590740203857421875
0.99666273733445576166189994182786904275417327880859375
0.78377273948107506473803596236393786966800689697265625
0.9334197574916387463161981941084377467632293701171875
0.93874278009810618872421628111624158918857574462890625
0.69343296750142846551767661367193795740604400634765625
0.006061160008451510657068173060224580694921314716339111328125
0.8242344296650190305086880471208132803440093994140625
0.79968864368260306196845021986518986523151397705078125
0.38610630174451798790613565870444290339946746826171875
0.598616539313745033012992280418984591960906982421875
0.9341315580225231229860582971014082431793212890625
0.79862868543650422648028097682981751859188079833984375
0.8231643716912551145270526831154711544513702392578125
0.67441344013177484395527017113636247813701629638671875
0.51619830472217798078560235808254219591617584228515625
0.0749859125702576345684491343490662984549999237060546875
0.039247760567463825520650999578720075078308582305908203125
0.63112754869792964118602185408235527575016021728515625
0.52046039259082654826471525666420347988605499267578125
0.641337334011372828257435685372911393642425537109375
0.24739243427635748684423333543236367404460906982421875
0.87016557663221172358447574879392050206661224365234375
0.06826247324620489387303479134061490185558795928955078125
0.97907479013273246426507512296666391193866729736328125
0.41852213834343576781549245424685068428516387939453125
0.28658076901295259641955226470599882304668426513671875
0.7233901208841195806797941258992068469524383544921875
0.65340819845600439652599789042142219841480255126953125
0.9096769908953816763386157617787830531597137451171875
0.6062202093220410148433074937202036380767822265625
0.006788486152323189477819642689837564830668270587921142578125
0.9387363372085320012416786994435824453830718994140625
0.53996477347797000589935123571194708347320556640625
0.0187037647788896067846398096889970474876463413238525390625
0.1397342137711747589445820949549670331180095672607421875
0.274318525695390336149870336157619021832942962646484375
0.30743959281008670370027857643435709178447723388671875
0.458753511988908735386161197311594150960445404052734375
0.8143383217110942151606423067278228700160980224609375
0.83007084151267573890464746000361628830432891845703125
0.01551963017113489572140760941465487121604382991790771484375
0.5855141559548275864699462545104324817657470703125
0.2018610640437626668752812975071719847619533538818359375
0.285464243164967879096138858585618436336517333984375
0.56674399299861122347721220648963935673236846923828125
0.53741335009104262976364907444803975522518157958984375
0.57289057391364617277673687567585147917270660400390625
0.619568725870721426218779015471227467060089111328125
0.046013572740374868164092703182177501730620861053466796875
0.1732805134604128716180326819085166789591312408447265625
0.2983135894398734055954491850570775568485260009765625
0.5728744350247432226552746215020306408405303955078125
0.59208314148340523974667348738876171410083770751953125
0.9814552483062517485024045527097769081592559814453125
0.4694562482039705830771936234668828547000885009765625
0.63928192278336826159801375979441218078136444091796875
0.92817769941323324811577322179800830781459808349609375
0.223885629430360000302613343592383898794651031494140625
0.4637184331490278310639041592366993427276611328125
0.241576817930478970897212320778635330498218536376953125
0.401034325082336717827047323225997388362884521484375
0.6039949048329120717681917085428722202777862548828125
0.2551398548554348888472986800479702651500701904296875
0.0867802463875991525465991571763879619538784027099609375
0.86183612135324449976536698159179650247097015380859375
0.486901214573020657550017631365335546433925628662109375
0.707659799003815148665808010264299809932708740234375
0.7659028925774167273488046703278087079524993896484375
0.091403595680093208120098324798163957893848419189453125
0.706164403216058556012058033957146108150482177734375
0.5588842297712732776204802576103247702121734619140625
