              -3390.1743325417
         -0.000087661      -0.000010373       0.000000781
         -0.000010374      -0.000168278       0.000008220
          0.000000781       0.000008220      -0.000064874
          64
  1     6      -0.002423765      -0.013615807      -0.001819770  C
  1     6      -0.010869453      -0.031567902      -0.000474288  C
  2    40      -0.021953578       0.026889344       0.007361311  Zr
  1     6       0.045051398       0.051782463      -0.002170288  C
  2    40       0.049308626       0.029778560      -0.019262213  Zr
  2    40       0.002870373      -0.017489346      -0.008955575  Zr
  1     6      -0.002779452       0.001857639      -0.004072670  C
  2    40      -0.042726785      -0.074249149       0.041228594  Zr
  1     6      -0.043712800       0.070772432       0.016376281  C
  1     6       0.003451556      -0.002129625      -0.000781618  C
  2    40      -0.003019856       0.027670860      -0.010833971  Zr
  1     6       0.005328938      -0.010368368      -0.009566306  C
  2    40      -0.005670786      -0.000222167      -0.006211516  Zr
  2    40      -0.017916356      -0.008877221       0.008222848  Zr
  1     6      -0.016056948       0.007136991      -0.006535725  C
  2    40      -0.008769168       0.024782279       0.003244175  Zr
  2    40       0.000442637       0.020110376      -0.009215649  Zr
  1     6      -0.004904801       0.007054990       0.008170812  C
  2    40       0.024057445      -0.070779862      -0.022581671  Zr
  1     6       0.071666689      -0.004919850      -0.004566049  C
  1     6       0.001463429      -0.017645549       0.001824144  C
  2    40       0.001254195       0.028207826      -0.012936515  Zr
  1     6       0.044520527       0.030054369      -0.015955530  C
  2    40       0.042331509      -0.134178265       0.064272233  Zr
  2    40      -0.016536891      -0.000054941       0.005767960  Zr
  1     6      -0.002474169      -0.014969000      -0.001537285  C
  2    40       0.005328201       0.029519911      -0.029309647  Zr
  1     6      -0.005121818       0.007155463       0.000674771  C
  1     6       0.009911090       0.005481452      -0.007350203  C
  2    40       0.005848423      -0.008970581       0.009865592  Zr
  1     6      -0.006740363      -0.003222588       0.008339589  C
  2    40      -0.003036023       0.018355871      -0.016109752  Zr
  1     6       0.006115823      -0.000564660      -0.007320285  C
  2    40       0.012985694       0.007799180       0.005782490  Zr
  1     6      -0.015725996      -0.008095324       0.005021576  C
  2    40      -0.014434985       0.014749091       0.009224732  Zr
  2    40      -0.011315652       0.005838763       0.008194106  Zr
  1     6      -0.004511449      -0.010583438      -0.001614310  C
  2    40       0.000939970       0.032476745       0.001479740  Zr
  1     6      -0.004231651       0.004048433      -0.001675661  C
  1     6       0.004946049       0.022442144      -0.003757365  C
  2    40       0.001023139      -0.005139488      -0.004238984  Zr
  1     6      -0.010511539       0.002015530       0.000651802  C
  2    40      -0.002353936      -0.017719083      -0.000868670  Zr
  2    40      -0.004714445      -0.035051194       0.000748638  Zr
  1     6      -0.008654411       0.032504260       0.001655498  C
  2    40      -0.005415301      -0.014454808      -0.006056904  Zr
  1     6       0.007317880       0.013898563      -0.000739002  C
  2    40      -0.005100002      -0.006784517       0.012345961  Zr
  1     6      -0.005937710       0.012842188       0.005546628  C
  2    40      -0.015867677       0.006764921      -0.003592550  Zr
  1     6      -0.036467902      -0.013082842       0.001362071  C
  1     6       0.001923761      -0.003667481      -0.005379326  C
  2    40       0.001500568       0.003294825       0.004606901  Zr
  1     6      -0.005463587      -0.000916910      -0.004197293  C
  2    40       0.000702732       0.015414726      -0.006260255  Zr
  2    40      -0.003649184      -0.021837743      -0.004087010  Zr
  1     6       0.009193743       0.015222045      -0.009045744  C
  2    40      -0.007781893       0.000702113       0.003276478  Zr
  1     6       0.008113151       0.004810258       0.006773762  C
  1     6       0.006377285       0.015467972      -0.006172222  C
  2    40       0.029379512      -0.023938769       0.003271314  Zr
  1     6      -0.008861543       0.004109033       0.006548791  C
  2    40      -0.014538143      -0.028115904       0.003770499  Zr
