              -3389.8914170804
         -0.000431913       0.000013322      -0.000023674
          0.000013321      -0.000214120      -0.000003997
         -0.000023674      -0.000003997      -0.000292321
          64
  1     6       0.000084092       0.002973805      -0.006308542  C
  1     6       0.018520603      -0.082841868      -0.017505565  C
  2    40       0.005313869      -0.006565523      -0.015544354  Zr
  1     6      -0.017098316       0.002457682       0.062427871  C
  2    40       0.344943847       0.212066014       0.076452518  Zr
  2    40       0.020980771      -0.055203288      -0.009874742  Zr
  1     6       0.000694417       0.008373167       0.000825255  C
  2    40      -0.211415178       0.043019594       0.061301837  Zr
  1     6       0.075533765       0.044883890      -0.051278857  C
  1     6       0.007771197       0.008810629       0.007957146  C
  2    40       0.015431791      -0.010504714      -0.013070227  Zr
  1     6      -0.004688455       0.012076953      -0.008283638  C
  2    40      -0.004898642      -0.056665153      -0.009935702  Zr
  2    40      -0.002251020      -0.004168494       0.014233100  Zr
  1     6       0.000753759       0.006717298       0.003155086  C
  2    40       0.004194706       0.002659467       0.010840620  Zr
  2    40      -0.003802848      -0.042038447       0.017498248  Zr
  1     6      -0.006970749       0.005322486       0.029852638  C
  2    40       0.009103452       0.004886224      -0.123766742  Zr
  1     6      -0.016982662       0.040865582       0.050476234  C
  1     6      -0.005656991       0.006562716       0.005320050  C
  2    40      -0.017219832      -0.031721884      -0.019307215  Zr
  1     6       0.175206598       0.036431855      -0.004422182  C
  2    40      -0.089318593      -0.097499711      -0.155382446  Zr
  2    40      -0.010633749       0.037535625      -0.001462943  Zr
  1     6      -0.011039674      -0.002637977      -0.003895557  C
  2    40       0.013942798      -0.003100945      -0.028757291  Zr
  1     6       0.000844955       0.000373470       0.003619603  C
  1     6       0.015986670      -0.010337621       0.001689751  C
  2    40      -0.008526998       0.001497218       0.006928214  Zr
  1     6      -0.021881012      -0.021616744       0.023376710  C
  2    40      -0.024695361       0.010131703       0.010533352  Zr
  1     6      -0.005445925       0.002761771       0.012335916  C
  2    40       0.009777066       0.011177128      -0.008058310  Zr
  1     6      -0.004331770      -0.003440271      -0.005352285  C
  2    40       0.040223160      -0.001907276       0.040542779  Zr
  2    40      -0.005556074       0.001854318      -0.022785848  Zr
  1     6      -0.000627116      -0.016090911      -0.002009715  C
  2    40      -0.004598294       0.022607949       0.023746839  Zr
  1     6       0.005384438      -0.001593617       0.003947437  C
  1     6       0.003814656      -0.004747501       0.032214595  C
  2    40      -0.001907152      -0.004453360       0.002166597  Zr
  1     6      -0.006134469      -0.014352360      -0.015505484  C
  2    40       0.019204735       0.012968183       0.020748604  Zr
  2    40      -0.004484025      -0.002046894      -0.018255705  Zr
  1     6       0.000905117      -0.012035385      -0.003939311  C
  2    40       0.010902820       0.003416332       0.029577470  Zr
  1     6      -0.011236570      -0.000132852       0.002085822  C
  2    40      -0.061399367      -0.072204032      -0.011714078  Zr
  1     6       0.007367685      -0.023175566       0.001344988  C
  2    40      -0.006994262       0.003604905      -0.010094572  Zr
  1     6      -0.187521238       0.017615322      -0.014968727  C
  1     6      -0.016112163      -0.012400889      -0.020160811  C
  2    40       0.018237578      -0.001179217       0.008877933  Zr
  1     6      -0.005827533      -0.001878984      -0.005812481  C
  2    40      -0.056027111       0.010282955      -0.012923015  Zr
  2    40      -0.002864109       0.016007242      -0.011999789  Zr
  1     6      -0.000920575      -0.013682702       0.013664270  C
  2    40       0.021390102       0.018281893      -0.007642546  Zr
  1     6      -0.018003434      -0.000929263      -0.000864829  C
  1     6       0.015163770      -0.004135058       0.010093433  C
  2    40       0.003060922      -0.006126426      -0.003802521  Zr
  1     6      -0.022459038      -0.009667845      -0.018112445  C
  2    40       0.015864086       0.025067940       0.074969196  Zr
