              -3389.9559950361
         -0.000299382      -0.000027348      -0.000010671
         -0.000027348      -0.000200087       0.000024205
         -0.000010671       0.000024205      -0.000188655
          64
  1     6       0.000965064      -0.017112125      -0.019409349  C
  1     6      -0.005380024       0.010936720      -0.016286281  C
  2    40       0.014410323      -0.004561987      -0.032884378  Zr
  1     6      -0.047688826       0.046951012       0.058483955  C
  2    40       0.063703975      -0.119935252       0.099702414  Zr
  2    40       0.057885522      -0.023426874      -0.002904174  Zr
  1     6       0.010456658      -0.009826830       0.000992596  C
  2    40      -0.163006005       0.011035071       0.014455564  Zr
  1     6      -0.017209198       0.037988895       0.121337196  C
  1     6      -0.013730131      -0.002671389      -0.007916229  C
  2    40      -0.024932404       0.029590584       0.003346272  Zr
  1     6      -0.009283977      -0.016212953      -0.022611766  C
  2    40       0.021846456       0.026859841      -0.088355669  Zr
  2    40       0.005702069       0.031910088       0.010891208  Zr
  1     6      -0.003360183       0.014748763       0.017034475  C
  2    40       0.002316418      -0.024398490      -0.006590180  Zr
  2    40      -0.004538572      -0.003076498      -0.003069943  Zr
  1     6      -0.005811371       0.011662941       0.006888201  C
  2    40       0.074715597       0.154257500       0.103092174  Zr
  1     6       0.017978989      -0.161355994       0.019686829  C
  1     6       0.017351054      -0.011678829       0.001822230  C
  2    40       0.039183764       0.035685987      -0.011734281  Zr
  1     6      -0.087242750      -0.005241847      -0.061059271  C
  2    40      -0.142033117       0.028126586      -0.056056244  Zr
  2    40      -0.012375727      -0.024158282      -0.035169631  Zr
  1     6      -0.001720445       0.006777792      -0.002840745  C
  2    40       0.044655357      -0.013574873      -0.046230880  Zr
  1     6      -0.007214146      -0.001584624      -0.003379308  C
  1     6       0.014902303       0.007209361      -0.008969272  C
  2    40      -0.003469219      -0.000000665       0.009222118  Zr
  1     6      -0.013672672       0.014969956       0.012673496  C
  2    40      -0.011546845      -0.003290357      -0.005692440  Zr
  1     6       0.017379633      -0.015741934      -0.000132753  C
  2    40       0.024672063       0.011305635      -0.015611032  Zr
  1     6       0.005759479       0.007525540      -0.015564655  C
  2    40       0.041637425      -0.011475853       0.036775477  Zr
  2    40      -0.016654392      -0.057496051       0.028035103  Zr
  1     6       0.007817724      -0.003123545      -0.008127685  C
  2    40       0.070452890       0.013459157      -0.007686653  Zr
  1     6       0.051791853       0.034540876       0.003568410  C
  1     6       0.004070247       0.013649153       0.013005317  C
  2    40       0.012135758      -0.041068355       0.026415921  Zr
  1     6      -0.012499406       0.011542823      -0.024572535  C
  2    40      -0.021105209      -0.011601731      -0.034173162  Zr
  2    40      -0.017071797      -0.010596347      -0.001975723  Zr
  1     6       0.005495992       0.003595285       0.026683121  C
  2    40       0.016150138      -0.006523996      -0.010105542  Zr
  1     6      -0.003302822       0.018228570       0.004735004  C
  2    40      -0.010991066       0.005116683       0.009585967  Zr
  1     6      -0.017296034      -0.006440222      -0.001509094  C
  2    40       0.004977165       0.008918546      -0.025027199  Zr
  1     6      -0.016887749       0.009032951       0.005688805  C
  1     6       0.014602810      -0.004613691      -0.009877648  C
  2    40      -0.038289152      -0.006280275       0.004040310  Zr
  1     6       0.015238236      -0.002962234      -0.009289446  C
  2    40      -0.030160513       0.012438735      -0.046482909  Zr
  2    40       0.008241948       0.009466471      -0.003200209  Zr
  1     6       0.018541858      -0.019122920       0.001262579  C
  2    40       0.026758864      -0.010592581       0.025018034  Zr
  1     6       0.018011553      -0.013559866       0.020636162  C
  1     6      -0.010808758       0.002126312      -0.022183243  C
  2    40       0.005632264       0.038840423      -0.038419905  Zr
  1     6       0.009094373      -0.006864607       0.005384601  C
  2    40       0.005236320       0.000650245       0.016910705  Zr
