512966283
3.2719867705388079315298455185256898403167724609375
6.26960532406297321728061433532275259494781494140625
0.46771085250629607088512784685008227825164794921875
5.80257298173888980130641357391141355037689208984375
2.095466958619821351561540723196230828762054443359375
5.8250674303877385540317845880053937435150146484375
5.75072510818194349013765531708486378192901611328125
6.16791787673861069407621471327729523181915283203125
3.1766070456092752039012339082546532154083251953125
5.49427964182395811576498090289533138275146484375
0.207374541933094125312209143885411322116851806640625
1.668998397066852046322082969709299504756927490234375
2.85681081302905059970953516312874853610992431640625
1.77056054253197370229599982849322259426116943359375
2.971845790311146817685994392377324402332305908203125
2.181284658927693076435616603703238070011138916015625
3.649470509173301291383495481568388640880584716796875
3.348806491845113697536362451501190662384033203125
4.90345910696572673259652219712734222412109375
3.616218255443115925373831487377174198627471923828125
0.1920753183379504125394277025407063774764537811279296875
2.5568859292082404266466255648992955684661865234375
3.175280424682515256762371791410259902477264404296875
4.81664369652847046410215625655837357044219970703125
3.2819409917939115217677681357599794864654541015625
3.67277474149519900237237379769794642925262451171875
3.69865260366879677889073718688450753688812255859375
0.1714634843348553927544486441547633148729801177978515625
1.01733396996033409465098884538747370243072509765625
0.8022147484983512821798967706854455173015594482421875
0.464738764731779718797355371862067840993404388427734375
3.94982702112143524431076002656482160091400146484375
5.1512040874908731069581335759721696376800537109375
1.948205338510514028627085281186737120151519775390625
3.883642383624715588297249269089661538600921630859375
4.48721865419047549750075631891377270221710205078125
2.4393386739328111190161507693119347095489501953125
3.73533282848255954178284810041077435016632080078125
3.202537786419730192477572927600704133510589599609375
5.6833212718329519930193782784044742584228515625
0.01334395751178677098913727405715690110810101032257080078125
3.690609009014810037996312530594877898693084716796875
2.131498548964365635782769459183327853679656982421875
3.98427467495259524099537884467281401157379150390625
5.804096523142330710243186331354081630706787109375
0.85482697919618011450637595771695487201213836669921875
1.486803527951153558461783177335746586322784423828125
4.09985926470502715091015488724224269390106201171875
5.82010221035832753244676496251486241817474365234375
4.1263002040469540787626101518981158733367919921875
5.32930289424333469838757082470692694187164306640625
1.213091695945708092807535649626515805721282958984375
3.09125283871030820392888927017338573932647705078125
0.81689006386563522976729245783644728362560272216796875
0.93403044651346167626115857274271547794342041015625
0.2118987974920067129946943396134884096682071685791015625
3.289936746100902364986495740595273673534393310546875
4.65937096813166817810270003974437713623046875
1.4813950027823181709862865318427793681621551513671875
2.287082513989967313960960382246412336826324462890625
0.8637644636093726457914954153238795697689056396484375
0.98795621087292229134391163825057446956634521484375
1.6633781905779263521338862119591794908046722412109375
2.705390307002552230386527298833243548870086669921875
4.85269477586765418664072058163583278656005859375
4.6208543919934594867982013965956866741180419921875
2.8788387692869346068391678272746503353118896484375
5.38426863536129740595015391591005027294158935546875
4.49918531236743479695405767415650188922882080078125
5.98069693312728123402166602318175137042999267578125
0.1349994319996834224451021100321668200194835662841796875
0.0974048629061445569998767268771189264953136444091796875
3.811918237126104003209547954611480236053466796875
2.563186170240017158761247628717683255672454833984375
0.83405087412207545849440748497727327048778533935546875
0.0124341629072341440520599320507244556210935115814208984375
1.708992874490295577061260701157152652740478515625
4.04838333221781088155921679572202265262603759765625
6.08820585228394151044994941912591457366943359375
4.57266616600447495244452511542476713657379150390625
1.0190935502698683645661503760493360459804534912109375
2.273342392410910850486516210366971790790557861328125
2.461096043011264722366604473791085183620452880859375
3.584838624628209569067394113517366349697113037109375
1.2923991211474679108306418129359371960163116455078125
6.11031181133375955738529228256084024906158447265625
3.191760685448941092801078411866910755634307861328125
4.852334731247736954173888079822063446044921875
4.681307208203552505665356875397264957427978515625
6.01380686248346751909821250592358410358428955078125
5.98260428571773861250449044746346771717071533203125
0.9299881171312396332950811483897268772125244140625
0.743446096245020893178434562287293374538421630859375
4.78078292527625503538502016454003751277923583984375
5.44895979149524833928808220662176609039306640625
5.2061819737547221365048244479112327098846435546875
5.9805990463528271305904127075336873531341552734375
4.0828003583960832401089646737091243267059326171875
2.570764788086167929037628709920682013034820556640625
2.83560583889111850197650710470043122768402099609375
4.66680393785394631578355983947403728961944580078125
5.29056246530662388494192782673053443431854248046875
2.58726372153894512706528985290788114070892333984375
2.295872940026259190204882543184794485569000244140625
4.992047495116278099658302380703389644622802734375
0.2175584062164529208782681735101505182683467864990234375
1.7695502220487540068205589705030433833599090576171875
6.09987834104204917906599803245626389980316162109375
6.125917978548415021577966399490833282470703125
3.061462966822737552519129167194478213787078857421875
1.384554451747360470648118280223570764064788818359375
5.47656050595710741646371388924308121204376220703125
3.180798700891418917535702348686754703521728515625
3.24047798161260658389437594451010227203369140625
4.660629241525811039537074975669384002685546875
3.33154209821122293533335323445498943328857421875
2.45563086487693027493151021189987659454345703125
4.61962719683097144951489099184982478618621826171875
6.19863115422053478908992474316619336605072021484375
6.02828021615837261748538367100991308689117431640625
2.658809336441120052541009499691426753997802734375
3.315774527244991443097887895419262349605560302734375
1.11019984864835397075921719078905880451202392578125
0.658170579709484560027021871064789593219757080078125
1.44675822582783464298472608788870275020599365234375
6.2446249913887594829020599718205630779266357421875
5.704093187109680940238831681199371814727783203125
3.913280872749546279720789243583567440509796142578125
2.43099045292154869457590393722057342529296875
2.070084774052850296044425704167224466800689697265625
0.6634720690142048571402710877009667456150054931640625
3.852682270901280237040964493644423782825469970703125
1.457360829930247181351887775235809385776519775390625
1.8788122232328456906458313824259676039218902587890625
2.821439001663645473882979786139912903308868408203125
6.280300030561758006797390407882630825042724609375
1.5865604588402069108354908166802488267421722412109375
3.625422599520474964407412699074484407901763916015625
0.162171517316279600873230037905159406363964080810546875
3.649692831759492772647490710369311273097991943359375
1.720041422836345201829999496112577617168426513671875
4.44024242364514609704428949044086039066314697265625
2.765947411716609849463566206395626068115234375
3.74265589502128914745071597280912101268768310546875
2.940911547831007499809174987603910267353057861328125
6.0053722590855187490888056345283985137939453125
4.93118223841237668381154435337521135807037353515625
0.44030125366218320070998970550135709345340728759765625
5.76399339186737780238445338909514248371124267578125
1.47816444664173207712565272231586277484893798828125
3.943020613360410653314147566561587154865264892578125
1.4993101316357877461626912918291054666042327880859375
4.788168432084400905068832798860967159271240234375
1.943156079689178028502283268608152866363525390625
3.1251406074603860218985573737882077693939208984375
0.27608439547063101660029360573389567434787750244140625
2.92079613167108664839588527684099972248077392578125
5.98613134024275694855532492510974407196044921875
0.50347951258463152779398797065368853509426116943359375
4.60049610802585551283527820487506687641143798828125
2.975157298486512669200010350323282182216644287109375
0.76558938018668765135288367673638276755809783935546875
1.6143669883206623882898611554992385208606719970703125
1.72851199938983857151697520748712122440338134765625
3.525004110743899854440996932680718600749969482421875
3.39742217371906196632380670052953064441680908203125
4.68195562323505942714518823777325451374053955078125
0.431235193379091052978679954321705736219882965087890625
3.738279733585276431995225721038877964019775390625
1.854093404720141169406133485608734190464019775390625
1.68405488744277587187525568879209458827972412109375
5.42541706841655813065017355256713926792144775390625
0.563319316380712198366609300137497484683990478515625
4.00840926250155948906694902689196169376373291015625
2.290779735145851869759781038737855851650238037109375
4.5111898952326558998038308345712721347808837890625
0.365217831787114033392782630471629090607166290283203125
0.60590596467957957838024185548420064151287078857421875
0.199484606342377190912884543649852275848388671875
3.074759903221651935467662042356096208095550537109375
5.5410944130268244833814605954103171825408935546875
4.909328138264751117958439863286912441253662109375
5.08572907936972828935040524811483919620513916015625
0.84361818572967217644276161081506870687007904052734375
1.4317693076379465200176355210714973509311676025390625
3.12105854814899430493824183940887451171875
4.82788939064058553185532218776643276214599609375
1.4374899112687484770134460632107220590114593505859375
1.108468119373193783161468672915361821651458740234375
0.17482223891247716807129108929075300693511962890625
1.4884339442977208012308665274758823215961456298828125
2.381999588151409330549768128548748791217803955078125
0.8159485239609836071394965983927249908447265625
0.5392422906771499047096085632801987230777740478515625
0.43540884062434026535726161455386318266391754150390625
0.92026924524468800559162673380342312157154083251953125
0.574082455865145835360863202367909252643585205078125
0.2930273540751204830456799754756502807140350341796875
0.002734288574538328020491206871156464330852031707763671875
0.82076658998651741416807681162026710808277130126953125
0.133741477566650834862826968674198724329471588134765625
0.5736059656243799320662901664036326110363006591796875
0.94762442677636837817800596894812770187854766845703125
0.47194744575393732244350530891097150743007659912109375
0.311744129430383487555644705935264937579631805419921875
0.08434203503855598749172628458836697973310947418212890625
0.76488274837140124429168963615666143596172332763671875
0.9937368170329075045543731903308071196079254150390625
0.345000915389974072144951833251980133354663848876953125
0.65526976653154467289397189233568497002124786376953125
0.456487280994880617601694439144921489059925079345703125
0.11391368047982160238706939026087638922035694122314453125
0.502627287294076463552983113913796842098236083984375
0.9458260647700289514006044555571861565113067626953125
0.388595654344463581342239422156126238405704498291015625
0.01093429001557374817543699663247025455348193645477294921875
0.64103441854987031067736324985162355005741119384765625
0.55534181583455843878027735627256333827972412109375
0.8501696013147801433973427265300415456295013427734375
0.043334407752069835362274119461289956234395503997802734375
0.30908272383226209623074964838451705873012542724609375
0.6348976784548245877459748953697271645069122314453125
0.4748386789461778167975580799975432455539703369140625
0.65479674407038690464588626127806492149829864501953125
0.161613602266466982460002554944367147982120513916015625
0.600249349884804939136984103242866694927215576171875
0.88560552144684157038767580161220394074916839599609375
0.6486706201213741085354058668599463999271392822265625
0.1211040649195686269568028592402697540819644927978515625
0.89359438460953277694187590896035544574260711669921875
0.361089338716626795378061842711758799850940704345703125
0.032036851640807863239590602688622311688959598541259765625
0.48906892979939886600959653151221573352813720703125
0.5907826021270745631142062848084606230258941650390625
0.61466792906386213957148356712423264980316162109375
0.50115226092802001023329694362473674118518829345703125
0.76179345266977016581932957706158049404621124267578125
0.99771612509978757632467250004992820322513580322265625
0.76468443487057669027961992469499818980693817138671875
0.056471725020777303882812958590875496156513690948486328125
0.96257937884078337287263593680108897387981414794921875
0.54439892039839132831247070498648099601268768310546875
0.370884105270208819238320074873627163469791412353515625
0.2364177076315589764998748023572261445224285125732421875
0.787566224479845811146105916122905910015106201171875
0.00168788945380965687940999497840266485582105815410614013671875
0.034540765934875594656006114746560342609882354736328125
0.1507793199973084530274292092144605703651905059814453125
0.62110340903564520420587768967379815876483917236328125
0.86284822684845341456139067304320633411407470703125
0.375678932003527366045858570942073129117488861083984375
0.1595219900643089772085403410528670065104961395263671875
0.500050427159318022773959455662406980991363525390625
0.374104515823584282685487778508104383945465087890625
0.8097509834029483766215662399190478026866912841796875
0.1910328982356157556665721131139434874057769775390625
0.087297315749943871221461222376092337071895599365234375
0.6205152611343727198089936791802756488323211669921875
0.92850135868811112249687766961869783699512481689453125
0.950169591209930164410479846992529928684234619140625
0.986945061007023394239467961597256362438201904296875
0.864723145898768308370563318021595478057861328125
0.98558222222401858925167061897809617221355438232421875
0.54509552314183462584651351789943873882293701171875
0.7570643880204597220284767900011502206325531005859375
0.84245696842784856261943104982492513954639434814453125
0.77194423730110017789485254979808814823627471923828125
0.27021570376596215634634745583753101527690887451171875
0.1592170731905927227867181272813468240201473236083984375
0.53672952555899022808461040767724625766277313232421875
0.074896460433908018661242067537386901676654815673828125
0.74129841837161147832802043922129087150096893310546875
0.463194242428613012219074107633787207305431365966796875
0.6203751972040045803424845871631987392902374267578125
0.2187466482719158111791557530523277819156646728515625
0.107763183819019781051196105181588791310787200927734375
0.5224022686120133318610214701038785278797149658203125
0.2271775357551768237396316862941603176295757293701171875
0.98798879561386476755302510355249978601932525634765625
0.11467012116437318158812530555223929695785045623779296875
0.180216808421638230441885752952657639980316162109375
0.87779650272698905855150997012970037758350372314453125
0.9591060485500404464431767337373457849025726318359375
0.2241557097174952384310842035120003856718540191650390625
0.79233242608249765392969266031286679208278656005859375
0.0872911778685130090860155860355007462203502655029296875
0.48864765907109142251130151635152287781238555908203125
0.0294226622345962855742396158120754989795386791229248046875
0.1904032757461086300398989124005311168730258941650390625
0.343537502616428513935176169979968108236789703369140625
0.22034264692121308115702049690298736095428466796875
0.61484163283130233157436350666102953255176544189453125
0.423787015687575097100392440552241168916225433349609375
0.250729406369258389641885287346667610108852386474609375
0.6142922274834905493889891658909618854522705078125
0.156828993538780603334004126736545003950595855712890625
0.322526617125853232170840101389330811798572540283203125
0.74667008162786718816761322159436531364917755126953125
0.1826377022930596449867834962788037955760955810546875
0.399955786950865643802899285219609737396240234375
0.7317110261561865502955015472252853214740753173828125
0.84219901442630173971082285788725130259990692138671875
0.315836561059503140302950896511902101337909698486328125
0.172200586726982407537178687562118284404277801513671875
0.5214195356338375830773657071404159069061279296875
0.91538976082363621156190447436529211699962615966796875
0.96703877577885932748102959521929733455181121826171875
0.4845070980882770772524281710502691566944122314453125
0.372250562241417615183536327094770967960357666015625
0.80260160230221300192710032206377945840358734130859375
0.10063603199116701036874843566693016327917575836181640625
0.78105182563003705542570287434500642120838165283203125
0.99405609210676326714661854566656984388828277587890625
0.7047953147929140182981200268841348588466644287109375
0.498547697671944123332110621049650944769382476806640625
0.151663921844057691945550914169871248304843902587890625
0.591998066097497055437770541175268590450286865234375
0.450617408589747470148978436554898507893085479736328125
0.8654846124655961592253561320831067860126495361328125
0.4140744639626119383279956309706903994083404541015625
0.1385560841944795396063483394755166955292224884033203125
0.1286663297231618041660539120130124501883983612060546875
0.85969561844118669302616808636230416595935821533203125
0.49642065097411192109433386576711200177669525146484375
0.34840993226897432055721992583130486309528350830078125
0.2184889694761899259223270064467214979231357574462890625
0.2584528481859960091782113522640429437160491943359375
0.872208613842822888528871771995909512042999267578125
0.527262701432808622570291845477186143398284912109375
0.429202733761259669353904655508813448250293731689453125
0.681755029448193994312532595358788967132568359375
0.256069122467222187733426608247100375592708587646484375
0.57472959141001556115924131518113426864147186279296875
0.1815877222370299026721340851509012281894683837890625
0.3295045263736995355685621689190156757831573486328125
0.8271183510437227770495383083471097052097320556640625
0.92512641145155127819776907927007414400577545166015625
0.57365547054151788675113721183151938021183013916015625
0.56895810904398469443066232997807674109935760498046875
0.0167682091783584140409768536983392550610005855560302734375
0.36909837386063226727372921232017688453197479248046875
0.366414005573100387547214040750986896455287933349609375
0.2347979737607752692696294616325758397579193115234375
0.88006016233938755277677046251483261585235595703125
0.8156265471203376637987503272597678005695343017578125
0.78787107429833669325347500489442609250545501708984375
0.8901295517059646389412819189601577818393707275390625
0.77113467118290002222380508101196028292179107666015625
0.75062672735686730707271863138885237276554107666015625
0.90507334652593052215507896107737906277179718017578125
0.548384580085233164226110602612607181072235107421875
0.54819186429874589006061569307348690927028656005859375
0.6879763778708765098457433850853703916072845458984375
0.25833302003253855172459907407755963504314422607421875
0.1919234554245711488196235450232052244246006011962890625
0.1743025277621590152232755599470692686736583709716796875
0.5103584078654452849121980761992745101451873779296875
0.1885730508661703497264028328572749160230159759521484375
0.77933915228552141929441177126136608421802520751953125
0.50721705681980455704405130745726637542247772216796875
0.37789610884054380957053353995434008538722991943359375
0.092347274577406823770076016444363631308078765869140625
0.339028326952377501157798178610391914844512939453125
0.7328848027311660739968601774307899177074432373046875
0.81620433918023682640097149487701244652271270751953125
0.169786307574150308052907121236785314977169036865234375
0.37014984589542720971877542979200370609760284423828125
0.8380999098709318584354832637473009526729583740234375
0.83982550624749874312868769266060553491115570068359375
0.315060710215503692044336503386148251593112945556640625
0.37153415864870609208736595974187366664409637451171875
0.59277079049161207624507596847251988947391510009765625
0.0300797708472608470164910698940730071626603603363037109375
0.6270489481403720422036940362886525690555572509765625
0.8499770545633402729635008654440753161907196044921875
0.4043846216073188060136089916341006755828857421875
0.4293541351469951639074906779569573700428009033203125
0.495898823019070011941522579945740289986133575439453125
0.360213841479371243980978078980115242302417755126953125
0.8580375164086173622735032040509395301342010498046875
0.8667417745416712282491289442987181246280670166015625
0.541007099459416718190141182276420295238494873046875
0.74580199539000258113219388178549706935882568359375
0.295017843272079638428095904600922949612140655517578125
