              -3390.0903356978
         -0.000289935       0.000001949       0.000015925
          0.000001949      -0.000131591      -0.000007337
          0.000015925      -0.000007337      -0.000187355
          64
  1     6      -0.012422412       0.010009881       0.003326387  C
  1     6       0.007419697      -0.003909628      -0.000498353  C
  2    40      -0.034405225       0.007869115      -0.010360630  Zr
  1     6      -0.033401009       0.026443033      -0.033162124  C
  2    40       0.092129352       0.045338815       0.009220887  Zr
  2    40      -0.028176434       0.004273129       0.021033153  Zr
  1     6       0.023631372       0.000785106       0.023818017  C
  2    40       0.015322646       0.024483614      -0.018204366  Zr
  1     6      -0.266415788      -0.030085964      -0.009528848  C
  1     6       0.003594673      -0.017959139       0.002398110  C
  2    40      -0.014870451       0.000988662      -0.007571216  Zr
  1     6      -0.002644838       0.010533615      -0.004868089  C
  2    40       0.028460782       0.002915622      -0.002824155  Zr
  2    40       0.000757846       0.008620973      -0.009281929  Zr
  1     6       0.035420364      -0.004126009       0.009843310  C
  2    40      -0.018928436      -0.013935897       0.013312271  Zr
  2    40      -0.032731726      -0.004776865       0.000897275  Zr
  1     6      -0.003513181      -0.015005186      -0.010268822  C
  2    40       0.044650419      -0.046527710      -0.078771903  Zr
  1     6      -0.017424654      -0.009958237      -0.004696613  C
  1     6       0.010462384      -0.002129646       0.008298720  C
  2    40      -0.031837801       0.000231719       0.041140314  Zr
  1     6       0.015635608       0.050336052       0.105434888  C
  2    40       0.306459237      -0.014403104       0.020988022  Zr
  2    40       0.026894635      -0.019263387       0.001510115  Zr
  1     6      -0.000780458      -0.007553887      -0.011837791  C
  2    40      -0.013321101       0.004203629      -0.072395799  Zr
  1     6      -0.003918815       0.016051073      -0.014242596  C
  1     6       0.000435516       0.024422781       0.004534056  C
  2    40       0.026328452       0.006521156       0.017523952  Zr
  1     6       0.003258915      -0.006345959       0.002332361  C
  2    40      -0.027711740      -0.022684890      -0.011098649  Zr
  1     6      -0.010697488       0.012920603      -0.018403276  C
  2    40      -0.005188992      -0.010203941      -0.016303204  Zr
  1     6       0.001085278      -0.014084066       0.007240148  C
  2    40      -0.021104610       0.015883374      -0.018785390  Zr
  2    40      -0.015018122       0.018490837      -0.000083978  Zr
  1     6       0.000490870       0.003271672       0.019878238  C
  2    40      -0.008019580      -0.015444679       0.030564619  Zr
  1     6       0.025202598      -0.000211638      -0.001647774  C
  1     6      -0.022456446       0.001175150      -0.012157595  C
  2    40       0.028395063       0.000237373      -0.036969786  Zr
  1     6       0.006524933       0.006447974      -0.002633690  C
  2    40       0.001789982      -0.012843650       0.012697109  Zr
  2    40      -0.031257156       0.009259831       0.009241544  Zr
  1     6      -0.006363893      -0.021148353       0.011598541  C
  2    40      -0.012387179       0.033216583       0.030284586  Zr
  1     6       0.010449930       0.007490553       0.006492939  C
  2    40       0.001625771      -0.026748621      -0.010885315  Zr
  1     6       0.014846129      -0.003533226       0.006041358  C
  2    40      -0.017149366      -0.023654704       0.013715577  Zr
  1     6      -0.010326381      -0.005136867      -0.010781925  C
  1     6       0.008930696      -0.018830128       0.002073466  C
  2    40       0.002387802       0.016237851      -0.010003589  Zr
  1     6       0.002374575       0.012027247      -0.007228640  C
  2    40      -0.019224242       0.012393785       0.018504270  Zr
  2    40       0.035217302      -0.015129453      -0.002232702  Zr
  1     6      -0.010396158      -0.001124283       0.011866643  C
  2    40      -0.024430197      -0.013943804       0.003300815  Zr
  1     6      -0.018464713       0.019952096      -0.011706712  C
  1     6      -0.003897282      -0.025004886       0.016591816  C
  2    40      -0.012049973      -0.018519179      -0.036634960  Zr
  1     6       0.005641406      -0.005356444      -0.009850687  C
  2    40       0.007681387       0.038087967       0.019575730  Zr
