              -3390.0341672977
         -0.000302297      -0.000006636      -0.000008638
         -0.000006636      -0.000128254       0.000005867
         -0.000008638       0.000005867      -0.000113635
          64
  1     6      -0.007812154       0.002413189       0.034829803  C
  1     6       0.006265681      -0.021878336       0.003287137  C
  2    40       0.008104027      -0.003639989       0.003855864  Zr
  1     6      -0.029461852       0.012279703       0.004135409  C
  2    40      -0.046604734       0.077983970      -0.051055295  Zr
  2    40       0.024323892       0.006799732       0.002651077  Zr
  1     6      -0.004876499       0.017055676       0.014093118  C
  2    40      -0.043387104      -0.101428884      -0.000733701  Zr
  1     6      -0.013078964       0.009932471      -0.066485080  C
  1     6      -0.002429328      -0.002575238       0.004228957  C
  2    40      -0.017624110       0.019057917      -0.029357423  Zr
  1     6       0.019511300      -0.017465949       0.002384488  C
  2    40       0.031850997       0.004330058       0.011322762  Zr
  2    40       0.000364518      -0.016033563       0.021881230  Zr
  1     6       0.038209196       0.003021770      -0.001346594  C
  2    40      -0.007572350      -0.007353479      -0.005295157  Zr
  2    40       0.004753203      -0.019009586      -0.010556660  Zr
  1     6       0.001726155       0.002619906       0.001828320  C
  2    40       0.076370791       0.060551442       0.071211598  Zr
  1     6       0.019727979       0.014774355       0.002218474  C
  1     6       0.010306926       0.007911644      -0.003545678  C
  2    40       0.043579426       0.034130578       0.004643163  Zr
  1     6      -0.006691624      -0.020651198      -0.026842912  C
  2    40      -0.458947483      -0.059014086      -0.058853408  Zr
  2    40      -0.002170488       0.021191703       0.015148156  Zr
  1     6       0.005358615      -0.001829936       0.005088564  C
  2    40      -0.011739205       0.002737918      -0.003690905  Zr
  1     6      -0.003452430      -0.001687649       0.021269720  C
  1     6      -0.006212917       0.003893009       0.005739698  C
  2    40      -0.024766395      -0.014542679      -0.000911509  Zr
  1     6       0.001387950      -0.000320031      -0.001270180  C
  2    40       0.049382881      -0.002720470       0.004703949  Zr
  1     6       0.010957037      -0.004069065      -0.006762129  C
  2    40      -0.031046920      -0.011978769       0.010324386  Zr
  1     6      -0.007077454       0.005963966       0.012022233  C
  2    40       0.049145811      -0.020985938       0.047511171  Zr
  2    40       0.034036540      -0.035466173      -0.001678830  Zr
  1     6      -0.001959311       0.001888110      -0.009833545  C
  2    40       0.061769721       0.058222396       0.002218137  Zr
  1     6       0.220173139      -0.010929631      -0.008111347  C
  1     6      -0.011522150      -0.003567057      -0.002874466  C
  2    40      -0.001134479       0.014403793      -0.000247575  Zr
  1     6       0.000713445      -0.001894053       0.001996260  C
  2    40       0.035042528      -0.001774155      -0.038568492  Zr
  2    40      -0.008264869      -0.011699205       0.007780064  Zr
  1     6       0.030399449       0.002865717      -0.011646511  C
  2    40      -0.028559639      -0.010147796      -0.005631923  Zr
  1     6      -0.009260517       0.012101353       0.001786033  C
  2    40       0.004863216       0.012575077       0.014738188  Zr
  1     6       0.007684257      -0.001182585       0.008101573  C
  2    40       0.028785565      -0.015502782      -0.010962841  Zr
  1     6      -0.007490308       0.008675660       0.009826206  C
  1     6      -0.012937329      -0.015871102      -0.014182522  C
  2    40      -0.011910618       0.003514636      -0.007493204  Zr
  1     6      -0.001243518      -0.006850784      -0.001894449  C
  2    40       0.035737047       0.021542916       0.021919517  Zr
  2    40       0.016273544       0.001214096       0.010995521  Zr
  1     6       0.002488968      -0.008845528       0.001854063  C
  2    40       0.002513628       0.010725652       0.004926958  Zr
  1     6      -0.011914778       0.004631108      -0.003647526  C
  1     6      -0.005847223      -0.000307946      -0.005544867  C
  2    40      -0.053390446      -0.007755627       0.002980445  Zr
  1     6       0.014003766      -0.009263989      -0.003967561  C
  2    40      -0.003970905       0.010285438      -0.001276191  Zr
