1462744078
1.522956013845686573660032081534154713153839111328125
5.73967008203464335025500986375845968723297119140625
4.40117349645395705692862975411117076873779296875
0.64166072411033525657586551460553891956806182861328125
0.77341435051138451850505362017429433763027191162109375
2.4650932940358227796195933478884398937225341796875
4.7593393638289374081296045915223658084869384765625
5.526074562897090203250627382658421993255615234375
4.720632912627511501568733365274965763092041015625
5.60468108649253071718021601554937660694122314453125
6.14608705454344761420770737458951771259307861328125
4.2189481693838697395904091536067426204681396484375
0.781336417634772573137524886988103389739990234375
2.03642652252007305690995053737424314022064208984375
4.11118573822758737179583476972766220569610595703125
6.08360763743866339581245483714155852794647216796875
4.233074782215862086331981117837131023406982421875
4.86079337916722042933770353556610643863677978515625
4.812177896250130260114019620232284069061279296875
0.28012310851936350619695303976186551153659820556640625
0.01344240604678248289516329094794855336658656597137451171875
0.11975681163082436964106847199218464083969593048095703125
3.919715166816507778690947816357947885990142822265625
5.599498784049483646185763063840568065643310546875
3.89857557048749381323204943328164517879486083984375
1.777546453267038639722841253387741744518280029296875
5.6931604638395612028034520335495471954345703125
3.263805152489971828089210248435847461223602294921875
3.028290354352733526610563785652630031108856201171875
0.298212403621724353453004141556448303163051605224609375
0.36751600879385526443599019330576993525028228759765625
0.2072472388019225009170298790195374749600887298583984375
5.63872715468202301281053223647177219390869140625
0.66846846675370041879205018631182610988616943359375
4.2873094241725340225457330234348773956298828125
3.470126694767830866084068475174717605113983154296875
3.69380798075408645075867752893827855587005615234375
2.7903483000950348724700234015472233295440673828125
2.952529580926569252596891601569950580596923828125
3.687500621162941083497344152419827878475189208984375
0.7444710488348593724339252730715088546276092529296875
4.32939717059333073478910591802559792995452880859375
5.17835639708088724120216284063644707202911376953125
0.345757794148752573004657051569665782153606414794921875
0.327063392241674077975943646379164420068264007568359375
2.779752238162268351828743107034824788570404052734375
0.7426049388308648691037205935572274029254913330078125
5.29517019497108254455497444723732769489288330078125
1.771854797859169661222722425009123980998992919921875
4.26586654151920452449076037737540900707244873046875
0.62904493699784691518317458758247084915637969970703125
4.07673074932518364477118666400201618671417236328125
5.04269143975985389971583572332747280597686767578125
5.65319076532252662303790202713571488857269287109375
2.690555530638900183504347296548075973987579345703125
2.279955566248812015572866584989242255687713623046875
2.23936786091544615118209549109451472759246826171875
3.58947279214817882575516705401241779327392578125
1.63618445407377155476069674477912485599517822265625
3.058000406504117307804335723631083965301513671875
4.57920078699324495374867183272726833820343017578125
2.65782725027681099305709722102619707584381103515625
2.5415668216305764559592716977931559085845947265625
5.41995251641116038143763944390229880809783935546875
1.3502655040468403147002618425176478922367095947265625
4.0894005385956138098890733090229332447052001953125
4.855441688365726093934426899068057537078857421875
0.01897805879662016470543761670342064462602138519287109375
2.466839734415178231330401104060001671314239501953125
5.3269835458861649613027111627161502838134765625
2.446489610604614117761457237065769731998443603515625
2.30923654452783733148635292309336364269256591796875
1.649921246051281986666481316206045448780059814453125
5.82039642659055811435564464773051440715789794921875
3.5507546229729474163150371168740093708038330078125
5.24935355229217126549201566376723349094390869140625
2.149778874835224229400409967638552188873291015625
0.8853905299386284344365094511886127293109893798828125
3.29380764489103938785774516873061656951904296875
2.72158201595554682938882251619361340999603271484375
3.42479150135431620327608470688574016094207763671875
0.340198287056730441779706097804591991007328033447265625
2.4107432395461199092778770136646926403045654296875
5.6119957149197841062004954437725245952606201171875
6.03134517582417029046837342320941388607025146484375
3.751792939015375250022543696104548871517181396484375
5.97954777294092476580544825992546975612640380859375
0.5973216520971724730060259389574639499187469482421875
5.67655352021922876559756332426331937313079833984375
4.63238941911725898847862481488846242427825927734375
2.729744308856568490995186948566697537899017333984375
4.79089294730669479349671746604144573211669921875
5.2225531710525761042163139791227877140045166015625
3.287683577231757414693902319413609802722930908203125
5.6984412206692756086567897000350058078765869140625
0.59406335902982199126398654698277823626995086669921875
0.253877544812626976256098032536101527512073516845703125
4.83709530881779681266152692842297255992889404296875
1.2934379948657392933597520823241211473941802978515625
1.259018458320043887255224035470746457576751708984375
2.53851437869185669882199363200925290584564208984375
3.236247351267020899712179016205482184886932373046875
4.78865558087863174563381107873283326625823974609375
3.58116056769915047652830253355205059051513671875
3.96810178205192354283781241974793374538421630859375
0.84296133551252594440228449457208625972270965576171875
5.52892235530000419885254814289510250091552734375
5.29418397167444876316722002229653298854827880859375
5.02695245713870786374855015310458838939666748046875
0.418280433518685212934684614083380438387393951416015625
2.024762539167672681372778242803178727626800537109375
0.99907049397990121963886167577584274113178253173828125
1.94660543863505974826466626836918294429779052734375
4.94326086833904643214054885902442038059234619140625
3.718886223609442875925878979614935815334320068359375
4.28164130419070776412127088406123220920562744140625
4.92990542692034505734000049415044486522674560546875
2.209092151008243742893455419107340276241302490234375
5.06827235882192184135419665835797786712646484375
1.3342142030451629164389260040479712188243865966796875
1.4374320996721312582167229265905916690826416015625
3.167849625930665435902255921973846852779388427734375
1.527844521376909181498149337130598723888397216796875
5.1514593754730402253017018665559589862823486328125
4.477530543585483968627158901654183864593505859375
4.71382005339776188890255070873536169528961181640625
0.29889829861439676239598384199780412018299102783203125
2.4977478638076195949224711512215435504913330078125
5.2658710501753613897335526417009532451629638671875
5.4855471766019281432136267540045082569122314453125
1.076917455879919938155353520414792001247406005859375
2.675787273160266988014654998551122844219207763671875
4.71870653332452860695411800406873226165771484375
3.159013287673405390165726203122176229953765869140625
4.39194683995006851517928225803188979625701904296875
6.25698243009446031237530405633151531219482421875
0.387217726350420454739520437215105630457401275634765625
0.2293627916684974066274804727072478272020816802978515625
5.3204950507044035390435965382494032382965087890625
2.186673926242945764641945061157457530498504638671875
4.6673766761332640129467108636163175106048583984375
3.7339480711913690669234711094759404659271240234375
0.047013924092534853382829851398128084838390350341796875
0.92859341199711675773897923136246390640735626220703125
1.10633406421981828060552288661710917949676513671875
1.731271645126863933938921036315150558948516845703125
3.61495846646584428896176177659071981906890869140625
1.9068891029000030190587722245254553854465484619140625
3.00875303952980477362189049017615616321563720703125
5.55427328901098693592075505875982344150543212890625
3.275944578366139392500144822406582534313201904296875
0.6637082161762364318491336234728805720806121826171875
2.386531872204735282849696886842139065265655517578125
5.578224555369725834452765411697328090667724609375
6.2738931749862718589838550542481243610382080078125
4.9386819142731877008145602303557097911834716796875
2.09902185540170638233803401817567646503448486328125
3.341174222941359683858308926573954522609710693359375
2.337955317537708577191324366140179336071014404296875
1.175735456687973634615218543331138789653778076171875
4.40072292353752114735243594623170793056488037109375
5.62754090185726507655772365978918969631195068359375
1.0308807201019678512210475673782639205455780029296875
3.78297578394206457375048557878471910953521728515625
0.033961789479002725544720675543430843390524387359619140625
5.15714833911164571844665260869078338146209716796875
2.29894888913266104424337754608131945133209228515625
0.6898833725617017353926030409638769924640655517578125
0.43074226020677952586623860042891465127468109130859375
6.10932238132069738156815219554118812084197998046875
1.46663580369242563250509192585013806819915771484375
5.079534683386750515410312800668179988861083984375
0.871078375206768118488298568991012871265411376953125
5.71169344151420954602826896007172763347625732421875
0.12410593541491411750943285596804344095289707183837890625
0.370137771576166674236674225539900362491607666015625
3.511250700017020331955563960946165025234222412109375
6.25732494602996336396927290479652583599090576171875
0.96573807526486243890673222267650999128818511962890625
2.29857987682492392877975362353026866912841796875
0.5279938999992415116224719895399175584316253662109375
4.3096062355148436751051121973432600498199462890625
0.7102141653727789272210202398127876222133636474609375
1.2292382475434617816745230811648070812225341796875
4.98441223308213654519249757868237793445587158203125
1.5624065607726096427398942978470586240291595458984375
5.8201943215322078373219483182765543460845947265625
3.73352039294285731330091948620975017547607421875
2.49627954463579815325147137627936899662017822265625
3.617121086557615772250073860050179064273834228515625
3.766272129733413631669236565358005464076995849609375
0.86202903900314675755822690916829742491245269775390625
0.458780858879341224554337941299309022724628448486328125
0.876917784044946468924308646819554269313812255859375
0.88414880627959446801611420596600510179996490478515625
0.670399682908505045730862548225559294223785400390625
0.1263966546982511207630750504904426634311676025390625
0.1300852718437487676172992223655455745756626129150390625
0.1869272837354462868386661966724204830825328826904296875
0.1315760994942747619251832702502724714577198028564453125
0.72191560162320522753276463845395483076572418212890625
0.90775119741808207862732160720042884349822998046875
0.12289401894570049778021569863994955085217952728271484375
0.9207930145416376443989747713203541934490203857421875
0.527595618054082393655335181392729282379150390625
0.0170137942847860025585848831042312667705118656158447265625
0.2149339179577929581643758183417958207428455352783203125
0.89670151094752437170853909265133552253246307373046875
0.88173309428698065648433157548424787819385528564453125
0.374183295003223836960870585244265384972095489501953125
0.87574277113924858806370821184827946126461029052734375
0.8889746171836623300777091571944765746593475341796875
0.436914760822856240718436993120121769607067108154296875
0.75961181184258863563485419945209287106990814208984375
0.8985619721461841624687849616748280823230743408203125
0.375154107983761531119881738050025887787342071533203125
0.78320061172507726698910346385673619806766510009765625
0.59865770982515886800001680967397987842559814453125
0.95437176150939040386589340414502657949924468994140625
0.030448183897160079058874515567367780022323131561279296875
0.84355807157399043116896564242779277265071868896484375
0.136282912053299565258157599600963294506072998046875
0.015698206152626410780914767428839695639908313751220703125
0.7322067663689175720520552204106934368610382080078125
0.80660371752763337926950271139503456652164459228515625
0.66331320007485949918901724231545813381671905517578125
0.1509730388182089766413440656833699904382228851318359375
0.6844859135730592125668181324726901948451995849609375
0.5713477058202716118984199056285433471202850341796875
0.2117298441993677171613086329671205021440982818603515625
0.3352856362868499306983949281857348978519439697265625
0.09038725127018394644995424869193811900913715362548828125
0.86978925758497294129512056315434165298938751220703125
0.024580878217043765354699047520625754259526729583740234375
0.2084956845308168216224231628075358457863330841064453125
0.306128397726513623577915268469951115548610687255859375
0.10249104029614992950047991371320676989853382110595703125
0.110545745170929354816991008192417211830615997314453125
0.4753957327806370702916183290653862059116363525390625
0.01562054688838336070910717268134249025024473667144775390625
0.94914257291198822485966957174241542816162109375
0.96434593804382995330115591059438884258270263671875
0.231221564221764708246809050251613371074199676513671875
0.68800341137126241886079469622927717864513397216796875
0.09292957610121442557638005155240534804761409759521484375
0.272478947542830807204694565371028147637844085693359375
0.486617207753759439814444931471371091902256011962890625
0.54670146039999156784006117959506809711456298828125
0.051911159442696329369137941966982907615602016448974609375
0.18056748303611180883621045722975395619869232177734375
0.626311400731239142913864270667545497417449951171875
0.312460600078320382966268198288162238895893096923828125
0.9291071910080999085579378515831194818019866943359375
0.84699168840748806363905032412731088697910308837890625
0.265758856789096664652305435083690099418163299560546875
0.68650237316568496481750116799958050251007080078125
0.5415459822591142113878959207795560359954833984375
0.31501704096562088697197623332613147795200347900390625
0.299680161895081453860001374778221361339092254638671875
0.5753368165229153508022363894269801676273345947265625
0.90275370790751352512160110563854686915874481201171875
0.82082495085002149526332004825235344469547271728515625
0.2106819628787608700282163454176043160259723663330078125
0.74577738006868277143013301611063070595264434814453125
0.93880874986704843099261097449925728142261505126953125
0.52299996676063165157444245778606273233890533447265625
0.413040743867420012680469199040089733898639678955078125
0.293922591625676743465334084248752333223819732666015625
0.25846691162254054052738183600013144314289093017578125
0.74665085819859566829137520471704192459583282470703125
0.003526514397713595254379992383064745808951556682586669921875
0.739127198578383381999401535722427070140838623046875
0.08400154164247286558975247316993772983551025390625
0.3178400431377068624527737483731471002101898193359375
0.05716469141522641239649971112157800234854221343994140625
0.7762914419995115000716623399057425558567047119140625
0.740992623726368204728487398824654519557952880859375
0.349289314052690424983182992946240119636058807373046875
0.96464280363388488215292682070867158472537994384765625
0.2142677084609250215407882933504879474639892578125
0.021411556294845209003074870679483865387737751007080078125
0.468571703633559710766576245077885687351226806640625
0.572728241594847364837050918140448629856109619140625
0.77660023550344636777964524299022741615772247314453125
0.9034085748267399740285554798902012407779693603515625
0.355420922094686397851859283036901615560054779052734375
0.9564043246006612708498551000957377254962921142578125
0.45200758588128142623219218876329250633716583251953125
0.14869235928575152971831130344071425497531890869140625
0.42408756978068851140051265247166156768798828125
0.6630244886796103909176736124209128320217132568359375
0.1657754495580566478363238047677441500127315521240234375
0.7974954041640718305217205852386541664600372314453125
0.35569169807978517905411308674956671893596649169921875
0.61013145726645900968065916458726860582828521728515625
0.6655897603675675622270091480459086596965789794921875
0.307227081762266873710132131236605346202850341796875
0.06599531418923069991944174716991255991160869598388671875
0.89665575879470249542890769589575938880443572998046875
0.71115047704016343121935506133013404905796051025390625
0.36584664246339659854356796131469309329986572265625
0.70699942238023483209730102316825650632381439208984375
0.1611195188765970620625722631302778609097003936767578125
0.36265683330719211685533309719176031649112701416015625
0.92885463728050454701445914906798861920833587646484375
0.51566892932898777957007041550241410732269287109375
0.98712341486808075075032320455648005008697509765625
0.995896237900432357292856977437622845172882080078125
0.19650914249779150022590101798414252698421478271484375
0.54675702543312543202347342230495996773242950439453125
0.9215473429865890242496107020997442305088043212890625
0.438183613325554721651400313930935226380825042724609375
0.34650824933615897993632870566216297447681427001953125
0.10872974764030880756582320145753328688442707061767578125
0.346774476741801229717765409077401272952556610107421875
0.043228340820981349390539349997197859920561313629150390625
0.886451623349660877693168004043400287628173828125
0.03487208626925576704369547087480896152555942535400390625
0.90923477146273234961171283430303446948528289794921875
0.35738302038860647602547260248684324324131011962890625
0.1842733221986672387249228677319479174911975860595703125
0.429968533772029204431674997977097518742084503173828125
0.5544963281389774234497735960758291184902191162109375
0.956015555167577968376235730829648673534393310546875
0.77745270765267904256035080834408290684223175048828125
0.55764607040101943358223479663138277828693389892578125
0.715119366401396394650191723485477268695831298828125
0.92777447445680127913192336563952267169952392578125
0.500008611241359535171113748219795525074005126953125
0.304791623402755507132866341635235585272312164306640625
0.85638444677758240874965167677146382629871368408203125
0.55940420718835859315021252768929116427898406982421875
0.09824772742495301025567044916897430084645748138427734375
0.79040721188783980011294261203147470951080322265625
0.99180521303406232735966341351740993559360504150390625
0.8455719071652609830636038168449886143207550048828125
0.020842181062718005690737044233173946850001811981201171875
0.34747527183381621274094186446745879948139190673828125
0.70140521214409046191207153242430649697780609130859375
0.3263439798384644152662303895340301096439361572265625
0.8062634076020975815168867484317161142826080322265625
0.177857969039053653848014846516889519989490509033203125
0.87981973396605794857094906546990387141704559326171875
0.58301038880972677613812038543983362615108489990234375
0.142136665592965061311048202696838416159152984619140625
0.2266114322592557572821903022486367262899875640869140625
0.23582197690188044791881338824168778955936431884765625
0.74135718203212930266232660869718529284000396728515625
0.380291932905228780015249867574311792850494384765625
0.3415522032145188457974427365115843713283538818359375
0.67955462573075420262824763995013199746608734130859375
0.54817568117202053468162148419651202857494354248046875
0.462664550385747386229695621295832097530364990234375
0.275735316460828883133871158861438743770122528076171875
0.1991417795415696689875773017774918116629123687744140625
0.6429276818609459542841477741603739559650421142578125
0.486069346538777147248566734560881741344928741455078125
0.52678796021583862430048839087248779833316802978515625
0.92641809486151582841984009064617566764354705810546875
0.7457174247809301714795537918689660727977752685546875
0.99760036170370891550618352994206361472606658935546875
0.06707587189370574354274623374294606037437915802001953125
0.75834449648780022368299569279770366847515106201171875
0.5674920424667615481695293055963702499866485595703125
0.340197447845804246124856717869988642632961273193359375
0.510733575332320111073158841463737189769744873046875
0.09616835512973757882360104076724383048713207244873046875
0.72014888037003055298868048339500091969966888427734375
0.954560209044516216891906879027374088764190673828125
0.7229026685109840588694396501523442566394805908203125
0.59796349313015284554495565316756255924701690673828125
0.1591071752640917658094821263148332946002483367919921875
0.1866160008062683062224351715485681779682636260986328125
0.449921919242442569508710903392056934535503387451171875
0.795693484971156994589591704425401985645294189453125
0.1815888551909424497576850399127579294145107269287109375
0.1679682001322359841122278112379717640578746795654296875
0.026716183883471501803175129907685914076864719390869140625
0.057097781476144575385500701258933986537158489227294921875
0.06494912601306528088240810347997467033565044403076171875
0.5032524720315134647563581893336959183216094970703125
0.41704730243284593438346519178594462573528289794921875
0.63459195738406481979154705186374485492706298828125
0.1582537326767359531221046609061886556446552276611328125
