410520470
3.8251072599100570670316301402635872364044189453125
6.25191530611755208468593991710804402828216552734375
2.04949457660813294523904914967715740203857421875
6.0138724333975712710298466845415532588958740234375
1.5199661808748807789726242845063097774982452392578125
1.6305109944409601485659777608816511929035186767578125
1.6119180459026101193131808031466789543628692626953125
2.966537770540124796525560668669641017913818359375
4.1458287179547230749676600680686533451080322265625
3.886871149153574123147336649708449840545654296875
3.870179520131526107462605068576522171497344970703125
4.44874243703621008449999862932600080966949462890625
0.458760430045619338468299019950791262090206146240234375
5.374851065122356885694898664951324462890625
5.46100715886258658571250634850002825260162353515625
1.41409016209968374511163347051478922367095947265625
4.72603986369649486931621140684001147747039794921875
0.64893927112610649832191711539053358137607574462890625
1.553333092272369153619138160138390958309173583984375
4.82374033845871696968288233620114624500274658203125
4.489230459131722028587319073267281055450439453125
6.15388851577462592246092754066921770572662353515625
4.18737505594976600065137972705997526645660400390625
5.72168388462093080448767068446613848209381103515625
5.78695459038077242297504199086688458919525146484375
1.0808481382802439529910998317063786089420318603515625
4.21795213868443941152008846984244883060455322265625
0.6680979622695237818419400355196557939052581787109375
2.985830485460365668615168033284135162830352783203125
1.922875362563920109693071935907937586307525634765625
0.597244819639701329805347995716147124767303466796875
5.16658145724392259268142879591323435306549072265625
4.7197856899550032494516926817595958709716796875
5.81563382656666050252169952727854251861572265625
6.19514713289370622106844166410155594348907470703125
3.06323275537462169637592523940838873386383056640625
4.5272548949992170719269779510796070098876953125
4.21915549120808730521048346417956054210662841796875
5.77117695161232635570058846496976912021636962890625
4.4814631190018001660746449488215148448944091796875
0.6998385037518495277453212111140601336956024169921875
2.36570974372788800366151917842216789722442626953125
4.80871653552433375722330310964025557041168212890625
3.31131791116634577321065080468542873859405517578125
2.79357143046345601788971180212683975696563720703125
3.675014059455979253954183150199241936206817626953125
2.287973495468033302557842034730128943920135498046875
2.430915633439353573663765928358770906925201416015625
2.0907456392182570681370634702034294605255126953125
0.7145073647245723247323212490300647914409637451171875
0.036367719179717462874013023110819631256163120269775390625
0.1207144553598812619643609878039569593966007232666015625
0.4284907853967692137331368940067477524280548095703125
0.71188196220208210807101067985058762133121490478515625
1.7143387194711492416132614380330778658390045166015625
5.19142867315052125576357866520993411540985107421875
4.47247103848592697517005944973789155483245849609375
1.0487825656592864032035095078754238784313201904296875
4.30776081994998438773336602025665342807769775390625
4.50936398914328773201987132779322564601898193359375
3.31110845055589830820963470614515244960784912109375
4.20896320051659689198686464806087315082550048828125
4.45960295944749507413007449940778315067291259765625
0.04047052852113160181790618707964313216507434844970703125
2.32005769103612724535423694760538637638092041015625
2.269870767851877690901574169402010738849639892578125
4.53271801627073500640108250081539154052734375
0.6368627214689432936012281061266548931598663330078125
0.447269872705563009684937014753813855350017547607421875
4.8776912386765989282366717816330492496490478515625
0.258904464874907758176192373866797424852848052978515625
4.5757858183255475381656651734374463558197021484375
5.05988772577969125876506950589828193187713623046875
1.4461924744452587798804188423673622310161590576171875
3.70148355788462968263274888158775866031646728515625
3.902610193217279199728864114149473607540130615234375
1.5735639092619770895709052638267166912555694580078125
0.0453033515386227769727867098481510765850543975830078125
2.1850816247639901490629199543036520481109619140625
0.0171448644493869366278726573682433809153735637664794921875
0.84075177623129448978289701699395664036273956298828125
0.57837942309012546626689754702965728938579559326171875
4.67760086136469599438214572728611528873443603515625
4.0514932970953676516501218429766595363616943359375
2.563986831155930179448887429316528141498565673828125
1.00329402332113470919239262002520263195037841796875
0.148748541747412754698842718426021747291088104248046875
1.271081496465836124798443051986396312713623046875
4.92046292270567864335362173733301460742950439453125
2.0099142132567795471231875126250088214874267578125
2.389645134499641887515508642536588013172149658203125
3.068167886104999464436104972264729440212249755859375
1.4577271972820986523089459296897985041141510009765625
3.713190609545254261547597707249224185943603515625
3.1992451206292127352526222239248454570770263671875
1.8647628349203693165492268235539086163043975830078125
6.0173511121475780072387351538054645061492919921875
3.130281389362535637843620861531235277652740478515625
3.658384402569563320639645098708570003509521484375
3.25345210173086041294254755484871566295623779296875
3.544588619304033461077096944791264832019805908203125
2.762077226830494947051874987664632499217987060546875
3.552640666698676508161724996170960366725921630859375
2.61878812857854992302009122795425355434417724609375
0.46724739420742567030941927441745065152645111083984375
4.528679467068826625109068118035793304443359375
4.258041448309388243842477095313370227813720703125
0.53691626954284921158233601090614683926105499267578125
4.427133290817447885956426034681499004364013671875
3.075392164711738818283492946648038923740386962890625
1.6972570560085797897187376293004490435123443603515625
5.38319000830716731798020191490650177001953125
1.100111954716766149431350640952587127685546875
5.843189535816758706232576514594256877899169921875
3.128875481201769392924916246556676924228668212890625
4.69768229101182210882825529552064836025238037109375
0.78701715674794148203119448226061649620532989501953125
4.0836159586314124680939130485057830810546875
5.20973294113864771048838520073331892490386962890625
0.246390809925136233804465746288769878447055816650390625
5.04792112904529144401521989493630826473236083984375
2.250687564053140743425274195033125579357147216796875
6.0887323301677884757054926012642681598663330078125
2.4553606170944934916633428656496107578277587890625
0.7545254156099290288040037921746261417865753173828125
5.57587342950605968638910781010054051876068115234375
4.18772247851250423167357439524494111537933349609375
3.883205336848830402374233017326332628726959228515625
0.622978929631255340382267604582011699676513671875
3.7631454905155994339338576537556946277618408203125
6.25666590436153580156997122685424983501434326171875
4.1421332084129911521586109302006661891937255859375
3.354216693518066616519490708014927804470062255859375
5.100155584556095078596626990474760532379150390625
2.361782651328528270795459320652298629283905029296875
1.67455937000278876070069600245915353298187255859375
3.838431368549357625141738026286475360393524169921875
4.14929575480266255027572697144933044910430908203125
0.42966546765191926393612220635986886918544769287109375
1.5934734167765445267406221319106407463550567626953125
5.852223853703389266911472077481448650360107421875
3.63597335488035700024056495749391615390777587890625
5.5620396811699936989725756575353443622589111328125
2.761410162519326139118902574409730732440948486328125
4.679202958543104529098854982294142246246337890625
3.653687718708436449333021300844848155975341796875
2.41901282871067468960291080293245613574981689453125
5.41318132108828020676583037129603326320648193359375
3.45519948831415657508614458492957055568695068359375
1.770808556885456130913780725677497684955596923828125
3.29351269427393322786201679264195263385772705078125
0.66031532001650383723045933948014862835407257080078125
1.0874295580183377385452558883116580545902252197265625
4.49273715861459965736912636202760040760040283203125
5.13108214671632278935931026353500783443450927734375
2.70128591185794153517463200842030346393585205078125
0.68918681874791098973531688898219726979732513427734375
2.173696429709767397042696757125668227672576904296875
1.290067355541649529726555556408129632472991943359375
6.153059807793315627577612758614122867584228515625
5.1764769452640191360615062876604497432708740234375
4.33876857406355664892316781333647668361663818359375
5.03619784777150680810109406593255698680877685546875
0.80234869327759816837186690463568083941936492919921875
1.415730892018702835599697209545411169528961181640625
1.742008872802511376676193322055041790008544921875
6.01852517705129930192242682096548378467559814453125
5.55800234911592649922340569901280105113983154296875
0.92874996763818173928228816293994896113872528076171875
2.339864463665729754637823134544305503368377685546875
3.570579480195833266265026395558379590511322021484375
4.4767675118483793994528241455554962158203125
5.0952243422619698520747988368384540081024169921875
4.2278074959358118434238349436782300472259521484375
5.30238523378724035950426696217618882656097412109375
6.0713767148142085972040149499662220478057861328125
1.3380589214533713526833480500499717891216278076171875
5.50798134717427956275059841573238372802734375
1.31253927817792881427294560126028954982757568359375
2.29928349945886889571511346730403602123260498046875
2.60030199061493139112144490354694426059722900390625
1.1543284564892672960922936908900737762451171875
0.1604312650803954298783793319671531207859516143798828125
3.158411302735866232893613414489664137363433837890625
4.196699707484047081607059226371347904205322265625
0.8658280470730812528046271836501546204090118408203125
4.25624083899943084219330557971261441707611083984375
5.74386018369778827974414525669999420642852783203125
5.709874200479607253555514034815132617950439453125
3.1703862790650187974961227155290544033050537109375
1.502979074585219176896089265937916934490203857421875
2.641565704540596026816956509719602763652801513671875
0.61888335022092022530415533765335567295551300048828125
0.62535088026213969669697689823806285858154296875
0.0271379747554371004991669025230294209904968738555908203125
0.68936232043866174645785349639481864869594573974609375
0.6540638001887424390901060178293846547603607177734375
0.490291005694442894036200186747009865939617156982421875
0.63921543473341291274891773355193436145782470703125
0.93960632986370773434003922375268302857875823974609375
0.469461501794616486993305670694098807871341705322265625
0.845751751142438390473898834898136556148529052734375
0.1420589024862548843675114085272070951759815216064453125
0.56935046267199818093018848230713047087192535400390625
0.59514800719690885699719729018397629261016845703125
0.561713195667468578875514140236191451549530029296875
0.1332892561952067900232776764823938719928264617919921875
0.477931013087709910536204915842972695827484130859375
0.220082664964759089354373600144754163920879364013671875
0.07835979949606573791154318087137653492391109466552734375
0.060419418411524698775405539663552190177142620086669921875
0.48913077148102723779032885431661270558834075927734375
0.0272260047622146124368658348657845635898411273956298828125
0.9710279442235025815222115852520801126956939697265625
0.451560927765239483733239467255771160125732421875
0.3262705734587603156882096300250850617885589599609375
0.52924903087748631502762464151601307094097137451171875
0.536980631079981396425182538223452866077423095703125
0.8800616748072493944476946126087568700313568115234375
0.74432192404955710429703685804270207881927490234375
0.9617652096607560707752782036550343036651611328125
0.344355965659188079097674517470295540988445281982421875
0.531094558784316550514859045506455004215240478515625
0.84722707227208982061483766301535069942474365234375
0.92556887163108625404817075832397677004337310791015625
0.99839786393493312743885326199233531951904296875
0.69330899123722178334361387896933592855930328369140625
0.7004715091085393918746149211074225604534149169921875
0.466950412591430552566862388630397617816925048828125
0.38697643502940259896405450490419752895832061767578125
0.5821337264879298256659012622549198567867279052734375
0.839533769450864664207756504765711724758148193359375
0.88526933308936162081437259985250420868396759033203125
0.78269069072915742335538880070089362561702728271484375
0.48284549335150306337283154789474792778491973876953125
0.2405406885037853770281657261875807307660579681396484375
0.83304773356441763620949814139748923480510711669921875
0.539665167936899337064460269175469875335693359375
0.407183632444210186207556034787558019161224365234375
0.11531951563214860867478961381493718363344669342041015625
0.312479111045822099956836837009177543222904205322265625
0.31874079365224616822160896845161914825439453125
0.60124601451738091117960038900491781532764434814453125
0.726323098282480206222544438787735998630523681640625
0.69071175562716635720761360062169842422008514404296875
0.98670776699982010171652291319333016872406005859375
0.82654654180004560881656061610556207597255706787109375
0.3842282390148510362593015088350512087345123291015625
0.202755935584546964634000687510706484317779541015625
0.47714688138903438296978265498182736337184906005859375
0.693931544057061699959376710467040538787841796875
0.1302121310169865042727366244434961117804050445556640625
0.3025842235901319288160493670147843658924102783203125
0.89112156950455234660779524347162805497646331787109375
0.056769538697213649258710432832231163047254085540771484375
0.042520359643977302666062456637519062496721744537353515625
0.12015846423812139021070066746688098646700382232666015625
0.3750367524917408434959043006529100239276885986328125
0.380473456057009051800577026369865052402019500732421875
0.7896009058643136402366735637770034372806549072265625
0.2146593836204425398417328096911660395562648773193359375
0.344030692867949017266226974243181757628917694091796875
0.60255020838349604428429984182002954185009002685546875
0.7530217998442341187370629995712079107761383056640625
0.89517786209246974493680681916885077953338623046875
0.490907572904092981413981533478363417088985443115234375
0.94785625112608828946036965135135687887668609619140625
0.1160886828396882342051554815043346025049686431884765625
0.2909970028749653270239150515408255159854888916015625
0.9602083307505624443223268826841376721858978271484375
0.01365133701528019154192161721539378049783408641815185546875
0.717015192246537313991439077653922140598297119140625
0.363989843690763148487121725338511168956756591796875
0.85521428047456515830759826712892390787601470947265625
0.1934117945811766048347379864935646764934062957763671875
0.8156485109662863219881501208874396979808807373046875
0.421123857806028734085401765696587972342967987060546875
0.44927710408776866390923032668069936335086822509765625
0.8879381357170352817576031156932003796100616455078125
0.82898021015756773177685090558952651917934417724609375
0.432467584699610052556550954250269569456577301025390625
0.372225403027713952486266180130769498646259307861328125
0.94100748651707888381423572354833595454692840576171875
0.63076431054191861580449085522559471428394317626953125
0.495524338211642711993221155353239737451076507568359375
0.57977103142988450912298503681086003780364990234375
0.593701331221359485112998299882747232913970947265625
0.64298547694598584545389030608930625021457672119140625
0.388838167483377350475137745888787321746349334716796875
0.70215447419423349106892828785930760204792022705078125
0.1430149423624458571158157837999169714748859405517578125
0.990321140731834415049661402008496224880218505859375
0.6774821880634325221848257569945417344570159912109375
0.5878128663579993418153435413842089474201202392578125
0.64189714828594457429744579712860286235809326171875
0.348536320658650422554813985698274336755275726318359375
0.73668085864590515665639713915879838168621063232421875
0.4546885683455916815631780991679988801479339599609375
0.209075809553766533976926211835234425961971282958984375
0.90969283455502836233108610031194984912872314453125
0.6764255197143300701867474344908259809017181396484375
0.2137758229923321928733770391772850416600704193115234375
0.786250088730012119953016735962592065334320068359375
0.2278180249164896142843872439698316156864166259765625
0.354961056893207616003138582527753897011280059814453125
0.75733821781228216618586657205014489591121673583984375
0.447775483339920399306066656208713538944721221923828125
0.06211479988978933775012336582221905700862407684326171875
0.1872576024323970023122143402360961772501468658447265625
0.69067799471815949363673325933632440865039825439453125
0.06672074229769443809434648073874996043741703033447265625
0.90351948370389612019693004185683093965053558349609375
0.75997603906317434674377864212146960198879241943359375
0.481089945640922500569303110751206986606121063232421875
0.44366093047133692284234030012157745659351348876953125
0.67365199638235007117970098988735117018222808837890625
0.8802466452495412152501330638187937438488006591796875
0.39021330019003397371335495336097665131092071533203125
0.74418911931300024686919414307340048253536224365234375
0.84158498926162017550467453474993817508220672607421875
0.54800382375158551706562093386310152709484100341796875
0.59712617592752270656575319662806577980518341064453125
0.346582565152357580107178591788397170603275299072265625
0.12103697756353624936931367983561358414590358734130859375
0.309168641599439408818028596215299330651760101318359375
0.36299491830309615902905306938919238746166229248046875
0.850929288124167015894272481091320514678955078125
0.17929098484073346941869431248051114380359649658203125
0.624722453125157617392915199161507189273834228515625
0.57995717533862090053986548809916712343692779541015625
0.05116371021194555945843518429683172143995761871337890625
0.1884698328508389308932891026415745727717876434326171875
0.14103699016433068891274160705506801605224609375
0.597907088975378808726190982270054519176483154296875
0.1967144576817352608077982267786865122616291046142578125
0.98437628614920014147315896479994989931583404541015625
0.03841528437957879293929153163844603113830089569091796875
0.7404975880591653236706406460143625736236572265625
0.2407434369627123038615224004388437606394290924072265625
0.9188380175823522844069657367072068154811859130859375
0.67324953837005863110931613846332766115665435791015625
0.92580146292494680526630190797732211649417877197265625
0.54834733696111814804652340171742253005504608154296875
0.13508415228458314771842196932993829250335693359375
0.765473377781674901854103154619224369525909423828125
0.24145317321710901836695484234951436519622802734375
0.96865049887851373267011467760312370955944061279296875
0.7480474434551072082655309714027680456638336181640625
0.00860613910882088335718709259936076705344021320343017578125
0.9949135989858366446725312925991602241992950439453125
0.7854466097361625376294114175834693014621734619140625
0.9500388786895381798558446462266147136688232421875
0.5607923458147758832836871079052798449993133544921875
0.2088597436476777036151730726487585343420505523681640625
0.5520710319057438031364881680929102003574371337890625
0.35144786087397850149471878467011265456676483154296875
0.40953069618415582908710348419845104217529296875
0.749499395838705506633914410485886037349700927734375
0.382341770633282951319387166222441010177135467529296875
0.13094782276588856628762869149795733392238616943359375
0.59962487574649270261062383724492974579334259033203125
0.9644522364085783561193920832010917365550994873046875
0.80232400205094556167040309446747414767742156982421875
0.6779628636678507458412923369905911386013031005859375
0.0584542108971878027201540817259228788316249847412109375
0.0162507379503225614369998908159686834551393985748291015625
0.65216634639174042575859857606701552867889404296875
0.667762715214752944348219898529350757598876953125
0.6568260824572416112232531304471194744110107421875
0.01449447405268180881499073819895784254185855388641357421875
0.004320219626799327861110810999889508821070194244384765625
0.43421768417312656129780634728376753628253936767578125
0.64319165872558559104987807586439885199069976806640625
0.37172894895622921040967412409372627735137939453125
0.06830062813512079167299617665776167996227741241455078125
0.1733485773081651915017431520027457736432552337646484375
0.8750777677051153613518863494391553103923797607421875
0.2362008780409586006232558474948746152222156524658203125
0.85030049311476785245389464762411080300807952880859375
0.488331910450166051251841281555243767797946929931640625
0.58704020343117424562962014533695764839649200439453125
0.7526555251109672273202022552140988409519195556640625
0.470872264574688059735052547694067470729351043701171875
0.452165241098108350303874658493441529572010040283203125
