              -3390.1823058638
         -0.000087168      -0.000000042       0.000012285
         -0.000000042      -0.000080940       0.000004598
          0.000012285       0.000004598      -0.000096785
          64
  1     6       0.011333988      -0.010510790      -0.003475995  C
  1     6       0.007043780       0.037611428      -0.024531446  C
  2    40      -0.034408693       0.031661822      -0.035220612  Zr
  1     6       0.037550879      -0.020127197       0.011565486  C
  2    40      -0.019798589      -0.012927496      -0.021828038  Zr
  2    40      -0.012958574      -0.024762845       0.045476097  Zr
  1     6      -0.000716591       0.012867458       0.029540615  C
  2    40       0.071409823      -0.047380165      -0.000212661  Zr
  1     6       0.036870748      -0.013202984      -0.000646582  C
  1     6      -0.011138688       0.006686070      -0.026530432  C
  2    40       0.005881972       0.026269508      -0.033522814  Zr
  1     6      -0.006462565      -0.022711288       0.006293048  C
  2    40       0.030329555       0.019083701      -0.002108607  Zr
  2    40       0.006880490       0.017262274       0.029741826  Zr
  1     6       0.000593516      -0.028102240      -0.000052428  C
  2    40      -0.031743503       0.014527519      -0.010809142  Zr
  2    40      -0.001267757      -0.005594762      -0.018667133  Zr
  1     6       0.000599218       0.013805744      -0.003614712  C
  2    40       0.038345118      -0.031107782       0.058153956  Zr
  1     6      -0.027881021      -0.017097281       0.020538277  C
  1     6       0.017892945      -0.006901354       0.006046817  C
  2    40       0.006437942       0.011239952      -0.026512393  Zr
  1     6      -0.016961923      -0.018785015       0.040125496  C
  2    40      -0.031862381       0.018534290       0.004716821  Zr
  2    40       0.012170219      -0.022893911      -0.002182612  Zr
  1     6       0.014772444      -0.000103560      -0.006855953  C
  2    40       0.021914081      -0.019926666       0.031116636  Zr
  1     6      -0.006269622      -0.005304842       0.008581440  C
  1     6       0.000699637      -0.003934739      -0.004700023  C
  2    40      -0.007638938       0.018835203      -0.018252278  Zr
  1     6       0.020181594      -0.005305704      -0.034452220  C
  2    40       0.028624933       0.008551188      -0.021374153  Zr
  1     6      -0.021740905      -0.012444547       0.010280671  C
  2    40      -0.005922439       0.002953503       0.021913068  Zr
  1     6      -0.011733001       0.007002500      -0.004461053  C
  2    40       0.028142050       0.004824611      -0.007871904  Zr
  2    40       0.001175433       0.047528560       0.019600774  Zr
  1     6       0.000185321      -0.001931500       0.018297831  C
  2    40       0.017654290       0.000759930      -0.004256796  Zr
  1     6      -0.003402025      -0.010422240       0.000390369  C
  1     6      -0.002121987      -0.010078651       0.002943178  C
  2    40      -0.025043142      -0.007559115      -0.009617273  Zr
  1     6       0.001707034       0.019714897      -0.006954921  C
  2    40      -0.004925935       0.008398402      -0.030046985  Zr
  2    40       0.025510078       0.002142233      -0.019314811  Zr
  1     6       0.001849300      -0.008052839      -0.010837439  C
  2    40      -0.016384035      -0.015389281       0.019369896  Zr
  1     6      -0.008247044       0.004046649       0.005689831  C
  2    40       0.019855639       0.013268399       0.025199430  Zr
  1     6      -0.014129195       0.002245794       0.014208614  C
  2    40      -0.029004009      -0.012130350       0.008617868  Zr
  1     6       0.003648574       0.000554497       0.009272372  C
  1     6       0.022195217      -0.009925998      -0.016035966  C
  2    40      -0.043860168       0.017538038      -0.010063627  Zr
  1     6      -0.014207606      -0.009030987       0.004090310  C
  2    40       0.000059214       0.030083229       0.011589546  Zr
  2    40      -0.012157177       0.009288359       0.000737998  Zr
  1     6      -0.035219904       0.004630426       0.014451621  C
  2    40       0.014601547       0.010746899      -0.002976720  Zr
  1     6      -0.019984066       0.010009627       0.012044342  C
  1     6      -0.003908303       0.004136403      -0.008366870  C
  2    40       0.011090657       0.014185497      -0.011613560  Zr
  1     6       0.011611610      -0.006495191      -0.014555211  C
  2    40      -0.046354660      -0.030985169      -0.038111032  Zr
