              -3390.0542034058
         -0.000295973       0.000000877      -0.000012045
          0.000000877      -0.000165785      -0.000004215
         -0.000012045      -0.000004215      -0.000264593
          64
  1     6       0.001437840      -0.001888992      -0.008430163  C
  1     6       0.011324402      -0.038706691      -0.024859206  C
  2    40       0.010268871       0.001445960      -0.017834191  Zr
  1     6      -0.009887919      -0.003052672       0.049207637  C
  2    40       0.209591764       0.133023621       0.051574363  Zr
  2    40       0.011926250      -0.042858422       0.013983633  Zr
  1     6       0.007992422       0.013283044       0.004928092  C
  2    40      -0.117038911       0.028290581       0.048476519  Zr
  1     6       0.049970782       0.036505256      -0.031821387  C
  1     6       0.012698416       0.005452867       0.005351373  C
  2    40       0.011365831      -0.016623074      -0.025264445  Zr
  1     6      -0.006643859       0.014908633       0.006763394  C
  2    40       0.000691373      -0.054455862      -0.009786547  Zr
  2    40       0.007054676       0.007133947       0.007680373  Zr
  1     6       0.000604560       0.004092469       0.006495999  C
  2    40       0.016689495       0.026000350       0.002536422  Zr
  2    40       0.003034806      -0.043738645       0.013645009  Zr
  1     6      -0.009643773       0.008197967       0.049458541  C
  2    40       0.005116446       0.001075328      -0.067921287  Zr
  1     6      -0.014993234       0.031780431       0.031998444  C
  1     6      -0.005371387       0.015421991       0.002361467  C
  2    40      -0.034843174      -0.042642944      -0.055586975  Zr
  1     6       0.094566065       0.021795212       0.006902334  C
  2    40      -0.065998208      -0.066465865      -0.105129329  Zr
  2    40      -0.017312327       0.037302685      -0.005219381  Zr
  1     6      -0.003535487       0.003733074       0.006012489  C
  2    40      -0.000302434      -0.003360629      -0.039722109  Zr
  1     6      -0.000661760       0.003371282       0.002521648  C
  1     6       0.016654233      -0.013535034       0.006645752  C
  2    40      -0.012314791      -0.003302117      -0.002353724  Zr
  1     6      -0.024724554      -0.025022024      -0.007274066  C
  2    40      -0.024619457       0.022368003       0.006138558  Zr
  1     6      -0.017414355       0.006168483       0.013907067  C
  2    40       0.009595055       0.011369939      -0.018147909  Zr
  1     6      -0.012316922      -0.010356105      -0.001188064  C
  2    40       0.021561447       0.007320849       0.032295381  Zr
  2    40      -0.011228099      -0.007769474      -0.024748013  Zr
  1     6       0.014899672      -0.018454951      -0.001313499  C
  2    40      -0.019254874       0.017031256       0.027204097  Zr
  1     6       0.003883411       0.001001376      -0.000795640  C
  1     6       0.008572174       0.002989578       0.035395853  C
  2    40      -0.018204498      -0.023808218      -0.005470754  Zr
  1     6      -0.001497559      -0.007131210      -0.019539876  C
  2    40       0.025581111       0.003809851       0.027398097  Zr
  2    40       0.007077611      -0.008186831      -0.025383706  Zr
  1     6       0.002399548      -0.014006478       0.003017475  C
  2    40       0.011286718       0.004142804       0.022830115  Zr
  1     6      -0.022498127       0.001436265      -0.000463992  C
  2    40      -0.008964434      -0.029885594      -0.011510867  Zr
  1     6       0.009231253      -0.033237540       0.000330474  C
  2    40      -0.006748815       0.005404180      -0.008401350  Zr
  1     6      -0.111168898       0.000521597      -0.039646910  C
  1     6      -0.011173030      -0.008286096      -0.033539875  C
  2    40       0.007226646       0.005185464       0.012786452  Zr
  1     6       0.011189158       0.000480189      -0.013192615  C
  2    40      -0.027587512       0.001538007       0.015831420  Zr
  2    40      -0.009477922       0.017504331      -0.001564508  Zr
  1     6       0.005978905      -0.012763773       0.015384642  C
  2    40       0.021531202       0.022081227      -0.003863123  Zr
  1     6      -0.028168418       0.000937755      -0.009257831  C
  1     6       0.008527347      -0.010106848       0.007142025  C
  2    40       0.004314522      -0.002732023       0.004611651  Zr
  1     6      -0.033313936      -0.011211034      -0.024932647  C
  2    40       0.043543940       0.031286644       0.103381023  Zr
