181502174
4.68064477841685633308088654302991926670074462890625
5.06110786967704218142216632259078323841094970703125
0.04004031064683581664365163987895357422530651092529296875
5.11841126903484333610094836330972611904144287109375
3.95504022624596718316070109722204506397247314453125
5.5697052694958983920514583587646484375
4.40019423372153983819998757098801434040069580078125
3.7377025392574925177768818684853613376617431640625
1.7629484765268805812610253269667737185955047607421875
1.41686876432916708523634952143765985965728759765625
1.0455703047721873755193655597395263612270355224609375
2.0865746257101971394831707584671676158905029296875
0.1362410573860954043912130373428226448595523834228515625
0.87653154570951630208952565226354636251926422119140625
0.86099124199258103562470978431520052254199981689453125
1.9608016278508551000214765736018307507038116455078125
2.688677649996047858138581432285718619823455810546875
4.102227556449424383799851057119667530059814453125
3.779140843678291172835770339588634669780731201171875
0.9795853643706611268981987450388260185718536376953125
2.662574890500440272234072835999540984630584716796875
1.355008041612212554838379219290800392627716064453125
2.42225344387596752682156875380314886569976806640625
5.9220484478907362557720261975191533565521240234375
5.31038149133804981971707093180157244205474853515625
4.1871756485123530211467368644662201404571533203125
1.440268504720723541367988218553364276885986328125
2.394694703459609996798462816514074802398681640625
2.935210629225867062785937378066591918468475341796875
3.268922987059144968924329077708534896373748779296875
5.38274796127728993866412565694190561771392822265625
3.054652588702048365831842602347023785114288330078125
5.96844880951206135932807228527963161468505859375
4.5169582719162217898656308534555137157440185546875
3.81114836478406626696369130513630807399749755859375
4.9154001231146100536761878174729645252227783203125
5.76264897015344157438221373013220727443695068359375
0.970121773654814223419862173614092171192169189453125
5.07993344267069080189003216219134628772735595703125
6.0869190344322561259104986675083637237548828125
1.6647168308396171898522197807324118912220001220703125
4.179896124267305168586972285993397235870361328125
3.981474351315485105118341380148194730281829833984375
4.68149489766715998229074102710001170635223388671875
3.56263177689604138009826783672906458377838134765625
4.42970154883396372014203734579496085643768310546875
0.6137718967104681677682265217299573123455047607421875
4.4504347494466696133486038888804614543914794921875
2.07486367683581196530440138303674757480621337890625
3.7634397594128810027314102626405656337738037109375
1.89756605472393591327318063122220337390899658203125
6.07654999397854833631527071702294051647186279296875
2.382877441402640794620992892305366694927215576171875
3.278746833055112386290375070529989898204803466796875
1.3724713862530766306235818774439394474029541015625
5.286755212230399791906165773980319499969482421875
0.79020464165446713256102384548285044729709625244140625
6.14217355557887056960453264764510095119476318359375
3.474871561298783717575133778154850006103515625
5.40517867351130387731927839922718703746795654296875
6.20771573504649776253927484503947198390960693359375
3.4165124763681564701300885644741356372833251953125
4.7528637569554437192209661589004099369049072265625
0.837337737979494622919673929573036730289459228515625
4.26796964132604284003491557086817920207977294921875
0.1473688724852984244240161615380202420055866241455078125
0.7132467740681935897129051227238960564136505126953125
1.2593801150756831486177134138415567576885223388671875
0.70422003117137321748231215678970329463481903076171875
4.2757497966183297677389418822713196277618408203125
1.33742221269232697267170806298963725566864013671875
5.11387963744298001955712607013992965221405029296875
0.179600436568925492242243535656598396599292755126953125
0.61612055024258227664546438973047770559787750244140625
3.230165737490370503337544505484402179718017578125
4.40879003898837051877990234061144292354583740234375
3.2898088431733185643679462373256683349609375
3.69299850429383358374479939811863005161285400390625
3.125879135319678869819881583680398762226104736328125
2.30402943392001890998699309420771896839141845703125
2.847928436739866953075761557556688785552978515625
0.9930138697698638328148490472813136875629425048828125
2.392131872869164066486291631008498370647430419921875
0.37411412335305838094967612050822935998439788818359375
0.50733563297634198807628536087577231228351593017578125
5.1730433243908233720276257372461259365081787109375
1.645998322968444949054855896974913775920867919921875
3.972384705867134879753166387672536075115203857421875
2.69342024607814334302702263812534511089324951171875
5.48007076033091511391148742404766380786895751953125
4.3266191769377684295250219292938709259033203125
2.79509685610538127775726024992763996124267578125
5.1477927088241397513002084451727569103240966796875
3.092730020239847998908544468577019870281219482421875
4.73524629974670663301594686345197260379791259765625
3.10115001786370303449302809895016252994537353515625
1.5649724576393477804003850906156003475189208984375
4.8611646443687970275959742139093577861785888671875
0.063372569553277358078702263810555450618267059326171875
0.77027093747488495356634530253359116613864898681640625
3.601957384767407344128287149942480027675628662109375
2.415466054049960842320388110238127410411834716796875
3.663866620773674309674561300198547542095184326171875
0.79036916434738635484080759852076880633831024169921875
4.69317071310097677638850655057467520236968994140625
5.99768755042033063773487810976803302764892578125
3.592930121071751248251757715479470789432525634765625
4.0698473072239931269677981617860496044158935546875
2.714509161073253462603815933107398450374603271484375
4.4480240711138723241901971050538122653961181640625
6.27615147869787204371050393092446029186248779296875
2.46655959145486036732108914293348789215087890625
5.3601526736853060128851211629807949066162109375
5.515042969771567271664025611244142055511474609375
6.279817700619677367512849741615355014801025390625
5.9942334516198751970250668819062411785125732421875
5.94544286618632344953994106617756187915802001953125
2.563360187271264134523107713903300464153289794921875
2.231179659735258002939417565357871353626251220703125
3.4002257508859781154342272202484309673309326171875
3.34098397922278866900569482822902500629425048828125
3.3777696570233057826726508210413157939910888671875
5.62432710490618337217938460526056587696075439453125
3.108266327264593176238349769846536219120025634765625
2.04382368878530318312414237880147993564605712890625
3.222221123873560078010314100538380444049835205078125
2.539093884430204450808332694577984511852264404296875
3.594728503820393772372199236997403204441070556640625
0.450134348226241265411573522214894182980060577392578125
0.756401201354093277728907196433283388614654541015625
2.82871477498674028794312107493169605731964111328125
4.04535653130716621461715476470999419689178466796875
2.5939635527921307556198371457867324352264404296875
5.81709652520722553248333497322164475917816162109375
3.679260770197080976373626981512643396854400634765625
5.46630828243778754682580256485380232334136962890625
6.04886497154783864260707559878937900066375732421875
1.3877882467885720441103103439672850072383880615234375
3.7253243007825549426570432842709124088287353515625
1.1624724365817853399818204707116819918155670166015625
5.769159672431630525579748791642487049102783203125
1.5227525570510322960871008035610429942607879638671875
3.790288972857929206128346777404658496379852294921875
3.6411295149773454937758287996985018253326416015625
1.660881928611714020149747739196754992008209228515625
4.68719006993008946437839767895638942718505859375
4.86498006637957036701891411212272942066192626953125
0.69738373891984573038627104324405081570148468017578125
2.7748927139640127137454328476451337337493896484375
6.00090152877325433422583955689333379268646240234375
3.165431934368601485374483672785572707653045654296875
0.90802763065512592799422009193222038447856903076171875
1.461731841894624128741497770533896982669830322265625
2.037933076518788855224784128949977457523345947265625
0.50868515149686299725573235264164395630359649658203125
4.67301883517087279784618658595718443393707275390625
1.3019137706300829560035481335944496095180511474609375
2.019727777864492868076240483787842094898223876953125
5.03006715016749428315279146772809326648712158203125
3.049440764572182160918600857257843017578125
3.77520270624744025411700931726954877376556396484375
4.89736047945182573215561205870471894741058349609375
3.902806829887853101723749205120839178562164306640625
3.53275578594703887347350246272981166839599609375
5.82603918249874208612482107128016650676727294921875
0.56548242801295833803720825017080642282962799072265625
2.1513112171538235628531765541993081569671630859375
5.639397419857946402999004931189119815826416015625
3.76932593903761858911138915573246777057647705078125
2.516913904651462363659675247617997229099273681640625
4.59455070947730970232214531279169023036956787109375
4.2726706115371388960966214654035866260528564453125
0.81933352619256627491495237336494028568267822265625
4.70548192652123997703483837540261447429656982421875
5.670070382243469708782868110574781894683837890625
6.25716445221343153804127723560668528079986572265625
2.925182922669856022679368834360502660274505615234375
5.5190852581920832875539417727850377559661865234375
4.18289854418525663959371740929782390594482421875
0.93931869348373731032353362024878151714801788330078125
6.01912775593357718406650747056119143962860107421875
0.1508529376996692594747884186290320940315723419189453125
2.978311183090616598434507977799512445926666259765625
5.500296735061684927359237917698919773101806640625
0.90121025100851459566086987251765094697475433349609375
4.74246290973687933956171036697924137115478515625
2.6407727736838086940451830741949379444122314453125
5.1090401435190511136852364870719611644744873046875
2.74116130774981314743854454718530178070068359375
3.02632167331059864778808332630433142185211181640625
5.00307415528204035837234187056310474872589111328125
5.290134178484191096458744141273200511932373046875
0.09185722055465785074179763114443630911409854888916015625
0.77091102803634059537074563195346854627132415771484375
0.483897339312311880465955482577555812895298004150390625
0.72161690086201624172446145166759379208087921142578125
0.9562517073733041161887058478896506130695343017578125
0.984723079011180946196191143826581537723541259765625
0.343161630604025713608962178113870322704315185546875
0.81844866593296117240896592193166725337505340576171875
0.034643401407936307012658261328397202305495738983154296875
0.00031412811964476859173667211422298350953496992588043212890625
0.061200899566151621689069628473589546047151088714599609375
0.369546352592085625143880633913795463740825653076171875
0.46865491218336619017037492085364647209644317626953125
0.26935596264403127708675356188905425369739532470703125
0.3360591183118797342643802039674483239650726318359375
0.88197876647206896461028691192041151225566864013671875
0.11757160728684236394858686480802134610712528228759765625
0.434288952236198344536433069151826202869415283203125
0.4675102487520828020706176175735890865325927734375
0.2309331494527557537832507250641356222331523895263671875
0.042351978850714851188019594019351643510162830352783203125
0.12407461885552602265381239021735382266342639923095703125
0.81053006360797674734186557543580420315265655517578125
0.66609557423093146422132804218563251197338104248046875
0.1680249526016530381422597884011338464915752410888671875
0.01158114709499345577892182035384394112043082714080810546875
0.9984983690076034701377238889108411967754364013671875
0.2509092899276452737211684507201425731182098388671875
0.52063182812213515404664576635695993900299072265625
0.60418429346949997782445507255033589899539947509765625
0.832336524423368473435402847826480865478515625
0.284607285300552514950567228879663161933422088623046875
0.1390528530529946404925567549071274697780609130859375
0.55137707830936510955410767564899288117885589599609375
0.8748020906349653902367435875930823385715484619140625
0.030325056999141841718170553576783277094364166259765625
0.99796645576039633152021224304917268455028533935546875
0.302667678940420847855108377189026214182376861572265625
0.09692296017749373049365857468728790991008281707763671875
0.65366998345296367656231950604706071317195892333984375
0.635172955987589826776229529059492051601409912109375
0.49417376494695142152835387605591677129268646240234375
0.046378630235036195916809020900473115034401416778564453125
0.10082460525484038260657371210982091724872589111328125
0.265348307446273190546293108127429150044918060302734375
0.423701404791186286846738084932439960539340972900390625
0.1911719577345866449835654066191636957228183746337890625
0.04759296311419129732467325766265275888144969940185546875
0.427204927162828373976566354031092487275600433349609375
0.93678791259265870028372091837809421122074127197265625
0.381280268720016024541763499655644409358501434326171875
0.2191610872834739709436036037004669196903705596923828125
0.12151264498080716069949858137988485395908355712890625
0.1877432424518015452452601721233804710209369659423828125
0.490592019395247103119572784635238349437713623046875
0.483383518403108947136814776968094520270824432373046875
0.5066643559870609436757149524055421352386474609375
0.75943629991236905052431893636821769177913665771484375
0.72264033822465700840353974854224361479282379150390625
0.12005344457926854506712999182127532549202442169189453125
0.56526980389154968253961897062254138290882110595703125
0.08567347707491064501272859388336655683815479278564453125
0.25206353899653233252564632493886165320873260498046875
0.0866665724137176685104577700258232653141021728515625
0.7322364816126583075828193614142946898937225341796875
0.98127548395715447071552262059412896633148193359375
0.99056745459817696630722139161662198603153228759765625
0.4927634738817641135710800881497561931610107421875
0.72226533746452314943553574266843497753143310546875
0.330515704737285032077664936878136359155178070068359375
0.52191994177266953780502944937325082719326019287109375
0.33862233177694600616547404570155777037143707275390625
0.79145650695611557967623639342491514980792999267578125
0.5816272839818277251566769336932338774204254150390625
0.95831953639086309149064391021966002881526947021484375
0.50208549038604155523302097208215855062007904052734375
0.245435577465889787074360128826810978353023529052734375
0.280031101442887953023586078415974043309688568115234375
0.72102540765005418421651484095491468906402587890625
0.17676758215612153879447987492312677204608917236328125
0.39015215839732075853163451029104180634021759033203125
0.5667786386640643048195897790719754993915557861328125
0.358479636888243080594662615112611092627048492431640625
0.49279971210882056453783661709167063236236572265625
0.7400488284137327621436952540534548461437225341796875
0.293602330746875306299870089787873439490795135498046875
0.637214639986499520318830036558210849761962890625
0.290553067014810206813990589580498635768890380859375
0.7302832937474750263362466284888796508312225341796875
0.9427679916577265117894057766534388065338134765625
0.573861079092072845497796151903457939624786376953125
0.212192169489428483775128597699222154915332794189453125
0.032612448573397678774909991261665709316730499267578125
0.3167957725547234648644234766834415495395660400390625
0.8589209447889221138439097558148205280303955078125
0.206899744554841780175280518960789777338504791259765625
0.65160642128978218945434264242067001760005950927734375
0.6297927157160791988843584476853720843791961669921875
0.833220495299073160566649676184169948101043701171875
0.09083103206513032379376682001748122274875640869140625
0.94590784420534401721880612967652268707752227783203125
0.8352380929678855370212886555236764252185821533203125
0.016658024870165634434560075760600739158689975738525390625
0.01179363020313607159084146047689500846900045871734619140625
0.997971510979333675805946768377907574176788330078125
0.435544147824656280310051670312532223761081695556640625
0.399415102973308011602426859099068678915500640869140625
0.39112924616370781105700871194130741059780120849609375
0.13995958778073991357615568631445057690143585205078125
0.1856654073044962383054468091359012760221958160400390625
0.201488373429276224069184308973490260541439056396484375
0.24795363529024350146556798790697939693927764892578125
0.166243534612582788412282752688042819499969482421875
0.86318085289708379459483467144309543073177337646484375
0.000338777899899882217749080837165820412337779998779296875
0.5727333526931392970737988434848375618457794189453125
0.338445247308558461174499143453431315720081329345703125
0.52936910583142615660534602284315042197704315185546875
0.53376260517805940164492994881584309041500091552734375
0.1020445903307034551943388578365556895732879638671875
0.495724357895424738718048729424481280148029327392578125
0.1035667048318156535646750171508756466209888458251953125
0.185325055469444499589570796160842292010784149169921875
0.3271670124154384406978124388842843472957611083984375
0.2026209697139547127875403020880185067653656005859375
0.324165175819846440585791924604563973844051361083984375
0.90539757204493398479172583392937667667865753173828125
0.257204137862289405891402793713496066629886627197265625
0.44986516165075129958239585903356783092021942138671875
0.071105136103511379364050526419305242598056793212890625
0.07439687479026470262599701754879788495600223541259765625
0.3964505611902338078067487003863789141178131103515625
0.05180993399201423710298541891461354680359363555908203125
0.767945394277547155326146821607835590839385986328125
0.4669824035218834712424040844780392944812774658203125
0.1173066543961440444387989145980100147426128387451171875
0.40757872229794911422828818103880621492862701416015625
0.857846222286041015792079633683897554874420166015625
0.71556931068914442217732130302465520799160003662109375
0.91818842148323931429132471748744137585163116455078125
0.69784565488707539504531496277195401489734649658203125
0.322299623546330071821586216174182482063770294189453125
0.81447240794751440962073729679104872047901153564453125
0.6748843331238647547110076629905961453914642333984375
0.6998887517023313353803359859739430248737335205078125
0.714541508683255610634432741790078580379486083984375
0.38982795848968809782064681712654419243335723876953125
0.1871277481257579144990899067124701105058193206787109375
0.03681173642948816493447594666577060706913471221923828125
0.027210431651775925099290276421015732921659946441650390625
0.8250631265458945318158612280967645347118377685546875
0.466500901368679887770696268489700742065906524658203125
0.365390445741540947910408476673183031380176544189453125
0.82554562661123720435085715507739223539829254150390625
0.509360357890539017233777485671453177928924560546875
0.99915003683378456056374261606833897531032562255859375
0.98608764446623975441497123028966598212718963623046875
0.8104492392439623937860915248165838420391082763671875
0.90095342132307287830172981557552702724933624267578125
0.06489762061503605294898733291120151989161968231201171875
0.2313230411295420785311449662913219071924686431884765625
0.37512779858667766319513248163275420665740966796875
0.89043119870611986410580129813752137124538421630859375
0.0627888921009324973976362116445670835673809051513671875
0.5173286886500794157228710901108570396900177001953125
0.431037075086979692972732891576015390455722808837890625
0.23451640980062837815722787127015180885791778564453125
0.5750336635741561952528400070150382816791534423828125
0.221885099644719196998465804426814429461956024169921875
0.6808666124385160944854078479693271219730377197265625
0.1443133368828861673449637237354181706905364990234375
0.93845147031287268202248696979950182139873504638671875
0.0014663087210926733540417021828261567861773073673248291015625
0.9309610328315576222024674279964528977870941162109375
0.2342342805276784456491867558725061826407909393310546875
0.50326190260390835096160344619420357048511505126953125
0.77529778227922407918271119342534802854061126708984375
0.08670832127645067277654788995278067886829376220703125
0.44064524790302161960653393180109560489654541015625
0.59297191565529061563211143948137760162353515625
0.2394965371300915857322166857557022012770175933837890625
0.300365751283413640049246851049247197806835174560546875
0.921546967197929944859424722380936145782470703125
0.07391980293855061889818358622505911625921726226806640625
0.275978704111640660290305504531715996563434600830078125
0.87467752437790735609013381690601818263530731201171875
0.4348030637180446689171731122769415378570556640625
0.5506930218779915175986161557375453412532806396484375
0.56202970285063125199798150788410566747188568115234375
0.33868910248330286183460202664718963205814361572265625
0.477512707224820143192545174315455369651317596435546875
0.2618213050355302495830756015493534505367279052734375
