              -3390.1649601350
         -0.000142770      -0.000003080       0.000008649
         -0.000003080      -0.000160507       0.000002163
          0.000008649       0.000002163      -0.000140729
          64
  1     6       0.008268723      -0.006346577       0.003217526  C
  1     6       0.009923393      -0.048061046       0.020974619  C
  2    40       0.013627452       0.010020570       0.004195962  Zr
  1     6      -0.008344463      -0.009119588       0.001598678  C
  2    40      -0.052699583       0.088454327      -0.018397917  Zr
  2    40       0.019936692      -0.051734883      -0.039407363  Zr
  1     6       0.019291148      -0.017480029       0.000944278  C
  2    40      -0.031302847       0.020892285       0.006110550  Zr
  1     6       0.075868812      -0.005122518      -0.026463901  C
  1     6       0.015581578       0.021939672       0.025009818  C
  2    40      -0.016192278      -0.006394957       0.017100824  Zr
  1     6       0.002847090       0.014272943       0.002790375  C
  2    40       0.000340629      -0.009613414      -0.004838313  Zr
  2    40      -0.002494593       0.000832918      -0.035915847  Zr
  1     6       0.000975074       0.010255317      -0.021987222  C
  2    40      -0.007995447      -0.009075057       0.048586472  Zr
  2    40       0.030479961      -0.034596363       0.003061565  Zr
  1     6      -0.004890370      -0.021605614       0.012490428  C
  2    40       0.007248664      -0.008905925       0.015897644  Zr
  1     6       0.028042278       0.011027370       0.015380869  C
  1     6      -0.000489319       0.010701984       0.006167075  C
  2    40      -0.016589261       0.035514048      -0.042827570  Zr
  1     6      -0.006318439       0.063704982      -0.028930223  C
  2    40      -0.048971470      -0.075111749      -0.006605783  Zr
  2    40      -0.016235451      -0.009971471       0.026788392  Zr
  1     6      -0.010620976      -0.000854310       0.013102321  C
  2    40       0.011058747       0.020078950      -0.034404130  Zr
  1     6       0.012822467       0.000224686       0.014660258  C
  1     6       0.009249777      -0.012481639      -0.027503466  C
  2    40       0.006468009      -0.018522701      -0.000791781  Zr
  1     6      -0.002475433      -0.009820458       0.010887067  C
  2    40       0.004842155       0.036293147       0.007982905  Zr
  1     6       0.013100057       0.021180695       0.000964622  C
  2    40      -0.014695880       0.024793445       0.009302196  Zr
  1     6       0.016849568       0.021688325       0.007793836  C
  2    40       0.024799259      -0.015287814       0.027372678  Zr
  2    40       0.001293911      -0.003027709      -0.003891562  Zr
  1     6      -0.002877936      -0.029820402       0.000254221  C
  2    40      -0.010200703      -0.009515785      -0.032433129  Zr
  1     6       0.024253864       0.005782751      -0.031768286  C
  1     6      -0.007411661      -0.000732991       0.006446749  C
  2    40       0.007658819      -0.009730849      -0.041234132  Zr
  1     6      -0.007620428      -0.031407303       0.005084093  C
  2    40       0.003867727       0.004446530       0.014283567  Zr
  2    40       0.005089107      -0.031307299       0.050408479  Zr
  1     6      -0.003378378      -0.013657824       0.000826656  C
  2    40      -0.001147962       0.039980595      -0.017284541  Zr
  1     6       0.010398322      -0.004148017      -0.003329692  C
  2    40       0.009614275      -0.016153283       0.010310255  Zr
  1     6      -0.010051844      -0.008749381       0.017928922  C
  2    40       0.022157371       0.017383162       0.024083529  Zr
  1     6      -0.048563606       0.007957636       0.033053929  C
  1     6      -0.006743044       0.039235323       0.010485317  C
  2    40       0.000142466      -0.043866035      -0.010663880  Zr
  1     6       0.012675353       0.029019046      -0.026346857  C
  2    40      -0.052441555      -0.004445430      -0.025377192  Zr
  2    40      -0.005270129      -0.009981605      -0.020313292  Zr
  1     6       0.017881735       0.011201590       0.010793203  C
  2    40       0.002138063       0.002360228       0.012084443  Zr
  1     6      -0.015860242       0.008220770       0.010741778  C
  1     6      -0.035196944      -0.006338624      -0.005234408  C
  2    40      -0.012874175       0.027040118       0.020395848  Zr
  1     6      -0.014965962      -0.002434593       0.002390067  C
  2    40       0.026111165      -0.010299750      -0.026933675  Zr
