              -3390.1347730810
         -0.000194817      -0.000010009       0.000007410
         -0.000010008      -0.000243684      -0.000011202
          0.000007410      -0.000011202      -0.000182657
          64
  1     6      -0.018072959      -0.004227011       0.021957076  C
  1     6       0.003850021      -0.002991955      -0.009426957  C
  2    40      -0.032424725       0.011012674      -0.018836688  Zr
  1     6      -0.080580228       0.012393516       0.007265127  C
  2    40       0.076081704      -0.011189693      -0.015798715  Zr
  2    40      -0.019562481      -0.028846106       0.036283263  Zr
  1     6      -0.020476210       0.000965401       0.008892023  C
  2    40       0.004741099      -0.013539192       0.003651530  Zr
  1     6       0.049833431       0.037578152       0.003821862  C
  1     6      -0.002461343       0.021734752      -0.000422820  C
  2    40      -0.005920097      -0.052860124       0.014738512  Zr
  1     6      -0.009905792       0.026727879      -0.023594896  C
  2    40      -0.012240408      -0.030844443      -0.015237876  Zr
  2    40       0.005505036       0.005662083      -0.037610311  Zr
  1     6      -0.025321353       0.008013196      -0.034036633  C
  2    40      -0.007205543       0.013807555       0.007186781  Zr
  2    40      -0.008893112       0.031720854       0.006628703  Zr
  1     6      -0.022840443      -0.010292745      -0.020914724  C
  2    40       0.082798909       0.035248951       0.035598892  Zr
  1     6       0.030759770      -0.069483034       0.011755455  C
  1     6       0.007924948      -0.027029595       0.005865243  C
  2    40       0.011773411       0.002859731      -0.012893936  Zr
  1     6      -0.006268405      -0.014325800       0.017103526  C
  2    40      -0.075236305       0.017411586       0.019604220  Zr
  2    40       0.037540708      -0.032661680       0.033522078  Zr
  1     6      -0.014572162       0.018213489       0.007417118  C
  2    40      -0.009018422       0.042908086       0.018163876  Zr
  1     6       0.019341465      -0.016720873       0.009845419  C
  1     6      -0.006641220      -0.015493628      -0.025078191  C
  2    40      -0.015661190      -0.011879647       0.036720964  Zr
  1     6      -0.011058229      -0.011621687      -0.015997525  C
  2    40       0.019904979       0.009064209       0.014483553  Zr
  1     6       0.016695698      -0.015819412      -0.029168042  C
  2    40       0.000499121      -0.016376022       0.000124949  Zr
  1     6       0.019288646      -0.017135511       0.000280117  C
  2    40      -0.038216400      -0.020754823      -0.027405213  Zr
  2    40      -0.006120788      -0.026302517       0.016396878  Zr
  1     6      -0.023853501       0.012242394       0.003934430  C
  2    40       0.013893157       0.009533333      -0.023481333  Zr
  1     6       0.021903393       0.041607791       0.004475954  C
  1     6      -0.023271683       0.002380832       0.008805079  C
  2    40       0.001748384       0.003486110      -0.002287268  Zr
  1     6       0.003465659       0.019642128      -0.016703211  C
  2    40       0.006279212      -0.049685072      -0.047269349  Zr
  2    40      -0.021376765       0.013537065       0.004488193  Zr
  1     6      -0.003762096       0.006509923      -0.013269125  C
  2    40       0.009908047       0.000463461      -0.030245384  Zr
  1     6       0.005517243       0.014964887       0.023443377  C
  2    40       0.031760936       0.047651975       0.021569969  Zr
  1     6       0.007524887      -0.026433265      -0.004981246  C
  2    40      -0.001655839       0.016820765      -0.016640503  Zr
  1     6      -0.023364473       0.017996321       0.002841253  C
  1     6      -0.001652246      -0.007714616      -0.012794151  C
  2    40       0.038540182       0.009565723       0.032632978  Zr
  1     6       0.004033616      -0.000331572      -0.001361215  C
  2    40      -0.016209148      -0.017585280      -0.031622735  Zr
  2    40      -0.007552216       0.008828529      -0.009293950  Zr
  1     6       0.020579824       0.014437417       0.008292070  C
  2    40       0.006280525      -0.029339097       0.008930246  Zr
  1     6      -0.000842009       0.010032513      -0.013633845  C
  1     6      -0.014943956      -0.006596807       0.019713875  C
  2    40      -0.002658037       0.036390284       0.043289575  Zr
  1     6       0.011291253      -0.025610210       0.010289278  C
  2    40       0.018845329       0.031614320      -0.020610745  Zr
