              -3389.9102090744
         -0.000394010       0.000010212       0.000019595
          0.000010211      -0.000141232       0.000000458
          0.000019595       0.000000458      -0.000216350
          64
  1     6      -0.014752359      -0.020830280       0.052677360  C
  1     6      -0.003792208      -0.045828107       0.001147646  C
  2    40      -0.054818878       0.025691919       0.012392651  Zr
  1     6      -0.193290034       0.018595929      -0.165924706  C
  2    40       0.148634077       0.112947936      -0.109728440  Zr
  2    40       0.010213658      -0.032795609       0.000844834  Zr
  1     6      -0.009486207      -0.026980712       0.007213643  C
  2    40      -0.029580647       0.009946581      -0.066753681  Zr
  1     6       0.006475959       0.074503617      -0.001585630  C
  1     6      -0.019756196       0.004021952      -0.013889981  C
  2    40       0.017579437      -0.002889154      -0.002953371  Zr
  1     6       0.000924918      -0.011038485       0.032037963  C
  2    40       0.002642399      -0.008033317       0.026514190  Zr
  2    40       0.010929267      -0.007172009       0.025966093  Zr
  1     6       0.003850785      -0.004378172       0.011367751  C
  2    40      -0.027281131       0.011688999       0.130941459  Zr
  2    40      -0.015658825      -0.016189888       0.019967413  Zr
  1     6       0.014369040      -0.003175458       0.009743644  C
  2    40       0.316403691      -0.015473833      -0.045923066  Zr
  1     6      -0.027628159      -0.018559814      -0.068214295  C
  1     6      -0.005066784      -0.045545570       0.004061381  C
  2    40       0.010818954       0.002735066      -0.005876371  Zr
  1     6       0.128037126       0.044354689      -0.010532840  C
  2    40      -0.196826853       0.083007133      -0.030777514  Zr
  2    40       0.017027892       0.002627013      -0.008933001  Zr
  1     6      -0.017645562      -0.005782762       0.012065936  C
  2    40      -0.027432073      -0.007994792       0.009817486  Zr
  1     6       0.012003088      -0.007775499       0.007222009  C
  1     6       0.006553893       0.001367009       0.003151667  C
  2    40      -0.007705400       0.012337905      -0.006609576  Zr
  1     6      -0.016756158      -0.005844718       0.022321231  C
  2    40       0.017514507      -0.018091629       0.039667676  Zr
  1     6      -0.007126621      -0.004525856      -0.003526504  C
  2    40      -0.019290888      -0.014355388      -0.009860121  Zr
  1     6       0.019803290       0.003619674       0.006059511  C
  2    40       0.031247147      -0.000061827       0.048157183  Zr
  2    40       0.057476609      -0.010903883       0.007904076  Zr
  1     6      -0.013688430      -0.007050756       0.011012695  C
  2    40      -0.005948392       0.007365800       0.031055391  Zr
  1     6       0.047685316      -0.009038278       0.001349762  C
  1     6      -0.021111746       0.000471751      -0.022451814  C
  2    40       0.013738268       0.000313001      -0.008291891  Zr
  1     6       0.009243908      -0.004951467      -0.003373314  C
  2    40       0.011951978      -0.002101495      -0.017663613  Zr
  2    40       0.004647924       0.012253186       0.008418323  Zr
  1     6       0.000825123       0.001122571       0.010257809  C
  2    40       0.003574974      -0.000960687      -0.019725753  Zr
  1     6      -0.012388106       0.000748404       0.002357988  C
  2    40      -0.030068038      -0.040070724       0.001955972  Zr
  1     6       0.021874571      -0.005638904      -0.004748267  C
  2    40      -0.021271751      -0.001376727       0.010435941  Zr
  1     6      -0.039701344       0.003011858       0.004274732  C
  1     6      -0.012202197       0.002824955      -0.000626200  C
  2    40       0.000630361       0.003445385       0.005190459  Zr
  1     6      -0.043290201      -0.008800387       0.007591650  C
  2    40      -0.012653899      -0.015876852       0.008799513  Zr
  2    40       0.024225412       0.004871533      -0.001900263  Zr
  1     6      -0.015614040      -0.007800358      -0.007212999  C
  2    40       0.010533538      -0.002340255      -0.002957528  Zr
  1     6       0.010124011      -0.004939239      -0.004280271  C
  1     6       0.008339324       0.002076366       0.013707413  C
  2    40      -0.013277038       0.007505285       0.000075930  Zr
  1     6      -0.011655131      -0.002809802       0.009844541  C
  2    40      -0.051248798      -0.002133164       0.023874880  Zr
