              -3389.9482269546
         -0.000246482       0.000031211       0.000002318
          0.000031211      -0.000340843      -0.000002945
          0.000002318      -0.000002945      -0.000131023
          64
  1     6       0.017107908       0.020203847       0.001468266  C
  1     6       0.002433407       0.032394318       0.002952190  C
  2    40       0.023044964      -0.016464003      -0.024791772  Zr
  1     6       0.016634163      -0.039274625      -0.000904057  C
  2    40      -0.035251688      -0.084397265      -0.002244907  Zr
  2    40      -0.025611369      -0.035641251      -0.008286800  Zr
  1     6      -0.003264284       0.039544859      -0.004758986  C
  2    40      -0.050004599       0.468741580       0.092251621  Zr
  1     6      -0.169553959      -0.322020848       0.042789365  C
  1     6       0.017999300      -0.000444029       0.002668741  C
  2    40      -0.003730000      -0.017362509       0.002622619  Zr
  1     6      -0.009637086      -0.001082407      -0.028223305  C
  2    40      -0.021470604      -0.030354701      -0.069567784  Zr
  2    40      -0.008600144      -0.002841239       0.006588058  Zr
  1     6      -0.004346091       0.014727930      -0.003511020  C
  2    40       0.006938639      -0.013110510       0.007740128  Zr
  2    40       0.007213404      -0.019603099       0.004358708  Zr
  1     6       0.001027312       0.004051165       0.016423379  C
  2    40      -0.130259434       0.053239925       0.007622806  Zr
  1     6      -0.018992631      -0.000365283      -0.021214115  C
  1     6       0.009950464      -0.006757254      -0.003737949  C
  2    40      -0.008899151       0.013016400      -0.009370872  Zr
  1     6      -0.081028045      -0.077972967       0.004145910  C
  2    40       0.249224735       0.035003942       0.065731763  Zr
  2    40      -0.018563918      -0.027897913      -0.019642154  Zr
  1     6      -0.007973408       0.010591627       0.003270683  C
  2    40       0.029869520      -0.004232444      -0.017624694  Zr
  1     6       0.008911661       0.004225321      -0.015447909  C
  1     6       0.004916070       0.013529705      -0.011144031  C
  2    40       0.003532218      -0.005251736      -0.011910413  Zr
  1     6       0.018399393       0.012233430      -0.002228191  C
  2    40      -0.021543710      -0.014447977       0.022403818  Zr
  1     6      -0.008085105      -0.005534239      -0.009235642  C
  2    40       0.017845516       0.009788986       0.016169513  Zr
  1     6       0.032554966       0.004100504      -0.000014238  C
  2    40       0.018041937      -0.018090039      -0.013294321  Zr
  2    40      -0.016595563       0.005082528       0.016332930  Zr
  1     6       0.014577816       0.016658777      -0.009902766  C
  2    40       0.042478915      -0.019614043      -0.023237059  Zr
  1     6       0.033555835      -0.002390645      -0.004468265  C
  1     6       0.022333517      -0.013693748      -0.014779586  C
  2    40       0.005575044       0.003301938      -0.000270885  Zr
  1     6       0.010968494       0.003967073       0.001846412  C
  2    40      -0.021096917       0.010460339      -0.007038449  Zr
  2    40      -0.010417878       0.021269322       0.024449696  Zr
  1     6      -0.012269678      -0.017582066      -0.006808714  C
  2    40       0.002456463       0.011150905       0.015578652  Zr
  1     6       0.011978609      -0.009205642      -0.002127924  C
  2    40       0.010686964       0.016967909       0.010154609  Zr
  1     6      -0.008779017      -0.002111742      -0.015772943  C
  2    40       0.014335313       0.000143381      -0.013845295  Zr
  1     6       0.014075720       0.001792483       0.002891252  C
  1     6       0.005663098      -0.006203646      -0.012876512  C
  2    40       0.017716573      -0.007161698       0.019667029  Zr
  1     6       0.012864366      -0.009868909      -0.019128556  C
  2    40      -0.027281432      -0.013893925      -0.002953106  Zr
  2    40      -0.026363495       0.030311588       0.016170129  Zr
  1     6       0.007879370      -0.012556243      -0.016279729  C
  2    40      -0.012608923       0.004998271      -0.010284005  Zr
  1     6       0.020196495      -0.014684374       0.006880532  C
  1     6      -0.001212839      -0.013413907      -0.006438722  C
  2    40       0.027739293       0.019826656       0.030938198  Zr
  1     6       0.003768805      -0.015096976       0.007997477  C
  2    40      -0.000377083       0.019813932      -0.007048119  Zr
