              -3390.1612761916
         -0.000142810       0.000000690      -0.000005346
          0.000000690      -0.000078892       0.000000969
         -0.000005346       0.000000969      -0.000205635
          64
  1     6       0.009566752       0.011550395      -0.039198793  C
  1     6      -0.011311244       0.005589241      -0.003010261  C
  2    40      -0.018108710      -0.017219479       0.005032912  Zr
  1     6      -0.030824029       0.000775949      -0.017704442  C
  2    40      -0.014358068       0.016079412       0.032409864  Zr
  2    40      -0.000083155       0.001409394      -0.013821134  Zr
  1     6      -0.019002213      -0.003684831      -0.008253863  C
  2    40      -0.028118371       0.032733164       0.025008569  Zr
  1     6      -0.097392963       0.014304023      -0.018227555  C
  1     6       0.010302019       0.011805213       0.029436718  C
  2    40       0.017609795      -0.018552418      -0.001294416  Zr
  1     6      -0.008226533       0.017597077       0.003531964  C
  2    40       0.013637638      -0.000633634       0.012770039  Zr
  2    40       0.003638213       0.002446706       0.047688226  Zr
  1     6      -0.014555921       0.006449453      -0.038269920  C
  2    40       0.009678184      -0.020853319       0.030138235  Zr
  2    40       0.023096554       0.004111303      -0.003431757  Zr
  1     6       0.003366330      -0.036940725       0.021341284  C
  2    40       0.004974549      -0.008297830      -0.002558755  Zr
  1     6       0.031838326       0.005765047       0.017325917  C
  1     6      -0.002705637      -0.015463231       0.004263891  C
  2    40       0.006503027      -0.019804045      -0.008876602  Zr
  1     6      -0.008459950      -0.024803457      -0.000500099  C
  2    40       0.110408696       0.004692757      -0.001472872  Zr
  2    40      -0.038240108       0.007244336      -0.004948194  Zr
  1     6      -0.017506123       0.013010133       0.018549424  C
  2    40       0.012605520      -0.022512728       0.011704624  Zr
  1     6      -0.011307204       0.002628389       0.019943078  C
  1     6       0.017873218      -0.007106415      -0.048469148  C
  2    40      -0.018014930       0.007945556      -0.044592062  Zr
  1     6       0.001489800       0.015078717      -0.004026971  C
  2    40       0.000142779      -0.004611734      -0.002752866  Zr
  1     6      -0.010344034       0.014824368      -0.004755919  C
  2    40       0.003940806       0.014122768      -0.001058869  Zr
  1     6       0.002423404       0.019755730       0.017744785  C
  2    40      -0.024554462       0.029349224      -0.022697835  Zr
  2    40      -0.002893024      -0.016849235       0.023481736  Zr
  1     6       0.007212898      -0.000480351       0.002620133  C
  2    40      -0.027869449       0.005812565       0.007443731  Zr
  1     6      -0.014011103       0.007533729       0.032302837  C
  1     6      -0.012800479      -0.018976591      -0.007007417  C
  2    40       0.030546987      -0.005469398       0.037653280  Zr
  1     6      -0.005974827       0.014013306       0.021401124  C
  2    40      -0.021872587       0.006471803      -0.028216853  Zr
  2    40      -0.015806911      -0.029713116       0.014120258  Zr
  1     6      -0.031578315      -0.021920906       0.001092571  C
  2    40       0.018335065      -0.016139007      -0.041423537  Zr
  1     6      -0.016149845       0.000751674       0.013864282  C
  2    40       0.020139670      -0.020201558       0.019660920  Zr
  1     6       0.002437732      -0.020447123       0.022361166  C
  2    40      -0.011037905      -0.000285988      -0.023413468  Zr
  1     6       0.033986064       0.014142107      -0.034044008  C
  1     6       0.029628898       0.009905130      -0.015924925  C
  2    40       0.002888838      -0.040366529       0.014341635  Zr
  1     6       0.039559567       0.008572128      -0.005633611  C
  2    40       0.037396039       0.001760300      -0.044557830  Zr
  2    40      -0.015718468       0.030622898       0.017594888  Zr
  1     6      -0.005524747      -0.011102341       0.003215687  C
  2    40      -0.010836264      -0.005982743      -0.022193098  Zr
  1     6       0.011828279      -0.012587859      -0.021461237  C
  1     6       0.008978412       0.006165544      -0.027513878  C
  2    40       0.030479276       0.009247570      -0.029171783  Zr
  1     6      -0.012811176       0.028166601       0.037290595  C
  2    40       0.022118183       0.017180195       0.024409839  Zr
