              -3390.1756444862
         -0.000124867      -0.000011833      -0.000015504
         -0.000011833      -0.000092445      -0.000004888
         -0.000015504      -0.000004888      -0.000121563
          64
  1     6      -0.000729908      -0.003204979      -0.003041904  C
  1     6       0.012042173       0.001842800      -0.001591379  C
  2    40      -0.034538546      -0.015486802      -0.033465672  Zr
  1     6      -0.006134277      -0.015216332       0.006483922  C
  2    40       0.062455009       0.033458638       0.001348439  Zr
  2    40      -0.014215710      -0.018302482      -0.000086984  Zr
  1     6       0.003371838      -0.005010849       0.008290278  C
  2    40      -0.036318813       0.001828818       0.053148222  Zr
  1     6       0.029794771      -0.006559910       0.014134835  C
  1     6       0.021144326       0.015335698      -0.000789237  C
  2    40      -0.016337025       0.014284008      -0.014513406  Zr
  1     6       0.006540895      -0.006486570      -0.043310660  C
  2    40      -0.008068070      -0.029198032      -0.009718417  Zr
  2    40       0.039943946       0.019575750       0.022632271  Zr
  1     6       0.003095248      -0.013895489       0.011276303  C
  2    40       0.006701212      -0.008146179       0.021202056  Zr
  2    40      -0.027536688      -0.019377632      -0.008436685  Zr
  1     6       0.032531642       0.000102513      -0.016483551  C
  2    40       0.025892628       0.080689341      -0.045264071  Zr
  1     6       0.017140508       0.010011754      -0.072786956  C
  1     6      -0.025523251      -0.005914860      -0.005985462  C
  2    40       0.004640492      -0.012502704       0.040869855  Zr
  1     6       0.053196093      -0.011760803      -0.006308360  C
  2    40       0.015662506      -0.060595726      -0.028172147  Zr
  2    40      -0.007613747       0.020817955      -0.016666249  Zr
  1     6      -0.004051559      -0.003932236      -0.043474992  C
  2    40      -0.010371074      -0.000087263      -0.005227961  Zr
  1     6       0.002648725       0.000948339       0.022354858  C
  1     6      -0.004744780       0.006352069       0.018558082  C
  2    40       0.037482949      -0.011952869       0.014179532  Zr
  1     6      -0.010498753       0.017909365      -0.002927014  C
  2    40      -0.034353033      -0.001873213       0.054276745  Zr
  1     6       0.013397592      -0.008541701      -0.029274863  C
  2    40      -0.018605378      -0.044738814       0.006229604  Zr
  1     6      -0.000803404       0.011040136       0.004054989  C
  2    40      -0.001639267      -0.015931823      -0.017491563  Zr
  2    40       0.011334613       0.061285605       0.007228485  Zr
  1     6      -0.013619369       0.008078363      -0.007480861  C
  2    40      -0.015304110      -0.023007367      -0.001263365  Zr
  1     6      -0.017453587       0.003499223       0.017816948  C
  1     6      -0.002466084      -0.009113615       0.002507579  C
  2    40       0.011642893       0.014430335      -0.024220873  Zr
  1     6       0.000927913      -0.000369333      -0.002556374  C
  2    40       0.010493673       0.008634079       0.001189410  Zr
  2    40       0.005945196       0.003879308       0.039575098  Zr
  1     6       0.013089908       0.005416144      -0.009247478  C
  2    40       0.002827387       0.013158979      -0.000703632  Zr
  1     6       0.011418567      -0.002262894       0.010516651  C
  2    40      -0.013367486       0.026931302       0.009167545  Zr
  1     6      -0.000131318       0.000361595       0.011913587  C
  2    40       0.016729259       0.009297832      -0.014604556  Zr
  1     6      -0.024652609       0.002921478      -0.013926287  C
  1     6      -0.008004459       0.008256077       0.001269474  C
  2    40       0.020096069      -0.020192241       0.016456256  Zr
  1     6       0.009475457      -0.006655218       0.025198456  C
  2    40      -0.034335165      -0.009265140       0.035889905  Zr
  2    40      -0.030430020       0.002071411      -0.020276939  Zr
  1     6      -0.011122490      -0.003473568      -0.029054077  C
  2    40      -0.002414963       0.026124076       0.016490506  Zr
  1     6       0.014710754      -0.000864867       0.005503011  C
  1     6      -0.015509470       0.000045893      -0.002640785  C
  2    40      -0.023838509      -0.005277545       0.004910957  Zr
  1     6      -0.013339365      -0.006695560      -0.016636552  C
  2    40      -0.028730158      -0.023277007       0.043404717  Zr
