664796265
4.2814286251604887212351968628354370594024658203125
5.737854667993733670527944923378527164459228515625
5.4301760316261127314874102012254297733306884765625
1.325160489790651485719763513770885765552520751953125
2.49340069155624632912804372608661651611328125
0.8773263695822972607629708363674581050872802734375
6.181199294502551566665715654380619525909423828125
6.14029740995685902049672222346998751163482666015625
5.05808049530251135905700721195898950099945068359375
0.2288896547036211315262477228316129185259342193603515625
1.38737957184589699721755096106790006160736083984375
2.467089989959156515197946646367199718952178955078125
4.60370714298760486116179890814237296581268310546875
0.43715122238429759971012344976770691573619842529296875
5.343335950538385503705285373143851757049560546875
1.77705849986786557082041326793842017650604248046875
3.2521351360634174199049084563739597797393798828125
3.803925569576258158832615663413889706134796142578125
2.60357196947189084568208272685296833515167236328125
1.31962560360988678809235352673567831516265869140625
1.7998777046267468993079319261596538126468658447265625
2.840793943267263532703736927942372858524322509765625
2.2725563870083060891147397342137992382049560546875
1.7423435357937704370812070919782854616641998291015625
0.59753876962084173651845731001230888068675994873046875
5.63074810982532181213855437817983329296112060546875
0.360696019301392223344038256982457824051380157470703125
2.02783673862405322552149300463497638702392578125
2.650794347687235319455112403375096619129180908203125
5.1822725995180718427945976145565509796142578125
0.7443166056474994629610364427207969129085540771484375
5.0525242680728208455320782377384603023529052734375
1.9078736643217002466599296894855797290802001953125
0.11239230354877362272336682735840440727770328521728515625
1.419165294090152240613633694010786712169647216796875
3.32523299189589227609076260705478489398956298828125
3.62896988327668079676868728711269795894622802734375
4.916934694920360726655417238362133502960205078125
2.58074768546144195369151930208317935466766357421875
0.66579254966996737064022227059467695653438568115234375
2.347326121211522842457952719996683299541473388671875
5.163204799474858219809902948327362537384033203125
1.828008156353930768744930901448242366313934326171875
1.38923999987607516004572971723973751068115234375
3.372844199107261520254041897715069353580474853515625
6.18974750226678605002916810917668044567108154296875
0.96447309585424878530801606757449917495250701904296875
1.83042724646567744883896011742763221263885498046875
1.2491657021370137226057295265491120517253875732421875
1.1006070910437035781370695985970087349414825439453125
3.374837460098948138664809448528103530406951904296875
5.8873739949440651031409288407303392887115478515625
4.30868172102858704164418668369762599468231201171875
0.33896301073477819176815728496876545250415802001953125
4.897216317652720363184926100075244903564453125
3.7845305615723123793259219382889568805694580078125
1.01811091990003443896739554475061595439910888671875
3.669379276451321114649317678413353860378265380859375
3.5724062962202456361637814552523195743560791015625
1.04173627736929486076178363873623311519622802734375
5.3469465757215441925609411555342376232147216796875
4.77922600008226794443544349633157253265380859375
5.907384947049852286227178410626947879791259765625
2.900581131751741370550234933034516870975494384765625
2.26928749363656034887526402599178254604339599609375
3.541696342488195536901685045449994504451751708984375
2.14384300866087595949238675530068576335906982421875
0.0815616971111359501112048064896953292191028594970703125
1.383823118519176720297991778352297842502593994140625
0.7755835303278193482157121252384968101978302001953125
1.425280271176495805462991484091617166996002197265625
0.95921126918446686371311216134927235543727874755859375
0.94147885294730160321563516845344565808773040771484375
5.289510267330495452142713475041091442108154296875
3.404024521963183946837716575828380882740020751953125
5.17595034449505408957747931708581745624542236328125
0.996359721410035259481219327426515519618988037109375
2.49602016633468348771884848247282207012176513671875
3.99845898527359455698615420260466635227203369140625
1.4939247117950806842401334506575949490070343017578125
3.114604223807705185578242890187539160251617431640625
5.6286861326456634202486384310759603977203369140625
1.8983207858638635467940503076533786952495574951171875
5.427786659232207711056616972200572490692138671875
6.13077254052854936361427462543360888957977294921875
3.27999804055493715537750176736153662204742431640625
4.48029898146015881366110988892614841461181640625
3.716258699855739422446276876144111156463623046875
2.5846145553751913581663757213391363620758056640625
3.65247768357500657288028378388844430446624755859375
2.770644906034352317192315240390598773956298828125
2.173239569171430130012367953895591199398040771484375
6.2172337667957098261695136898197233676910400390625
4.38756399297843824314213634352199733257293701171875
3.78267573651837363257754986989311873912811279296875
3.917068625127786418715913896448910236358642578125
4.633924456130959157462712028063833713531494140625
5.87254188986882308398662644322030246257781982421875
2.689631984604412107131565790041349828243255615234375
3.531203846377862998195951149682514369487762451171875
4.93732813280938653832663476350717246532440185546875
3.810086730986333325432724450365640223026275634765625
4.767225893746367404446573345921933650970458984375
2.27303434575116813931572323781438171863555908203125
3.96574379217663430807760960306040942668914794921875
0.7741089206082609752712642148253507912158966064453125
2.187569451544562948441807748167775571346282958984375
4.2202080256553724524337667389772832393646240234375
1.333422928211640101636703548138029873371124267578125
6.05412536455790384337660725577734410762786865234375
1.922890120481493880788548267446458339691162109375
5.7301933221302565613086699158884584903717041015625
0.667392844533302831422361123259179294109344482421875
0.522689215681438223981558621744625270366668701171875
4.0535078523226015789759912877343595027923583984375
5.89424405427067465979007465648464858531951904296875
4.58190964606626405242195687605999410152435302734375
5.8420924964756952846300919190980494022369384765625
4.66430561317324343661994134890846908092498779296875
4.13460538600835292299962020479142665863037109375
1.474268268627202171927592644351534545421600341796875
2.800067500635027073485616710968315601348876953125
1.5728774993221410483101863064803183078765869140625
5.78345563851203703364944885834120213985443115234375
3.061676944924210719278789838426746428012847900390625
1.739213789337958449010557160363532602787017822265625
2.95921908982979431357307475991547107696533203125
5.25819634201815677698732542921788990497589111328125
0.222586414689783962383984317057183943688869476318359375
0.700451460574975204309566834126599133014678955078125
3.551593319758895805904330700286664068698883056640625
0.700559646292699955694160962593741714954376220703125
3.732655697176821885108211063197813928127288818359375
4.91626790563779092479990140418522059917449951171875
2.091408384995258717964361494523473083972930908203125
4.46064010984826975203532128944061696529388427734375
1.393216995336921559811571569298394024372100830078125
0.944329073794225148930081559228710830211639404296875
1.714612536773696405134614906273782253265380859375
5.87239492219284375806864773039706051349639892578125
5.99899511537620266921067013754509389400482177734375
3.477671244177775289330156738287769258022308349609375
2.514645217147343014829630192252807319164276123046875
0.0184555337174212748252433158313579042442142963409423828125
1.9503825438955264548468448992935009300708770751953125
0.7301405959236759724007015392999164760112762451171875
1.0304172091380465747789685337920673191547393798828125
1.0691082265537452666848139415378682315349578857421875
1.690167087910606991130180176696740090847015380859375
0.5936636108132606892695548594929277896881103515625
2.469878820911843408936192645342089235782623291015625
1.0640668236024894977020949227153323590755462646484375
6.031826031144827737762170727364718914031982421875
0.5460050109078269375828540432848967611789703369140625
2.452995312628812651922771692625246942043304443359375
6.2395427466905939439811845659278333187103271484375
1.4636380417056356062488475799909792840480804443359375
4.84383402735933987770522435312159359455108642578125
5.886710977064300465144697227515280246734619140625
0.4323295906901052365611803907086141407489776611328125
5.581196555369157152881598449312150478363037109375
0.77269877876257619941924303930136375129222869873046875
2.593170431755992932920662497053854167461395263671875
5.09150136789623530830795061774551868438720703125
1.5439978375078571293244067419436760246753692626953125
1.781727689646629197994798232684843242168426513671875
4.45628339937102690981873820419423282146453857421875
1.593787174668464867721695554791949689388275146484375
4.854190416497505822235325467772781848907470703125
5.66817739550854060581741578062064945697784423828125
2.275006815751126065805465259472839534282684326171875
3.19280555127966092499036676599644124507904052734375
2.775378227215831383745126004214398562908172607421875
1.4337428163097396538461225645733065903186798095703125
0.332558533864088123888080872347927652299404144287109375
3.932812119388285676535588208935223519802093505859375
3.028542593613626099369184885290451347827911376953125
6.24218355374044886474393933895044028759002685546875
0.264132606393019386814557947218418121337890625
3.621865245036218983187836784054525196552276611328125
4.452479297420342874147536349482834339141845703125
5.82200710524641262821887721656821668148040771484375
1.9662021508578024775459880402195267379283905029296875
0.54731621852971412689470298573723994195461273193359375
3.272401162565332644049931332119740545749664306640625
1.5612076906299534595490285937557928264141082763671875
5.55684315331155342931879204115830361843109130859375
3.002867535773219742623041383922100067138671875
0.224282214696941595288848247946589253842830657958984375
4.42793998188167936547188219265080988407135009765625
0.01949745615696769907021490553233888931572437286376953125
0.187410534868438560796022329668630845844745635986328125
0.7914467350539968748535102349705994129180908203125
0.07358469864054802134223365328580257482826709747314453125
0.218335770172223331275773716697585768997669219970703125
0.8281921976377220051546146351029165089130401611328125
0.4701400331548135635983953761751763522624969482421875
0.64091800462497305890252619064995087683200836181640625
0.0120328157264892078581741685638917260803282260894775390625
0.007074729542748411405261865780857988283969461917877197265625
0.66571616505538866448432600009255111217498779296875
0.72945429930903682436138524280977435410022735595703125
0.74367504787802463095403027182328514754772186279296875
0.006830674599311629090203634717681779875420033931732177734375
0.133076061090955544141678501546266488730907440185546875
0.034674997923278716438488800122286193072795867919921875
0.7261466485104275392359340912662446498870849609375
0.531828859602952785934348867158405482769012451171875
0.1960355784725563432768780103288008831441402435302734375
0.381832740913067347765519343738560564815998077392578125
0.816319400824755181389491554000414907932281494140625
0.81120839473382033713022565279970876872539520263671875
0.349655766668569178978742684194003231823444366455078125
0.2702278565942439758629234347608871757984161376953125
0.429385084393147875569951565921655856072902679443359375
0.1667070966990231994930837799984146840870380401611328125
0.313731506612958177537819892677362076938152313232421875
0.31590956603917741407627772787236608564853668212890625
0.28881096294560049120292433144641108810901641845703125
0.79010930368216214514376360966707579791545867919921875
0.392315019104776452341099002296687103807926177978515625
0.272305353671454530850581932099885307252407073974609375
0.1076119458803962702919676530655124224722385406494140625
0.636055050248305775539847672916948795318603515625
0.40954777105224682287598625407554209232330322265625
0.71801887392905483498140029041678644716739654541015625
0.2279127292465012166733373533133999444544315338134765625
0.5123266058565707492533647382515482604503631591796875
0.9813536675560072808366385288536548614501953125
0.9392570787757901218384404273820109665393829345703125
0.059857048587807014372597080864579766057431697845458984375
0.50584000093203040915312840297701768577098846435546875
0.0021255710172120348931679156834206878556869924068450927734375
0.430995110157409266893324684133403934538364410400390625
0.1444898076096967909354162884483230300247669219970703125
0.71282355846502987173352039462770335376262664794921875
0.0458887149793509030448745988906011916697025299072265625
0.65526649432967720709797276867902837693691253662109375
0.78926312541089160834673066347022540867328643798828125
0.457148185678361074213427173162926919758319854736328125
0.3092093352736948741465994316968135535717010498046875
0.42467806834014043548819472562172450125217437744140625
0.704394327804629849509865380241535604000091552734375
0.11469056043526650034980463033207342959940433502197265625
0.7195591361818645115278059165575541555881500244140625
0.0964867459128083415631493835462606512010097503662109375
0.1599118142202085868230909682097262702882289886474609375
0.153004740436097963485195805333205498754978179931640625
0.42407631381604649067895707048592157661914825439453125
0.452973920131555740642426144404453225433826446533203125
0.805104263967417299596718294196762144565582275390625
0.1053709481402164971353130340503412298858165740966796875
0.1509263902674086443855827610605047084391117095947265625
0.004493639806515369906902979124652119935490190982818603515625
0.051958987047876693810000148232575156725943088531494140625
0.1390004121414387672217571889632381498813629150390625
0.6368088850922923871422653974150307476520538330078125
0.89829038730742893914538171884487383067607879638671875
0.50068315421262898912146965813008137047290802001953125
0.026951206860575456503159585963658173568546772003173828125
0.06692858602242944543458946782266139052808284759521484375
0.99965847516416506124414809164591133594512939453125
0.7257647000838838291514321099384687840938568115234375
0.388877786411381209941140468799858354032039642333984375
0.73666306572810891228897389737539924681186676025390625
0.7184071348600122863814476659172214567661285400390625
0.007649184208199933700245143342044684686698019504547119140625
0.392760308176633099463970211218111217021942138671875
0.5844155259357837195466345292516052722930908203125
0.09876509061957015889188227220074622891843318939208984375
0.8588957739336862129420069322804920375347137451171875
0.9975428353052320229465976808569394052028656005859375
0.801443983242588142701379183563403785228729248046875
0.8369078709915782621209245917270891368389129638671875
0.90881416942403381309389942543930374085903167724609375
0.5223694269183880578566459007561206817626953125
0.987297030625537530568180955015122890472412109375
0.2025831561547625503383329714779392816126346588134765625
0.674691117217154801011247400310821831226348876953125
0.862902743678028993912221267237327992916107177734375
0.43331264864341945131087641129852272570133209228515625
0.95312151264078981416361102674272842705249786376953125
0.4050879615382700915660052487510256469249725341796875
0.5995374077928892209143896252498961985111236572265625
0.74313576880057141682556220985134132206439971923828125
0.62587799999205306900051937191165052354335784912109375
0.9360680011734683336754869742435403168201446533203125
0.09773620036325240956198712183322641067206859588623046875
0.51925405697862336840131547432974912226200103759765625
0.039639120474289690765345994805102236568927764892578125
0.79850314874132310993815053734579123556613922119140625
0.4038109813834591665937523430329747498035430908203125
0.08403644947523085384499808014879818074405193328857421875
0.498861909144959370099314810431678779423236846923828125
0.1978550796387042176593951126051251776516437530517578125
0.170081749171987983704212865632143802940845489501953125
0.94307453089536841250861698426888324320316314697265625
0.0721295611337430531140313405558117665350437164306640625
0.469085082164539535209968335038865916430950164794921875
0.3376659789763698515940859579131938517093658447265625
0.369969467339091695468056286699720658361911773681640625
0.8142523927680460626987724026548676192760467529296875
0.58696481380004661421168066226528026163578033447265625
0.04354945199729383376041624842400779016315937042236328125
0.84663266402046788439150759586482308804988861083984375
0.53428709625000470051503498325473628938198089599609375
0.64519712032992260208885682004620321094989776611328125
0.430935990731667717401620620876201428472995758056640625
0.5444922151716855562852970251697115600109100341796875
0.487961136497539083034524765025707893073558807373046875
0.2915625522339542197158834824222140014171600341796875
0.373515023092513442914963661678484641015529632568359375
0.7812461474823049201177127542905509471893310546875
0.58279957509729996001368590441416017711162567138671875
0.11731155315288881169077939148337463848292827606201171875
0.462552079680632832747733118594624102115631103515625
0.88400953304209262118007472963654436171054840087890625
0.79331848853887920736127625787048600614070892333984375
0.188793064648654806969574337927042506635189056396484375
0.577193216689486643389273012871854007244110107421875
0.92005651347341788071076962296501733362674713134765625
0.6805615404995910555641103201196528971195220947265625
0.049578390107293791866371890364462160505354404449462890625
0.29448720314283260979237866195035167038440704345703125
0.041295430642224580097821018398462911136448383331298828125
0.33641790055503040246520640721428208053112030029296875
0.4404912248442374167467505685635842382907867431640625
0.56749506553984019330272303704987280070781707763671875
0.1555775078738003414091650711270631290972232818603515625
0.47206860104206416206551466530072502791881561279296875
0.0707601942451485388385634678343194536864757537841796875
0.760170081518669604747628909535706043243408203125
0.2114251522400533433998504051487543620169162750244140625
0.425744073198057737528188226860947906970977783203125
0.3903565101280606075562218393315561115741729736328125
0.43564394509216952666719180342624895274639129638671875
0.1144176018957130669395638733476516790688037872314453125
0.875666656473496285428836927167139947414398193359375
0.2277030163573580956448694223581696860492229461669921875
0.7580665982133087954508710026857443153858184814453125
0.95260219879103924522922852702322416007518768310546875
0.60185642987576148943418274939176626503467559814453125
0.80441742195022170047735698972246609628200531005859375
0.61483079549615771153270316062844358384609222412109375
0.31964613558708043772327300757751800119876861572265625
0.2328839903850499493120906890908372588455677032470703125
0.0215200767952576643704531988987582735717296600341796875
0.345176056653808849272735415070201270282268524169921875
0.5465426414956071621276123551069758832454681396484375
0.63316344638968047320304322056472301483154296875
0.77385741927374962489949439259362407028675079345703125
0.247312174293823627824195909852278418838977813720703125
0.1850128766079493225493735053532873280346393585205078125
0.052271013172469571461675741375074721872806549072265625
0.293132689917987521166509168324409984052181243896484375
0.68171433996489005924246384893194772303104400634765625
0.90482210968845622200973366489051841199398040771484375
0.6388283118786421965751287643797695636749267578125
0.452922264790591888594661895695026032626628875732421875
0.66923446099703876033260030453675426542758941650390625
0.3405585039130218927283522134530358016490936279296875
0.162974729744240043327607736500794999301433563232421875
0.8951725232858083192155618235119618475437164306640625
0.59502381020925187993242388984072022140026092529296875
0.279070915784254192093527535689645446836948394775390625
0.378614315473760620900378626174642704427242279052734375
0.2969946480807823530057021343964152038097381591796875
0.94120335576180524927991655204095877707004547119140625
0.74890532053490421748875860430416651070117950439453125
0.8947234181197003533014822096447460353374481201171875
0.80381198032005318765413903747685253620147705078125
0.28777289823059593043552695235121063888072967529296875
0.86000852745958067391285339908790774643421173095703125
0.41787362118152604484322409916785545647144317626953125
0.180260317484038090629638872997020371258258819580078125
0.08549919169652238359891072150276158936321735382080078125
0.98922653356065348706493978170328773558139801025390625
0.882897402105339512701220883172936737537384033203125
0.7566247078388113056490738017600961029529571533203125
0.3261142206965546019858948056935332715511322021484375
0.7061084689135237457691118834191001951694488525390625
0.08862395774974672624235694229355431161820888519287109375
0.330655025937899471610847967895097099244594573974609375
0.485110641217376403755423552865977399051189422607421875
