              -3389.8192497225
         -0.000339760      -0.000033193      -0.000002983
         -0.000033193      -0.000258440       0.000022831
         -0.000002983       0.000022831      -0.000230340
          64
  1     6       0.012654550      -0.013882723      -0.028410344  C
  1     6       0.014835079       0.002286455      -0.012102161  C
  2    40      -0.001067474      -0.005646263      -0.035601694  Zr
  1     6      -0.067561037       0.062042995       0.064594112  C
  2    40       0.064358822      -0.148223153       0.111627555  Zr
  2    40       0.042867024      -0.012981089      -0.008110693  Zr
  1     6       0.005574959      -0.023490513      -0.004851699  C
  2    40      -0.207732736       0.014680727       0.033398667  Zr
  1     6      -0.015461664       0.038837238       0.164741659  C
  1     6      -0.005166141      -0.012308126      -0.005722260  C
  2    40      -0.007468489       0.021447723       0.002669304  Zr
  1     6      -0.012166900      -0.010142188      -0.041672402  C
  2    40       0.010734181       0.023290517      -0.109338599  Zr
  2    40      -0.013803756       0.030350250       0.002770440  Zr
  1     6       0.012571542      -0.011358766       0.005762293  C
  2    40       0.011002946       0.004271994      -0.005293951  Zr
  2    40      -0.027569479      -0.002480654      -0.003753338  Zr
  1     6       0.002029114       0.027650194       0.003170376  C
  2    40       0.100204966       0.226831916       0.141843441  Zr
  1     6       0.017696594      -0.236740274       0.036306572  C
  1     6       0.015481815      -0.006421369       0.000350261  C
  2    40       0.056234478       0.043382776      -0.002231022  Zr
  1     6      -0.120560868      -0.008191379      -0.070380957  C
  2    40      -0.213383673       0.023406215      -0.064122894  Zr
  2    40      -0.002372798      -0.018428622      -0.016602488  Zr
  1     6      -0.004869866       0.010818473      -0.003683176  C
  2    40       0.070161563      -0.018139974      -0.066281167  Zr
  1     6       0.004630445       0.008789042      -0.001052141  C
  1     6       0.014081634       0.009834001      -0.003920944  C
  2    40      -0.015581189      -0.011068424      -0.003898498  Zr
  1     6       0.000142846       0.007975911       0.012743707  C
  2    40      -0.010755468      -0.006100503      -0.014715218  Zr
  1     6       0.019829497      -0.004960255      -0.000601616  C
  2    40       0.008215166      -0.008167319      -0.005354104  Zr
  1     6       0.015833276      -0.000160015      -0.007757168  C
  2    40       0.039774990       0.001312007       0.026389014  Zr
  2    40       0.006246823      -0.053554479       0.013165410  Zr
  1     6      -0.000853923       0.009389646      -0.002377540  C
  2    40       0.116438755       0.006361725      -0.011086267  Zr
  1     6       0.093314856       0.016035253      -0.005597257  C
  1     6       0.002099907       0.013924190       0.006273101  C
  2    40       0.016173051      -0.026672628       0.014981813  Zr
  1     6      -0.010158459       0.009699515      -0.015210275  C
  2    40       0.017436670      -0.011734279      -0.023292159  Zr
  2    40      -0.032078027      -0.012353534       0.006220612  Zr
  1     6       0.016066327       0.006487530       0.009936907  C
  2    40      -0.017693092      -0.011011759      -0.005356046  Zr
  1     6       0.001588619       0.019028625       0.000555974  C
  2    40      -0.008101404       0.010925749       0.010290506  Zr
  1     6      -0.003945552      -0.004046789      -0.000324315  C
  2    40       0.000066217       0.010822240      -0.026207473  Zr
  1     6      -0.017665177       0.008974688      -0.001365588  C
  1     6      -0.000401927       0.000965568      -0.009977431  C
  2    40      -0.007381270      -0.006941524       0.001415701  Zr
  1     6       0.008902843       0.003473994       0.000098520  C
  2    40      -0.026485682       0.004177459      -0.040605158  Zr
  2    40       0.006387890       0.017498934       0.000374313  Zr
  1     6       0.007241911      -0.025015450       0.001784605  C
  2    40       0.027108988       0.007083846       0.014112643  Zr
  1     6      -0.001432071      -0.014748527       0.009741945  C
  1     6       0.007030478       0.002559468      -0.017318280  C
  2    40      -0.017316205       0.025540628      -0.020303716  Zr
  1     6       0.008080159      -0.008014163       0.004708461  C
  2    40      -0.008012381       0.001487657      -0.001967113  Zr
