              -3390.0758562697
         -0.000251448      -0.000008191      -0.000004872
         -0.000008191      -0.000213562       0.000003037
         -0.000004872       0.000003037      -0.000193135
          64
  1     6      -0.007791630       0.039335748       0.011301049  C
  1     6      -0.004135746       0.013799542       0.001910364  C
  2    40      -0.022847297       0.037152673      -0.000165775  Zr
  1     6      -0.004959226      -0.042537043      -0.000051191  C
  2    40       0.115235386       0.062418060      -0.030369466  Zr
  2    40       0.018737862      -0.003110310       0.007112901  Zr
  1     6       0.029651676      -0.007943395      -0.035844826  C
  2    40      -0.033578958      -0.015640385       0.034810051  Zr
  1     6      -0.107380986      -0.008143173      -0.005518883  C
  1     6       0.025934808       0.005386339       0.002279066  C
  2    40       0.005733025      -0.002940857       0.007754993  Zr
  1     6      -0.008014035       0.005800316       0.019128967  C
  2    40       0.016477407      -0.018899940      -0.001538208  Zr
  2    40       0.007505172      -0.062974575       0.046664580  Zr
  1     6       0.002888279       0.019551228      -0.030409788  C
  2    40       0.032815279      -0.010930218      -0.002582579  Zr
  2    40      -0.012318946      -0.011057527       0.055562078  Zr
  1     6       0.017588025      -0.007750375       0.037999145  C
  2    40      -0.033740909      -0.044327174      -0.005080943  Zr
  1     6      -0.023454398       0.002667266       0.044598783  C
  1     6      -0.002209234       0.031966902      -0.042956972  C
  2    40      -0.007290749      -0.046255168      -0.019106690  Zr
  1     6       0.028123075       0.046592008      -0.045664999  C
  2    40      -0.008265616       0.003987109       0.036373693  Zr
  2    40       0.007891051      -0.000491958      -0.029207604  Zr
  1     6       0.005640960       0.003189065       0.015144589  C
  2    40       0.055159556      -0.021931817       0.027745329  Zr
  1     6      -0.011212075       0.029471283      -0.006499887  C
  1     6       0.012289844      -0.008704727      -0.030622046  C
  2    40      -0.045621415       0.012995712       0.047851841  Zr
  1     6      -0.009886398       0.013865750      -0.027071478  C
  2    40      -0.018176051      -0.043264615      -0.016865846  Zr
  1     6       0.006168959       0.026247422       0.021226434  C
  2    40      -0.033760913      -0.013255079       0.023128590  Zr
  1     6       0.029440610       0.031479633       0.004985918  C
  2    40       0.027252402      -0.018405071       0.027812929  Zr
  2    40       0.032521286       0.011262533      -0.019596462  Zr
  1     6       0.010917712      -0.025013970      -0.018532943  C
  2    40      -0.021631224       0.009282681      -0.052970693  Zr
  1     6      -0.016198626      -0.003967764       0.020650798  C
  1     6      -0.012257231      -0.022282978       0.000181446  C
  2    40      -0.037818304       0.008920005       0.026111727  Zr
  1     6      -0.021586866       0.019526005       0.027490310  C
  2    40       0.016600560       0.007303176      -0.020629024  Zr
  2    40      -0.002289034       0.024714512       0.007258653  Zr
  1     6      -0.014129592      -0.008328869      -0.033983268  C
  2    40      -0.029170750      -0.006069049      -0.064611156  Zr
  1     6      -0.022156817      -0.001423373       0.005344437  C
  2    40      -0.029804950      -0.009486126      -0.026744327  Zr
  1     6       0.030497683       0.013507361       0.013131273  C
  2    40       0.058139198       0.026450655       0.030544196  Zr
  1     6      -0.040521405      -0.001423318       0.022680402  C
  1     6      -0.027291960      -0.007340275      -0.005405619  C
  2    40      -0.056167034       0.010110277      -0.019799816  Zr
  1     6       0.006231498      -0.003948166      -0.003829395  C
  2    40       0.006947227      -0.037953091      -0.084568496  Zr
  2    40       0.020273449       0.021967331       0.025583191  Zr
  1     6       0.046421003      -0.020525399       0.017080589  C
  2    40       0.010695775       0.028601277       0.001975406  Zr
  1     6      -0.000896347      -0.012071961       0.025162597  C
  1     6       0.010561739      -0.068440652      -0.008302850  C
  2    40       0.003129722      -0.019292976       0.015196240  Zr
  1     6      -0.002419719      -0.009696731       0.011045372  C
  2    40       0.031843444       0.077190317      -0.034774069  Zr
