135810200
1.766053069569255118409500937559641897678375244140625
0.39936153512915051333465044081094674766063690185546875
3.37843842709695341142150937230326235294342041015625
0.48557001011409084423320337009499780833721160888671875
1.4394047452222580307790167353232391178607940673828125
5.1504091933980244988333652145229279994964599609375
3.5346655582039971932317712344229221343994140625
5.39052526387932484652765197097323834896087646484375
2.175329254019491287408527568913996219635009765625
2.9015721680488528733121711411513388156890869140625
5.94888321940851572122710422263480722904205322265625
0.860973722085675685633532339124940335750579833984375
1.4285886955205528980883400436141528189182281494140625
6.00267778634888049538176346686668694019317626953125
4.780157425393525727486121468245983123779296875
4.48362128889677880039243973442353308200836181640625
2.563036569311496482015400033560581505298614501953125
2.4065940761824773375110453343950212001800537109375
3.774170915978503959564704928197897970676422119140625
0.82847389101069024430756826404831372201442718505859375
2.22463447062629082751072928658686578273773193359375
4.9741720054910576465090343845076858997344970703125
2.872134601944564824549388504237867891788482666015625
5.136103054185301886036540963687002658843994140625
4.1665894506856613332956840167753398418426513671875
4.2765864131347708365638027316890656948089599609375
0.97871539917370764527504434227012097835540771484375
0.0236066408953669697179389430630180868320167064666748046875
0.10502981721950706284207655016871285624802112579345703125
3.6240943810871737440493234316818416118621826171875
2.7447236010455018373477287241257727146148681640625
5.14821243464997824190731989801861345767974853515625
0.42432789400988024652860985952429473400115966796875
4.96604986676544779555797504144720733165740966796875
4.16378529712902345494285327731631696224212646484375
3.1288891711891455571503684041090309619903564453125
5.49022154511068816162833172711543738842010498046875
5.86453449365976542395628712256439030170440673828125
5.901387843124748400214230059646070003509521484375
0.84344939716763678294597639251151122152805328369140625
0.18875686715338513277373522214475087821483612060546875
1.333894058052913056400257119094021618366241455078125
3.974410645522854057531958460458554327487945556640625
3.574776361021353210389861487783491611480712890625
1.1005998261925269421368511757464148104190826416015625
2.681442402429557336773768838611431419849395751953125
2.740215809166642202399089001119136810302734375
2.86989829759502601547183076036162674427032470703125
2.81809074498615341752838503452949225902557373046875
1.079857213164906237778950526262633502483367919921875
1.0641013192107753315696072604623623192310333251953125
0.80392520401881706337832156350486911833286285400390625
6.02862225810841767525971590657718479633331298828125
2.350308405525044275208301769453100860118865966796875
5.10272664259781283391248507541604340076446533203125
3.148431489191902077351414845907129347324371337890625
2.030608312995088482466599089093506336212158203125
0.1757704731524546148957455216077505610883235931396484375
5.839826246193094760883468552492558956146240234375
3.801274121260302507607775623910129070281982421875
4.6662322762823347233052118099294602870941162109375
4.50256419962364962117362665594555437564849853515625
1.7460007578435583486253790397313423454761505126953125
4.28780648862549806921151684946380555629730224609375
2.642040058653313483461033683852292597293853759765625
5.26278224201905242551902119885198771953582763671875
3.293224783218619666769200193812139332294464111328125
3.977278942185552335075726659852080047130584716796875
0.1687965378647783565302376018735230900347232818603515625
2.402301236708531018138046420062892138957977294921875
3.2381598504032780283523607067763805389404296875
4.27982139021378937826511901221238076686859130859375
3.74987297021941135000133726862259209156036376953125
4.9906018189904717274885115330107510089874267578125
1.922953397540051678760164577397517859935760498046875
3.9637546858722902953786615398712456226348876953125
2.7082218610147972270851823850534856319427490234375
1.429263156345525143109398413798771798610687255859375
3.27241077978877914489430622779764235019683837890625
2.735128818762230906713739386759698390960693359375
4.801548043835591528250006376765668392181396484375
3.33740691630618169227773250895552337169647216796875
1.498247900967478951628208960755728185176849365234375
4.850249262529576554925370146520435810089111328125
1.0759026003506575452917104485095478594303131103515625
0.6553823192948484699371647366206161677837371826171875
0.236912619286868075807461764270556159317493438720703125
3.2996453112264649831786300637759268283843994140625
3.1076102758007184689859059290029108524322509765625
1.010114202992947962655989613267593085765838623046875
4.5157524675418745374599893693812191486358642578125
5.336564047163154356212544371373951435089111328125
0.8738171714353415442388950395979918539524078369140625
5.39501164448919023897133229183964431285858154296875
6.19971154555386672058148178621195256710052490234375
3.777493489666213566380292832036502659320831298828125
3.56168091818103160761666003963910043239593505859375
0.2464765076661616927111708719166927039623260498046875
1.863215658612455971621102435165084898471832275390625
0.44378795798076720036107190026086755096912384033203125
6.06609096943384695777012893813662230968475341796875
0.96999540971704878433712337937322445213794708251953125
6.0343739897100903135651606135070323944091796875
4.006603878226993487032814300619065761566162109375
6.2767025540862864119162622955627739429473876953125
1.6061773359257405235922533393022604286670684814453125
3.707401667159343272572868954739533364772796630859375
5.4500587472589945292611446348018944263458251953125
1.14219798074590261904859289643354713916778564453125
2.444261492744641994789844829938374459743499755859375
0.1256549491479335978194598055779351852834224700927734375
5.7767985098375564945172300213016569614410400390625
0.77028478545741396743551376857794821262359619140625
2.464079386477475708261408726684749126434326171875
4.836815484773619999714355799369513988494873046875
5.57261870595881969592255700263194739818572998046875
4.00703762173385857892071726382710039615631103515625
4.63953944000234574929208974936045706272125244140625
4.52906953954521807048649861826561391353607177734375
0.333839971103082333581113516629557125270366668701171875
1.096490793597607815712535739294253289699554443359375
2.7486712064821556822380443918518722057342529296875
2.5995733871918815793833346106112003326416015625
3.10192599935163570989971049129962921142578125
0.194244439637662191788791687940829433500766754150390625
4.8004955913117175470006259274668991565704345703125
5.4847571745071324045284200110472738742828369140625
4.0072352561145603289105565636418759822845458984375
4.0341985128013195804896895424462854862213134765625
2.605357101108580764048383571207523345947265625
3.095996684124442399621557342470623552799224853515625
0.924364545930733694234504582709632813930511474609375
2.154219322743268438813402099185623228549957275390625
4.57807531730224770427639668923802673816680908203125
1.6436766983107451434165113823837600648403167724609375
4.92269035006831767731227955664508044719696044921875
0.5687472954341525888111164022120647132396697998046875
1.260874652665303852216993618640117347240447998046875
3.303720907365786718656863740761764347553253173828125
0.62690675056381828245122278531198389828205108642578125
3.625802844113217293653406159137375652790069580078125
3.81786473578904494985408746288157999515533447265625
3.438325840098973795733172664768062531948089599609375
2.799231372733224088023007425363175570964813232421875
1.7300440315698055737669847076176665723323822021484375
3.77716774754939610403425831464119255542755126953125
1.0161936779833682376050774109899066388607025146484375
5.6458897215525478685549387591890990734100341796875
3.98225097941320882455329410731792449951171875
3.570516560089286972612399040372110903263092041015625
2.569509724334289035851952576194889843463897705078125
2.082909869632306065767579639214091002941131591796875
3.59819786378224204526077301125042140483856201171875
0.0233923994686394964848119570888229645788669586181640625
1.423399874314549062859214245690964162349700927734375
4.11669881522564207187997453729622066020965576171875
6.0777014948338301536523431423120200634002685546875
1.5933921311964429623486694254097528755664825439453125
3.193292937066619430197533802129328250885009765625
4.422181081981424455307205789722502231597900390625
3.514026674845635245247876810026355087757110595703125
3.46619238433067256011099743773229420185089111328125
0.3345105230109497451707056825398467481136322021484375
1.41744805355563929794016075902618467807769775390625
0.486491238886343324576699842509697191417217254638671875
3.659503880148111676362532307393848896026611328125
0.91480092087669417910689162454218603670597076416015625
6.19425798298907448469208247843198478221893310546875
2.803012972078027242872622082359157502651214599609375
5.13173225288112888620162266306579113006591796875
0.5847642324901711763374123620451427996158599853515625
2.99243026189450578300466077052988111972808837890625
4.61662401326978422133606727584265172481536865234375
3.61212245640513263111870401189662516117095947265625
2.695260594094779360574420934426598250865936279296875
0.1668833160469910537049287313493550755083560943603515625
3.6672817649915412374639345216564834117889404296875
4.45632232469525302320789705845527350902557373046875
0.1787872033350476341784229816767037846148014068603515625
2.0353684904266486910273670218884944915771484375
4.57854969189581861854776434483937919139862060546875
3.721279405442023513472804552293382585048675537109375
5.1541008203551772481887383037246763706207275390625
3.7231640974314483827356525580398738384246826171875
3.5668171650371380820843114634044468402862548828125
5.90034133882577993546192374196834862232208251953125
5.5369568154935091541801739367656409740447998046875
4.53086182192547415326089321752078831195831298828125
0.9122233908853976114272654740489087998867034912109375
5.39712717909969530438729634624905884265899658203125
3.61091721379132746250206764671020209789276123046875
3.533585956846426512356629245914518833160400390625
0.93019656740603806621692228873143903911113739013671875
0.34115958415957148286423716854187659919261932373046875
0.82352710367344650332910305223776958882808685302734375
0.1862405991117659087574764953387784771621227264404296875
0.8937593618844446030635708666522987186908721923828125
0.96189772522165328805243689203052781522274017333984375
0.505545621507589526544279578956775367259979248046875
0.900815121317661837707646554918028414249420166015625
0.01354050217826874118187685525072083692066371440887451171875
0.87731104478114796396681640544557012617588043212890625
0.87653165025475043847791312146000564098358154296875
0.39382963552783689653580267986399121582508087158203125
0.199047922715101355262135029988712631165981292724609375
0.1936581890069219158423408089220174588263034820556640625
0.47772337285695753994474443970830179750919342041015625
0.041861759518208800645577838395183789543807506561279296875
0.77715085483023471635277701352606527507305145263671875
0.94561511648148999231722200420335866510868072509765625
0.460302211092925739333026058375253342092037200927734375
0.829766338611844123107630366575904190540313720703125
0.95156879860515186653202590605360455811023712158203125
0.91662106938502796449341758489026688039302825927734375
0.6495928054906394688572390805347822606563568115234375
0.80332882367229496711757974480860866606235504150390625
0.279235744047554079738659993381588719785213470458984375
0.60992747853041040517751980587490834295749664306640625
0.81766809235218362861274954411783255636692047119140625
0.3831343466337464587212480182643048465251922607421875
0.95911295663524087640183779512881301343441009521484375
0.7775016984797555874564523037406615912914276123046875
0.290383027536041560257018545598839409649372100830078125
0.84475626882387155891507291016750968992710113525390625
0.202384801210083453693044930332689546048641204833984375
0.668211839938634977187348340521566569805145263671875
0.92222710043295619275482977172941900789737701416015625
0.0167485852803795527699026735035658930428326129913330078125
0.289642241452653992350718681336729787290096282958984375
0.330910317753865534928792158098076470196247100830078125
0.750805844902436181342864074395038187503814697265625
0.602368354612201617470645942375995218753814697265625
0.8148790089482809140264407687936909496784210205078125
0.1858089823209722324381942826221347786486148834228515625
0.2160529467351981203204758230640436522662639617919921875
0.64926311543642689638744514013524167239665985107421875
0.145735864129725778415291870260261930525302886962890625
0.61200223193131486620899295303388498723506927490234375
0.2461282709828243875360698211807175539433956146240234375
0.50365277356638238348551794842933304607868194580078125
0.2471298851292253739853066463183495216071605682373046875
0.11120008496157829380734938240493647754192352294921875
0.669842792055496349945542533532716333866119384765625
0.043152883203305715531516995042693451978266239166259765625
0.061318324441704118166196479933205409906804561614990234375
0.89872008045144380350421897674095816910266876220703125
0.50830234191767054152677474121446721255779266357421875
0.84216575782846925246616365257068537175655364990234375
0.7133842682062574436230306673678569495677947998046875
0.95572845170075471088466656510718166828155517578125
0.59691806863849894426721220952458679676055908203125
0.1046031178462333566248076976989977993071079254150390625
0.031756380122041509561636729586098226718604564666748046875
0.178772824433992061354814495643950067460536956787109375
0.1733638500670734161612784873796044848859310150146484375
0.72639772422909631988119372181245125830173492431640625
0.85429021197105303730978675957885570824146270751953125
0.58985072075848032913114593611680902540683746337890625
0.96554647943263238740740916909999214112758636474609375
0.48361803660337721044726322361384518444538116455078125
0.00706680491895731767437727199876462691463530063629150390625
0.83898897321847687447160524243372492492198944091796875
0.8834265521184665459486495819874107837677001953125
0.8385504981682405656329137855209410190582275390625
0.70912947073072640780111441927147097885608673095703125
0.526248034334857006655283839791081845760345458984375
0.3992705160748541981519110777298919856548309326171875
0.0487014716717887041763646038816659711301326751708984375
0.3474565019586386416250434194807894527912139892578125
0.70891154823308422106009629715117625892162322998046875
0.90989989503747781274256567485281266272068023681640625
0.94131408768767210748507068274193443357944488525390625
0.272907080721532524503203376298188231885433197021484375
0.28832310963809637538446395410574041306972503662109375
0.1641684124079385853622881086266716010868549346923828125
0.2653183630971789330743604296003468334674835205078125
0.1542792628306333402310457358908024616539478302001953125
0.68660436462918494893159504499635659158229827880859375
0.78546206689694064717599530922598205506801605224609375
0.634516634342501273380321435979567468166351318359375
0.319433811735098160955459434262593276798725128173828125
0.800639076065569721407655379152856767177581787109375
0.79161582085844861556012119763181544840335845947265625
0.1497312240068480460042366075867903418838977813720703125
0.0768148443088004506673627247437252663075923919677734375
0.6598926748427993427270621396019123494625091552734375
0.293952043770790094612266329932026565074920654296875
0.75090484542348645558007547151646576821804046630859375
0.132371570045301478746324619351071305572986602783203125
0.8053126841808262437183429938158951699733734130859375
0.8111691008373951294885273455292917788028717041015625
0.467775200245797273534975602160557173192501068115234375
0.1749383831279996692753542220089002512395381927490234375
0.0031541781514669666765249278483906891779042780399322509765625
0.6795344272067465052344914511195383965969085693359375
0.454991986721284658035102665962767787277698516845703125
0.79843548163698774278174141727504320442676544189453125
0.71767256628613573798958213956211693584918975830078125
0.10497161052421276339341460470677702687680721282958984375
0.7291236248468624392415904367226175963878631591796875
0.726046562532915995547000420629046857357025146484375
0.1685011937136301762851786634200834669172763824462890625
0.99022306128881087960991180807468481361865997314453125
0.586857730796028764785887688049115240573883056640625
0.9586339937330381477664786871173419058322906494140625
0.4191346137873523947092735397745855152606964111328125
0.4628014622548601852969341052812524139881134033203125
0.735251457772800431911264240625314414501190185546875
0.041289378442470624219762243001241586171090602874755859375
0.5981402954078001155124866272672079503536224365234375
0.37607644888389690773777829235768876969814300537109375
0.71979204412540054303093484122655354440212249755859375
0.308763344450277921193759311790927313268184661865234375
0.76456323208499854526820627143024466931819915771484375
0.30486840023885874995102085449616424739360809326171875
0.5955214098075038986479512459482066333293914794921875
0.88270315569020019186297076885239221155643463134765625
0.05091356907548083565728802568628452718257904052734375
0.68342864219258936397949355523451231420040130615234375
0.99552084831312337431796777309500612318515777587890625
0.0299417143827032834757506662981541012413799762725830078125
0.4118657295647383254078022218891419470310211181640625
0.301565275667964149963751196992234326899051666259765625
0.130483022020423333753313954730401746928691864013671875
0.88552282326180620231070861336775124073028564453125
0.06367845929399061633002787630175589583814144134521484375
0.78175559909164704652795307993073947727680206298828125
0.43611120173526518595252809973317198455333709716796875
0.22093511289960476862148652799078263342380523681640625
0.5042538985164155551643716535181738436222076416015625
0.6943612902864633174004893589881248772144317626953125
0.55671847637589955137826791542465798556804656982421875
0.86379791184505350098987719320575706660747528076171875
0.449990662490013348939754678212921135127544403076171875
0.2454033448572286169042655501471017487347126007080078125
0.189289189031947968633318168940604664385318756103515625
0.8601669719722899731806364798103459179401397705078125
0.768088236343156705032697573187761008739471435546875
0.74827210593422510687133808460202999413013458251953125
0.50458690128502758920348014726187102496623992919921875
0.62719457532614220074407285210327245295047760009765625
0.89539420087607302090049188336706720292568206787109375
0.35173586353274799432000463639269582927227020263671875
0.499469117959714103971435861240024678409099578857421875
0.532179835965940650766015096451155841350555419921875
0.09847449003647756882173780468292534351348876953125
0.10349832433438781176260334859762224368751049041748046875
0.8036055722290675884522670457954518496990203857421875
0.262825011398096108905519940890371799468994140625
0.51452279021708424711079032931593246757984161376953125
0.6991077445908950860342656596913002431392669677734375
0.78357341596091789615030620552715845406055450439453125
0.304966897845718509785228889086283743381500244140625
0.7210069637377778395403993272338993847370147705078125
0.450232910201993241638973586304928176105022430419921875
0.68703393204465224020083269351744093000888824462890625
0.79385922560182364815517530587385408580303192138671875
0.4863776599459246341439211391843855381011962890625
0.91393353506640229166890776468790136277675628662109375
0.7182660655669244054166711066500283777713775634765625
0.98956979391610710994342525737010873854160308837890625
0.67265449681908562329368805876583792269229888916015625
0.471933521550117751619524142370210029184818267822265625
0.060364354429936199764039628234968404285609722137451171875
0.72985630283591163003364954420248977839946746826171875
0.24298688920353861409040518992696888744831085205078125
0.27869912343039138225009310190216638147830963134765625
0.9882387635243305989973805480985902249813079833984375
0.57822195700286982411597591635654680430889129638671875
0.63690502459039211036184724434860982000827789306640625
0.93483959135359129266618083420326001942157745361328125
0.1058823527329984803824203254407620988786220550537109375
0.90636708909010843537856771945371292531490325927734375
0.8742939056243252959887968245311640202999114990234375
0.578106790118900537578383591608144342899322509765625
0.266413994257531150378071060913498513400554656982421875
0.40930052632899049935844004721730016171932220458984375
0.660744701819841129264432311174459755420684814453125
0.4153285596591087536211261976859532296657562255859375
0.615992580827322111503008272848092019557952880859375
0.2959962004311365024733504469622857868671417236328125
0.57414890945616592343725415048538707196712493896484375
0.88553977472965594852638560041668824851512908935546875
0.158361345137637721247614308595075272023677825927734375
