   108
     1   -0.088276   -0.088276    0.029425       0.009259
     2   -0.029425   -0.088276    0.029425       0.009259
     3    0.029425   -0.088276    0.029425       0.009259
     4    0.088276   -0.088276    0.029425       0.009259
     5    0.147126   -0.088276    0.029425       0.009259
     6   -0.147126   -0.088276    0.029425       0.009259
     7   -0.088276   -0.029425    0.029425       0.009259
     8   -0.029425   -0.029425    0.029425       0.009259
     9    0.029425   -0.029425    0.029425       0.009259
    10    0.088276   -0.029425    0.029425       0.009259
    11    0.147126   -0.029425    0.029425       0.009259
    12   -0.147126   -0.029425    0.029425       0.009259
    13   -0.088276    0.029425    0.029425       0.009259
    14   -0.029425    0.029425    0.029425       0.009259
    15    0.029425    0.029425    0.029425       0.009259
    16    0.088276    0.029425    0.029425       0.009259
    17    0.147126    0.029425    0.029425       0.009259
    18   -0.147126    0.029425    0.029425       0.009259
    19   -0.088276    0.088276    0.029425       0.009259
    20   -0.029425    0.088276    0.029425       0.009259
    21    0.029425    0.088276    0.029425       0.009259
    22    0.088276    0.088276    0.029425       0.009259
    23    0.147126    0.088276    0.029425       0.009259
    24   -0.147126    0.088276    0.029425       0.009259
    25   -0.088276    0.147126    0.029425       0.009259
    26   -0.029425    0.147126    0.029425       0.009259
    27    0.029425    0.147126    0.029425       0.009259
    28    0.088276    0.147126    0.029425       0.009259
    29    0.147126    0.147126    0.029425       0.009259
    30   -0.147126    0.147126    0.029425       0.009259
    31   -0.088276   -0.147126    0.029425       0.009259
    32   -0.029425   -0.147126    0.029425       0.009259
    33    0.029425   -0.147126    0.029425       0.009259
    34    0.088276   -0.147126    0.029425       0.009259
    35    0.147126   -0.147126    0.029425       0.009259
    36   -0.147126   -0.147126    0.029425       0.009259
    37   -0.088276   -0.088276    0.088276       0.009259
    38   -0.029425   -0.088276    0.088276       0.009259
    39    0.029425   -0.088276    0.088276       0.009259
    40    0.088276   -0.088276    0.088276       0.009259
    41    0.147126   -0.088276    0.088276       0.009259
    42   -0.147126   -0.088276    0.088276       0.009259
    43   -0.088276   -0.029425    0.088276       0.009259
    44   -0.029425   -0.029425    0.088276       0.009259
    45    0.029425   -0.029425    0.088276       0.009259
    46    0.088276   -0.029425    0.088276       0.009259
    47    0.147126   -0.029425    0.088276       0.009259
    48   -0.147126   -0.029425    0.088276       0.009259
    49   -0.088276    0.029425    0.088276       0.009259
    50   -0.029425    0.029425    0.088276       0.009259
    51    0.029425    0.029425    0.088276       0.009259
    52    0.088276    0.029425    0.088276       0.009259
    53    0.147126    0.029425    0.088276       0.009259
    54   -0.147126    0.029425    0.088276       0.009259
    55   -0.088276    0.088276    0.088276       0.009259
    56   -0.029425    0.088276    0.088276       0.009259
    57    0.029425    0.088276    0.088276       0.009259
    58    0.088276    0.088276    0.088276       0.009259
    59    0.147126    0.088276    0.088276       0.009259
    60   -0.147126    0.088276    0.088276       0.009259
    61   -0.088276    0.147126    0.088276       0.009259
    62   -0.029425    0.147126    0.088276       0.009259
    63    0.029425    0.147126    0.088276       0.009259
    64    0.088276    0.147126    0.088276       0.009259
    65    0.147126    0.147126    0.088276       0.009259
    66   -0.147126    0.147126    0.088276       0.009259
    67   -0.088276   -0.147126    0.088276       0.009259
    68   -0.029425   -0.147126    0.088276       0.009259
    69    0.029425   -0.147126    0.088276       0.009259
    70    0.088276   -0.147126    0.088276       0.009259
    71    0.147126   -0.147126    0.088276       0.009259
    72   -0.147126   -0.147126    0.088276       0.009259
    73   -0.088276   -0.088276    0.147126       0.009259
    74   -0.029425   -0.088276    0.147126       0.009259
    75    0.029425   -0.088276    0.147126       0.009259
    76    0.088276   -0.088276    0.147126       0.009259
    77    0.147126   -0.088276    0.147126       0.009259
    78   -0.147126   -0.088276    0.147126       0.009259
    79   -0.088276   -0.029425    0.147126       0.009259
    80   -0.029425   -0.029425    0.147126       0.009259
    81    0.029425   -0.029425    0.147126       0.009259
    82    0.088276   -0.029425    0.147126       0.009259
    83    0.147126   -0.029425    0.147126       0.009259
    84   -0.147126   -0.029425    0.147126       0.009259
    85   -0.088276    0.029425    0.147126       0.009259
    86   -0.029425    0.029425    0.147126       0.009259
    87    0.029425    0.029425    0.147126       0.009259
    88    0.088276    0.029425    0.147126       0.009259
    89    0.147126    0.029425    0.147126       0.009259
    90   -0.147126    0.029425    0.147126       0.009259
    91   -0.088276    0.088276    0.147126       0.009259
    92   -0.029425    0.088276    0.147126       0.009259
    93    0.029425    0.088276    0.147126       0.009259
    94    0.088276    0.088276    0.147126       0.009259
    95    0.147126    0.088276    0.147126       0.009259
    96   -0.147126    0.088276    0.147126       0.009259
    97   -0.088276    0.147126    0.147126       0.009259
    98   -0.029425    0.147126    0.147126       0.009259
    99    0.029425    0.147126    0.147126       0.009259
   100    0.088276    0.147126    0.147126       0.009259
   101    0.147126    0.147126    0.147126       0.009259
   102   -0.147126    0.147126    0.147126       0.009259
   103   -0.088276   -0.147126    0.147126       0.009259
   104   -0.029425   -0.147126    0.147126       0.009259
   105    0.029425   -0.147126    0.147126       0.009259
   106    0.088276   -0.147126    0.147126       0.009259
   107    0.147126   -0.147126    0.147126       0.009259
   108   -0.147126   -0.147126    0.147126       0.009259
