     1  1  0.00925926     262
     2  1  0.00925926     265
     3  1  0.00925926     265
     4  1  0.00925926     262
     5  1  0.00925926     258
     6  1  0.00925926     258
     7  1  0.00925926     265
     8  1  0.00925926     263
     9  1  0.00925926     263
    10  1  0.00925926     265
    11  1  0.00925926     259
    12  1  0.00925926     259
    13  1  0.00925926     265
    14  1  0.00925926     263
    15  1  0.00925926     263
    16  1  0.00925926     265
    17  1  0.00925926     259
    18  1  0.00925926     259
    19  1  0.00925926     262
    20  1  0.00925926     265
    21  1  0.00925926     265
    22  1  0.00925926     262
    23  1  0.00925926     258
    24  1  0.00925926     258
    25  1  0.00925926     258
    26  1  0.00925926     259
    27  1  0.00925926     259
    28  1  0.00925926     258
    29  1  0.00925926     256
    30  1  0.00925926     256
    31  1  0.00925926     258
    32  1  0.00925926     259
    33  1  0.00925926     259
    34  1  0.00925926     258
    35  1  0.00925926     256
    36  1  0.00925926     256
    37  1  0.00925926     262
    38  1  0.00925926     262
    39  1  0.00925926     262
    40  1  0.00925926     262
    41  1  0.00925926     258
    42  1  0.00925926     258
    43  1  0.00925926     262
    44  1  0.00925926     265
    45  1  0.00925926     265
    46  1  0.00925926     262
    47  1  0.00925926     258
    48  1  0.00925926     258
    49  1  0.00925926     262
    50  1  0.00925926     265
    51  1  0.00925926     265
    52  1  0.00925926     262
    53  1  0.00925926     258
    54  1  0.00925926     258
    55  1  0.00925926     262
    56  1  0.00925926     262
    57  1  0.00925926     262
    58  1  0.00925926     262
    59  1  0.00925926     258
    60  1  0.00925926     258
    61  1  0.00925926     258
    62  1  0.00925926     258
    63  1  0.00925926     258
    64  1  0.00925926     258
    65  1  0.00925926     256
    66  1  0.00925926     256
    67  1  0.00925926     258
    68  1  0.00925926     258
    69  1  0.00925926     258
    70  1  0.00925926     258
    71  1  0.00925926     256
    72  1  0.00925926     256
    73  1  0.00925926     258
    74  1  0.00925926     258
    75  1  0.00925926     258
    76  1  0.00925926     258
    77  1  0.00925926     256
    78  1  0.00925926     256
    79  1  0.00925926     258
    80  1  0.00925926     259
    81  1  0.00925926     259
    82  1  0.00925926     258
    83  1  0.00925926     256
    84  1  0.00925926     256
    85  1  0.00925926     258
    86  1  0.00925926     259
    87  1  0.00925926     259
    88  1  0.00925926     258
    89  1  0.00925926     256
    90  1  0.00925926     256
    91  1  0.00925926     258
    92  1  0.00925926     258
    93  1  0.00925926     258
    94  1  0.00925926     258
    95  1  0.00925926     256
    96  1  0.00925926     256
    97  1  0.00925926     256
    98  1  0.00925926     256
    99  1  0.00925926     256
   100  1  0.00925926     256
   101  1  0.00925926     256
   102  1  0.00925926     256
   103  1  0.00925926     256
   104  1  0.00925926     256
   105  1  0.00925926     256
   106  1  0.00925926     256
   107  1  0.00925926     256
   108  1  0.00925926     256
