              -3390.0821192962
         -0.000306014      -0.000001812      -0.000009474
         -0.000001812      -0.000116822       0.000007073
         -0.000009474       0.000007073      -0.000121140
          64
  1     6      -0.011128699      -0.000129083       0.025696661  C
  1     6      -0.004382223       0.014950278      -0.001094529  C
  2    40      -0.006988610       0.005687319       0.007177638  Zr
  1     6      -0.064157873      -0.017858467       0.070383800  C
  2    40       0.054322630      -0.029074404      -0.112526048  Zr
  2    40       0.020123708       0.008176111       0.015195166  Zr
  1     6      -0.007087851       0.017511742      -0.007857184  C
  2    40      -0.181870141       0.021360533      -0.038027686  Zr
  1     6      -0.015002156      -0.033713237      -0.016709254  C
  1     6       0.000139887       0.001236969      -0.000800604  C
  2    40       0.001125944      -0.017902372      -0.006205881  Zr
  1     6       0.000083630       0.006778936      -0.012332982  C
  2    40       0.009589289      -0.003961949       0.012009826  Zr
  2    40      -0.020985704      -0.003471641       0.029139035  Zr
  1     6       0.012391612      -0.005709823      -0.007676699  C
  2    40       0.016006264       0.002802299       0.010416976  Zr
  2    40      -0.010390251      -0.013904643       0.002686852  Zr
  1     6       0.011163641       0.011070901       0.001025864  C
  2    40       0.097813471       0.089668688       0.035711439  Zr
  1     6      -0.042641331      -0.007786794       0.025899165  C
  1     6      -0.001694779       0.002206271      -0.001467754  C
  2    40       0.025192474      -0.003403707      -0.006353416  Zr
  1     6       0.176376611      -0.014064573      -0.013155026  C
  2    40      -0.293771344       0.030138847       0.004464171  Zr
  2    40       0.003924206       0.005324280      -0.002414168  Zr
  1     6      -0.001364373       0.001187507       0.008098914  C
  2    40       0.001545410      -0.019094510      -0.000357891  Zr
  1     6       0.002032065       0.002590476      -0.009589997  C
  1     6       0.018091980       0.015660406      -0.014747256  C
  2    40      -0.010105118      -0.010651737      -0.014987434  Zr
  1     6      -0.007579082       0.011302980      -0.007097158  C
  2    40       0.027390695      -0.025731278       0.022808404  Zr
  1     6       0.012958700       0.003423906       0.012222159  C
  2    40      -0.019186602      -0.030956422      -0.008558759  Zr
  1     6       0.006161100       0.003607176      -0.003526081  C
  2    40       0.040200622      -0.008178456       0.043899559  Zr
  2    40       0.025448018      -0.031063406      -0.013054464  Zr
  1     6      -0.009852828      -0.001419700       0.011516574  C
  2    40       0.005917348       0.010897737       0.001846189  Zr
  1     6       0.128795723       0.012683832      -0.004137421  C
  1     6      -0.005040875      -0.014194027       0.014579092  C
  2    40       0.008059039       0.012976901      -0.016651752  Zr
  1     6      -0.015257607      -0.008059732       0.003245937  C
  2    40       0.031630599       0.004899179      -0.045604236  Zr
  2    40      -0.009387317       0.014668917      -0.006325462  Zr
  1     6       0.000546705      -0.009488158       0.004183901  C
  2    40      -0.016542990       0.011624592      -0.005898541  Zr
  1     6      -0.016290074      -0.002286342      -0.003991599  C
  2    40      -0.004117208      -0.005608527       0.008179224  Zr
  1     6       0.013279354      -0.002116650      -0.001970171  C
  2    40       0.009659320      -0.014164109      -0.003325059  Zr
  1     6      -0.003311096       0.003512017      -0.000423340  C
  1     6      -0.008997882       0.004947521      -0.001590615  C
  2    40       0.001363262      -0.017085516       0.001152011  Zr
  1     6      -0.015085019       0.011700061      -0.008444079  C
  2    40       0.018269779      -0.008509908       0.006574756  Zr
  2    40       0.000251789       0.011012217      -0.013467096  Zr
  1     6       0.008817403      -0.010633557       0.009180393  C
  2    40       0.026684087       0.006282917       0.021721392  Zr
  1     6       0.002579877      -0.004863138      -0.002704618  C
  1     6       0.020747267      -0.011254444      -0.010293475  C
  2    40      -0.020339099       0.022108656       0.004501685  Zr
  1     6      -0.001919698      -0.006478594      -0.005811317  C
  2    40      -0.016381758       0.011405226       0.016047432  Zr
