              -3390.1847751928
         -0.000092747      -0.000001069      -0.000008531
         -0.000001069      -0.000063812      -0.000002868
         -0.000008531      -0.000002868      -0.000126486
          64
  1     6      -0.001665559       0.003297048      -0.008453475  C
  1     6      -0.003807959      -0.004041659      -0.028436041  C
  2    40       0.004920429      -0.014572567       0.019752287  Zr
  1     6       0.027805974      -0.001385946       0.004958031  C
  2    40       0.032868554       0.008701028       0.024059252  Zr
  2    40       0.021707617       0.006284587      -0.004269338  Zr
  1     6       0.014613458       0.005845533       0.015862924  C
  2    40      -0.010738389       0.000897631      -0.042309776  Zr
  1     6       0.000000835       0.033695371       0.024091514  C
  1     6      -0.010060032      -0.015010977      -0.013214118  C
  2    40       0.032902994       0.027354694      -0.005055964  Zr
  1     6       0.005128300      -0.018284438      -0.006903729  C
  2    40      -0.017488926       0.020725987      -0.022985319  Zr
  2    40       0.025149398       0.030719443       0.073046724  Zr
  1     6      -0.003994876       0.007022949       0.002804427  C
  2    40       0.028345721      -0.035494632       0.006452754  Zr
  2    40       0.024045991      -0.002543487      -0.001548198  Zr
  1     6       0.031341713      -0.012084291       0.019906535  C
  2    40      -0.002849808       0.012729639       0.022622087  Zr
  1     6       0.008963777       0.011245174      -0.006290889  C
  1     6       0.003439879      -0.010716109       0.022993984  C
  2    40      -0.020678558       0.004218303      -0.034811564  Zr
  1     6      -0.042733581      -0.007884648       0.038454640  C
  2    40       0.030961239      -0.028174719      -0.082473375  Zr
  2    40      -0.017631392      -0.009448968       0.025880627  Zr
  1     6      -0.017917844       0.002280348       0.002433393  C
  2    40      -0.024423782      -0.045747626      -0.021896174  Zr
  1     6       0.012066237       0.006144627      -0.011146405  C
  1     6      -0.009360221       0.007546872      -0.002493901  C
  2    40      -0.002692842       0.002756942      -0.029605003  Zr
  1     6      -0.021592628      -0.001107391      -0.008722611  C
  2    40      -0.050087415       0.029115948       0.022087383  Zr
  1     6       0.008531746      -0.007238511      -0.001118302  C
  2    40      -0.002856689       0.001006014      -0.043579276  Zr
  1     6      -0.005288765      -0.012146915      -0.016126413  C
  2    40       0.009140729       0.008190214      -0.005617369  Zr
  2    40      -0.020184916       0.033066754      -0.012854393  Zr
  1     6      -0.001050393      -0.022459781      -0.002141565  C
  2    40       0.038745260       0.006658070       0.070242934  Zr
  1     6      -0.000092482       0.012486412       0.002805431  C
  1     6       0.010559662       0.005922511       0.009365462  C
  2    40       0.037449900      -0.001508176       0.012979462  Zr
  1     6      -0.003521284      -0.006785445      -0.011695595  C
  2    40      -0.027083843      -0.019812123       0.015267519  Zr
  2    40       0.030545581      -0.006892661      -0.010764745  Zr
  1     6      -0.016187652      -0.010331928       0.026395116  C
  2    40       0.024941315       0.002249084       0.004090519  Zr
  1     6       0.002231284       0.018411167      -0.002620784  C
  2    40       0.008375442      -0.020222810      -0.007161057  Zr
  1     6       0.011906793       0.002735128      -0.004172423  C
  2    40      -0.028872821      -0.036568307       0.024667307  Zr
  1     6      -0.010413514       0.023755817       0.026033019  C
  1     6      -0.010706369      -0.021000186       0.010940702  C
  2    40      -0.047535184      -0.005290645      -0.048022649  Zr
  1     6      -0.006907648       0.000762798      -0.007738856  C
  2    40      -0.011398742       0.019206843      -0.039262103  Zr
  2    40       0.007773350      -0.016600935      -0.004811157  Zr
  1     6      -0.019418482      -0.008302560      -0.007623077  C
  2    40       0.009698347       0.010307419       0.011292142  Zr
  1     6       0.022046961       0.003196583       0.030859423  C
  1     6      -0.012722963      -0.003226385       0.007008402  C
  2    40      -0.032518028       0.018697295       0.011675937  Zr
  1     6       0.002278568       0.000501344      -0.001579198  C
  2    40      -0.015712379       0.016678813      -0.031030869  Zr
