     1  1  0.03125000     265
     2  1  0.03125000     265
     3  1  0.03125000     259
     4  1  0.03125000     259
     5  1  0.03125000     265
     6  1  0.03125000     265
     7  1  0.03125000     259
     8  1  0.03125000     259
     9  1  0.03125000     259
    10  1  0.03125000     259
    11  1  0.03125000     256
    12  1  0.03125000     256
    13  1  0.03125000     259
    14  1  0.03125000     259
    15  1  0.03125000     256
    16  1  0.03125000     256
    17  1  0.03125000     259
    18  1  0.03125000     259
    19  1  0.03125000     256
    20  1  0.03125000     256
    21  1  0.03125000     259
    22  1  0.03125000     259
    23  1  0.03125000     256
    24  1  0.03125000     256
    25  1  0.03125000     256
    26  1  0.03125000     256
    27  1  0.03125000     256
    28  1  0.03125000     256
    29  1  0.03125000     256
    30  1  0.03125000     256
    31  1  0.03125000     256
    32  1  0.03125000     256
