# T(K)  Delta_U_el(J/mol)  Cv_el(J/mol/K)
1.000000000000000000e+02 2.281855479958144972e+00 4.376265344671720348e-02
1.250000000000000000e+02 3.492337249495367502e+00 5.306068608387674163e-02
1.500000000000000000e+02 4.934129682532784500e+00 6.226750652673256059e-02
1.750000000000000000e+02 6.606339606434898926e+00 7.154957064193649685e-02
2.000000000000000000e+02 8.514080001959522193e+00 8.112824923672998234e-02
2.250000000000000000e+02 1.066576547669376929e+01 9.106853684220808653e-02
2.500000000000000000e+02 1.307031340175635314e+01 1.013456113700570704e-01
2.750000000000000000e+02 1.573513752707338931e+01 1.118736637231177861e-01
3.000000000000000000e+02 1.866526026945940586e+01 1.225533578618382413e-01
3.250000000000000000e+02 2.186337851995876136e+01 1.333018239757743084e-01
3.500000000000000000e+02 2.533049196602202002e+01 1.440671498225782332e-01
3.750000000000000000e+02 2.906670781720226415e+01 1.548290924031327509e-01
4.000000000000000000e+02 3.307195469249071351e+01 1.655920077411337787e-01
4.250000000000000000e+02 3.734647456048709557e+01 1.763748858265115627e-01
4.500000000000000000e+02 4.189106635528192868e+01 1.872018484877646660e-01
4.750000000000000000e+02 4.670711680848221192e+01 1.980947899818447377e-01
5.000000000000000000e+02 5.179648030277771653e+01 2.090686652843520288e-01
5.250000000000000000e+02 5.716127249417141343e+01 2.201292311634502341e-01
5.500000000000000000e+02 6.280363294024192555e+01 2.312727265575509339e-01
5.750000000000000000e+02 6.872549777550847239e+01 2.424868963667934363e-01
6.000000000000000000e+02 7.492840896187986743e+01 2.537528105718274696e-01
6.250000000000000000e+02 8.141337421127377638e+01 2.650470336377332981e-01
6.500000000000000000e+02 8.818078208818666042e+01 2.763438300340553266e-01
6.750000000000000000e+02 9.523037018121256381e+01 2.876171626187001840e-01
7.000000000000000000e+02 1.025612395210263088e+02 2.988424114319016556e-01
7.250000000000000000e+02 1.101719078401597187e+02 3.099977107273497179e-01
7.500000000000000000e+02 1.180603908504270549e+02 3.210649051867895398e-01
7.750000000000000000e+02 1.262243038489996252e+02 3.320301895862798336e-01
8.000000000000000000e+02 1.346609749015770205e+02 3.428844226060874800e-01
8.250000000000000000e+02 1.433675628596668901e+02 3.536232012694449645e-01
8.500000000000000000e+02 1.523411745710467358e+02 3.642467326524985172e-01
8.750000000000000000e+02 1.615789769303132744e+02 3.747595565981248766e-01
9.000000000000000000e+02 1.710783005788251785e+02 3.851701618884141309e-01
9.250000000000000000e+02 1.808367330769110879e+02 3.954905334399603789e-01
9.500000000000000000e+02 1.908522002191369609e+02 4.057356611891578257e-01
9.750000000000000000e+02 2.011230348553150407e+02 4.159230352118788998e-01
1.000000000000000000e+03 2.116480331201521494e+02 4.260721460851499276e-01
1.025000000000000000e+03 2.224264983906223847e+02 4.362040046844015140e-01
1.050000000000000000e+03 2.334582735899451507e+02 4.463406915524069651e-01
1.075000000000000000e+03 2.447437626709596259e+02 4.565049427464452636e-01
1.100000000000000000e+03 2.562839422468676958e+02 4.667197762925127114e-01
1.125000000000000000e+03 2.680803644149947900e+02 4.770081613677222832e-01
1.150000000000000000e+03 2.801351518505296667e+02 4.873927306760333367e-01
1.175000000000000000e+03 2.924509862421780895e+02 4.978955351901401816e-01
1.200000000000000000e+03 3.050310911100980888e+02 5.085378397116186999e-01
1.225000000000000000e+03 3.178792099960090809e+02 5.193399564231049315e-01
1.250000000000000000e+03 3.309995809507428817e+02 5.303211154733423749e-01
1.275000000000000000e+03 3.443969081721260181e+02 5.414993628175499563e-01
1.300000000000000000e+03 3.580763315313701582e+02 5.528915029317227336e-01
1.325000000000000000e+03 3.720433949478411364e+02 5.645130385413631435e-01
1.350000000000000000e+03 3.863040133674502385e+02 5.763781632324356252e-01
1.375000000000000000e+03 4.008644404380582387e+02 5.884997673549605679e-01
1.400000000000000000e+03 4.157312356203996160e+02 6.008894377016498201e-01
1.425000000000000000e+03 4.309112322886535935e+02 6.135575039098773997e-01
1.450000000000000000e+03 4.464115066907797882e+02 6.265130751044500901e-01
1.475000000000000000e+03 4.622393481097284962e+02 6.397640942013196330e-01
1.500000000000000000e+03 4.784022304301297481e+02 6.533173968122696351e-01
1.525000000000000000e+03 4.949077852592118916e+02 6.671787764875978244e-01
1.550000000000000000e+03 5.117637767271006624e+02 6.813530528738385161e-01
1.575000000000000000e+03 5.289780780082263618e+02 6.958441418987819649e-01
1.600000000000000000e+03 5.465586496239278631e+02 7.106551271503144251e-01
1.625000000000000000e+03 5.645135195151210610e+02 7.257883303273297004e-01
1.650000000000000000e+03 5.828507648666663954e+02 7.412453806689836000e-01
1.675000000000000000e+03 6.015784956408975859e+02 7.570272820899186517e-01
1.700000000000000000e+03 6.207048397577113974e+02 7.731344778967490505e-01
1.725000000000000000e+03 6.402379298475497080e+02 7.895669111213488023e-01
1.750000000000000000e+03 6.601858914898301691e+02 8.063240854720993278e-01
1.775000000000000000e+03 6.805568328779266949e+02 8.234051106354831617e-01
1.800000000000000000e+03 7.013588355834889398e+02 8.408087632250271781e-01
1.825000000000000000e+03 7.225999469742679366e+02 8.585335280253548751e-01
1.850000000000000000e+03 7.442881731422447729e+02 8.765776317242603977e-01
1.875000000000000000e+03 7.664314731978114423e+02 8.949390919028269442e-01
1.900000000000000000e+03 7.890377543341837736e+02 9.136157436971097390e-01
1.925000000000000000e+03 8.121148676786938267e+02 9.326052710146314206e-01
1.950000000000000000e+03 8.356706048303517491e+02 9.519052317845125843e-01
1.975000000000000000e+03 8.597126950005866775e+02 9.715130804744489534e-01
2.000000000000000000e+03 8.842488026698429167e+02 9.914261870566407620e-01
2.025000000000000000e+03 9.092865256810955543e+02 1.011641852960067478e+00
2.050000000000000000e+03 9.348333936956548769e+02 1.032157324200513759e+00
2.075000000000000000e+03 9.608968669454252449e+02 1.052969801957424290e+00
2.100000000000000000e+03 9.874843352193827286e+02 1.074076450817130990e+00
2.125000000000000000e+03 1.014603117030272529e+03 1.095474404955735004e+00
2.150000000000000000e+03 1.042260458911868000e+03 1.117160772458164475e+00
2.175000000000000000e+03 1.070463534803862785e+03 1.139132638042428702e+00
2.200000000000000000e+03 1.099219445485663982e+03 1.161387064227633381e+00
2.225000000000000000e+03 1.128535218028323470e+03 1.183921091982306217e+00
2.250000000000000000e+03 1.158417805235941387e+03 1.206731737876430177e+00
2.275000000000000000e+03 1.188874085051707880e+03 1.229815999318102371e+00
2.300000000000000000e+03 1.219910859995767169e+03 1.253170836030249147e+00
2.325000000000000000e+03 1.251534856115165894e+03 1.276793184175853746e+00
2.350000000000000000e+03 1.283752722706146187e+03 1.300679952511818449e+00
2.375000000000000000e+03 1.316571031074004168e+03 1.324828000837469544e+00
2.400000000000000000e+03 1.349996273624070682e+03 1.349234154289265408e+00
2.425000000000000000e+03 1.384034862826067638e+03 1.373895192253066888e+00
2.450000000000000000e+03 1.418693130027032794e+03 1.398807845053943399e+00
2.475000000000000000e+03 1.453977324184045074e+03 1.423968790488484126e+00
2.500000000000000000e+03 1.489893610502774891e+03 1.449374650081135751e+00
2.525000000000000000e+03 1.526448068988030400e+03 1.475021985665221136e+00
2.550000000000000000e+03 1.563646692910459706e+03 1.500907296180121087e+00
2.575000000000000000e+03 1.601495387197444643e+03 1.527027014743998823e+00
2.600000000000000000e+03 1.639999966753841591e+03 1.553377506049701040e+00
2.625000000000000000e+03 1.679166154722834335e+03 1.579955064103946816e+00
2.650000000000000000e+03 1.718999580693331609e+03 1.606755910273363952e+00
2.675000000000000000e+03 1.759505778864104059e+03 1.633776191754964247e+00
2.700000000000000000e+03 1.800690186173587335e+03 1.661011980337443683e+00
2.725000000000000000e+03 1.842558140403115203e+03 1.688459271576602916e+00
2.750000000000000000e+03 1.885114878265027528e+03 1.716113984328958342e+00
2.775000000000000000e+03 1.928365533482080991e+03 1.743971960583471592e+00
2.800000000000000000e+03 1.972315134868766108e+03 1.772028965785816590e+00
2.825000000000000000e+03 2.016968604422108001e+03 1.800280689076512397e+00
2.850000000000000000e+03 2.062330755429971759e+03 1.828722745252789661e+00
2.875000000000000000e+03 2.108406290606146285e+03 1.857350671996900848e+00
2.900000000000000000e+03 2.155199800257084007e+03 1.886159946013021838e+00
2.925000000000000000e+03 2.202715760490346838e+03 1.915145930055177637e+00
2.950000000000000000e+03 2.250958531468513684e+03 1.944304079137964436e+00
2.975000000000000000e+03 2.299932355716751772e+03 1.973629180561481622e+00
3.000000000000000000e+03 2.349641356488609745e+03 2.003118201027582312e+00
