              -3390.1162472837
         -0.000213306       0.000007066       0.000011573
          0.000007066      -0.000142037       0.000006661
          0.000011573       0.000006661      -0.000199583
          64
  1     6      -0.031700102      -0.018776378       0.046675336  C
  1     6      -0.006054571      -0.011914896      -0.024976300  C
  2    40      -0.065110431       0.014542553       0.020987589  Zr
  1     6      -0.064184769       0.007802822      -0.067056745  C
  2    40       0.076954951       0.033216381      -0.052234096  Zr
  2    40      -0.010751985      -0.020452764      -0.010768491  Zr
  1     6      -0.004614281      -0.004648672      -0.015054627  C
  2    40      -0.013388302      -0.007310386      -0.029881476  Zr
  1     6       0.004364143       0.035657653       0.007069155  C
  1     6      -0.003527268       0.016062813      -0.019494432  C
  2    40       0.018703448      -0.024575936       0.001409665  Zr
  1     6      -0.001293300      -0.006980152       0.017970773  C
  2    40      -0.018717573      -0.024134400       0.036268046  Zr
  2    40       0.046157165       0.045211233       0.016740401  Zr
  1     6      -0.017789807      -0.017244839       0.012023729  C
  2    40       0.032627854       0.034256401       0.021433132  Zr
  2    40      -0.010395727       0.005261761       0.010788970  Zr
  1     6       0.043664831      -0.019042360       0.006524581  C
  2    40       0.124306028      -0.030248792      -0.011019854  Zr
  1     6      -0.026345214      -0.015646696      -0.033759202  C
  1     6       0.006831970      -0.003534880      -0.003107612  C
  2    40       0.005839323      -0.019406950      -0.023383212  Zr
  1     6       0.080022671       0.029550418       0.006403505  C
  2    40      -0.111126112       0.049724098       0.012239008  Zr
  2    40      -0.005034893      -0.015268755      -0.019681775  Zr
  1     6      -0.005082528       0.010898755       0.012292711  C
  2    40      -0.029159024      -0.008453842      -0.001073732  Zr
  1     6       0.024138391      -0.000633445      -0.015002508  C
  1     6      -0.008200825       0.001473085       0.005275671  C
  2    40      -0.004869569       0.030338542       0.002059638  Zr
  1     6      -0.031978154      -0.001099258       0.002704521  C
  2    40       0.039688033      -0.017952054       0.023882414  Zr
  1     6      -0.028990007      -0.019940401       0.000739831  C
  2    40      -0.008338628      -0.009919023       0.009268850  Zr
  1     6      -0.011914513       0.001167293      -0.010220033  C
  2    40       0.031299961       0.001596107       0.025462383  Zr
  2    40       0.040786722       0.022425292      -0.004577313  Zr
  1     6      -0.006415050       0.014936434      -0.001396907  C
  2    40      -0.036647317      -0.011873528       0.061853483  Zr
  1     6       0.008950195      -0.002990452       0.027446930  C
  1     6       0.010111413       0.009455710      -0.023438867  C
  2    40      -0.004973435      -0.029483745      -0.003467068  Zr
  1     6       0.026205827       0.006755445      -0.009137319  C
  2    40      -0.016111464      -0.024290286      -0.047152908  Zr
  2    40       0.020678078       0.044895086       0.004131936  Zr
  1     6      -0.009414045      -0.005197308       0.007712893  C
  2    40       0.052022856       0.023178359      -0.018264558  Zr
  1     6      -0.017072690      -0.014294294       0.010585220  C
  2    40       0.002533369      -0.002452465       0.013090151  Zr
  1     6       0.021475831      -0.015884697      -0.027170150  C
  2    40      -0.003043980       0.022080128      -0.014679880  Zr
  1     6      -0.026140405      -0.007832444       0.011620009  C
  1     6       0.001769883       0.011869712      -0.007116677  C
  2    40      -0.014683843      -0.023268330       0.021525236  Zr
  1     6       0.009810679       0.004580065       0.009468644  C
  2    40       0.002054706      -0.022713428       0.003958716  Zr
  2    40      -0.017542127      -0.006396453      -0.008737486  Zr
  1     6      -0.014987515       0.020476374      -0.019222487  C
  2    40      -0.018762259      -0.030668220      -0.009165483  Zr
  1     6       0.034092911       0.006222079       0.016018845  C
  1     6       0.004191144      -0.020830652       0.029848615  C
  2    40       0.001073451       0.033133431       0.025357662  Zr
  1     6      -0.023602456      -0.031591895       0.016813061  C
  2    40      -0.043580742       0.009758788      -0.026450349  Zr
