1705383129
5.37355087912527107363303002784959971904754638671875
2.3552000758851523443127007340081036090850830078125
2.306442792318735168777266153483651578426361083984375
0.1322162215782534122610059057478792965412139892578125
3.49810844379819396721131852245889604091644287109375
5.537761399955709151754490449093282222747802734375
5.37358078994830012931060991832055151462554931640625
3.104460616104024239803038653917610645294189453125
5.4270022805945057342569270986132323741912841796875
2.55147385500014678427760372869670391082763671875
0.95306502661295411371611407957971096038818359375
1.4853505196799392518158811071771197021007537841796875
5.21385458701323845076558427535928785800933837890625
0.86493595377727583439764202921651303768157958984375
3.42382982289719972612829224090091884136199951171875
4.01521490369351052862612050375901162624359130859375
4.0499454683259923370997057645581662654876708984375
1.3556926346077953215996103608631528913974761962890625
3.40559928305438130990978606860153377056121826171875
5.16679936474335388396639245911501348018646240234375
2.14079271036005902573151615797542035579681396484375
2.28959058463090769919290323741734027862548828125
6.2017814810078721876607232843525707721710205078125
1.0748289267371404775985865853726863861083984375
2.644124234151891794653010947513394057750701904296875
5.96957961885404397861520919832400977611541748046875
5.50259878002382496475775042199529707431793212890625
5.97503479062872333571476701763458549976348876953125
1.0671526064442133918674926462699659168720245361328125
1.2532007227805166404976944249938242137432098388671875
3.357725572748881059936820747680030763149261474609375
0.72199252843804695434215545901679433882236480712890625
5.355645306052689846865177969448268413543701171875
1.1976886987937636064316393458284437656402587890625
3.5655940221577271387332075391896069049835205078125
3.09858171303380824923578984453342854976654052734375
4.50267822531034322963705562870018184185028076171875
0.6543896299003082450695956140407361090183258056640625
4.49903819547381100818483901093713939189910888671875
3.4836875591430835896744611090980470180511474609375
5.35552134130057222449750042869709432125091552734375
4.457166393316384755962644703686237335205078125
4.34182671067943726228577361325733363628387451171875
2.725017579583950411148407511063851416110992431640625
4.7058013254252699653079616837203502655029296875
3.6167764493908993728155110147781670093536376953125
2.963448631764329821436376732890494167804718017578125
2.90482733632318801397786955931223928928375244140625
0.133268840874788185857369171571917831897735595703125
4.51396792399825219632703010574914515018463134765625
4.183818795728232231567744747735559940338134765625
3.12206429262446505390471429564058780670166015625
0.434351328845102913067677263825316913425922393798828125
0.54140081857928123998391356508363969624042510986328125
5.50567248208805803955101509927771985530853271484375
5.79336665394461736156017650500871241092681884765625
0.911984952793655434533093284699134528636932373046875
2.869758035935517259673588341684080660343170166015625
1.833178325354436477567787733278237283229827880859375
4.37960568352257961777240780065767467021942138671875
3.28980861788393408318142974167130887508392333984375
2.036135943102184597819359623827040195465087890625
6.0519658078165878833942770143039524555206298828125
2.005980584539445832348292242386378347873687744140625
2.760294011616487797056151975993998348712921142578125
3.600912208798054958691636784351430833339691162109375
1.566127539718085159847760223783552646636962890625
3.064239225457459525614467565901577472686767578125
4.21624512394729311637320279260165989398956298828125
0.6506830899562654479950651875697076320648193359375
1.3475431246849414179678205982781946659088134765625
1.73355552064647167043176523293368518352508544921875
4.1282121882360467424177841166965663433074951171875
1.2301544409516889100331127337994985282421112060546875
3.9149038721014566277744961553253233432769775390625
6.21718486144435278362152530462481081485748291015625
1.0397716515360730937800326501019299030303955078125
0.89159913670781809624799052471644245088100433349609375
0.6279134810460738069792796522960998117923736572265625
0.7106015051182004160779115409241057932376861572265625
3.134342926859125189054111615405417978763580322265625
4.0491350029331183435488128452561795711517333984375
4.75130491826461121007696419837884604930877685546875
0.4177640322145619311555719832540489733219146728515625
4.4358289724273181064972959575243294239044189453125
6.12309704532141818589252579840831458568572998046875
1.2293115660717088832853960411739535629749298095703125
1.759714874590855515634757466614246368408203125
6.17678082254987881327679133391939103603363037109375
5.03572896789823776231287411064840853214263916015625
2.31644414001681209214211776270531117916107177734375
4.73002657878505328170604116166941821575164794921875
0.6566787309632917679635966123896650969982147216796875
4.164767950905545745854396955110132694244384765625
2.236020133814298649355123416171409189701080322265625
4.67279970759776386302064565825276076793670654296875
2.903697872865837581457526539452373981475830078125
3.7876482243247977521605207584798336029052734375
3.268938335995622335161669980152510106563568115234375
4.0561822274906802476834855042397975921630859375
5.27385938163602308037525290274061262607574462890625
0.92176880260936255861992094651213847100734710693359375
5.46956123585415188159686294966377317905426025390625
5.57750940201548761621097582974471151828765869140625
5.67135299274276238890024615102447569370269775390625
2.888470844277856830473183435969986021518707275390625
3.016596296330479987091166549362242221832275390625
5.06082762431245924972245120443403720855712890625
0.6737525356299445267183045871206559240818023681640625
4.957867239303137552042244351468980312347412109375
1.5345944283159143051165074211894534528255462646484375
1.9969504301176670413298097628285177052021026611328125
5.78623105450594632515048942877911031246185302734375
5.81010978938636402091333366115577518939971923828125
3.706825610981824059564360140939243137836456298828125
4.19356609599867180548926626215688884258270263671875
1.1960153838374691925849901963374577462673187255859375
2.917485334473906899432904538116417825222015380859375
1.5136332728824160032132795095094479620456695556640625
5.7455480722439791207989401300437748432159423828125
0.258677203477283679244891345661017112433910369873046875
2.606412795458915798718635414843447506427764892578125
3.68614573665890876696948907920159399509429931640625
0.66536322417569948584059602580964565277099609375
4.32646538913770672962755270418711006641387939453125
0.986485638807260034610635557328350841999053955078125
2.6875268074539011564638713025487959384918212890625
4.016166818635372948165240813978016376495361328125
2.484849423367391008099502869299612939357757568359375
4.96255664953557928953387090587057173252105712890625
0.843012721972943523951471433974802494049072265625
2.605989421115390225480723529472015798091888427734375
1.7050870382906129218980595396715216338634490966796875
2.42141942550203292938704180414788424968719482421875
1.4520988891528550102094641260919161140918731689453125
4.12052127679820756611661636270582675933837890625
4.2346158113420102608870365656912326812744140625
4.9860495924379026888573207543231546878814697265625
1.8278038861768248768413513971609063446521759033203125
5.99747451736393610843833812396042048931121826171875
4.99145798009243879533869403530843555927276611328125
5.732143792768152223970901104621589183807373046875
3.684210925096122135613541104248724877834320068359375
3.586372046580350581024276834796182811260223388671875
0.72503131649942431646849172466318123042583465576171875
6.07755007988689310849395042168907821178436279296875
5.138680838724344113188635674305260181427001953125
3.607072144282780445934122326434589922428131103515625
1.6406436507399069224533150190836749970912933349609375
3.77930288818798576500057606608606874942779541015625
1.6290884646049885731144968303851783275604248046875
4.80351863544873669553680883836932480335235595703125
2.06038763139164249338364243158139288425445556640625
1.21809521809624499155688681639730930328369140625
2.874610441574404706699397138436324894428253173828125
3.759275492882998559451834807987324893474578857421875
1.6331592857797030404753968468867242336273193359375
2.978682606287346157358797427150420844554901123046875
0.39017399120300211290413017195533029735088348388671875
5.20324525641350188465139581239782273769378662109375
2.54761274605778975654857276822440326213836669921875
2.683249346174794158770282592740841209888458251953125
1.1147789285251679114452372232335619628429412841796875
1.9636908617970900703397774123004637658596038818359375
6.03562776024238711869429607759229838848114013671875
5.84816512500950924646758721792139112949371337890625
1.0764473120454318699756868227268569171428680419921875
0.96204989494270198857606146702892147004604339599609375
1.5916960824932122608998952273395843803882598876953125
0.74184116100554120531995749843190424144268035888671875
3.11252954557329086782146987388841807842254638671875
6.0491896457344598303507154923863708972930908203125
1.4261653336880171227818436818779446184635162353515625
3.779873742228818667143741549807600677013397216796875
3.02655630196366498552151824696920812129974365234375
2.931544635519281793989421203150413930416107177734375
1.4143584290910420353526433245860971510410308837890625
0.69409202987775142634774283578735776245594024658203125
5.62193017507748660221977843320928514003753662109375
5.28455994273295726060268862056545913219451904296875
2.117591341659916803763508141855709254741668701171875
0.47271825431557645824653945965110324323177337646484375
2.934852919423203143622913557919673621654510498046875
0.047688294216586553375680779254253138788044452667236328125
3.614913265223061333841769737773574888706207275390625
2.709670228909867528699351169052533805370330810546875
5.29064610911066690590587313636206090450286865234375
5.1899463421493461368072530603967607021331787109375
5.22036152374029516209930079639889299869537353515625
2.24996547061553986424087270279414951801300048828125
5.38656848302048363308358602807857096195220947265625
1.2547162678737413532559230588958598673343658447265625
0.1987853735679692424032083408746984787285327911376953125
0.81561855823528883746575957047753036022186279296875
0.5281349260025354208636372277396731078624725341796875
0.81067104721938776368261869720299728214740753173828125
0.10390969277541604876002878654617234133183956146240234375
0.26564044797124364283291697574895806610584259033203125
0.283360418529883195670748818884021602571010589599609375
0.97511464961576954646460535514052025973796844482421875
0.5623355300921646371392625951557420194149017333984375
0.09930968568628173454015950483153574168682098388671875
0.298621782706408656071772611539927311241626739501953125
0.37844586995357920589100331199006177484989166259765625
0.983353630166199810247462664847262203693389892578125
0.493876563149446889955385131543152965605258941650390625
0.445783467705260727509397611356689594686031341552734375
0.400146626122364124089614279000670649111270904541015625
0.01388303423946864699478620508443782455287873744964599609375
0.0116506125832212224791017973757334402762353420257568359375
0.23680804960281032212066065767430700361728668212890625
0.09875921118015386357402718431330868043005466461181640625
0.70368376081049621717511399765498936176300048828125
0.195949687713733722294051631251932121813297271728515625
0.8584899128687055736008915118873119354248046875
0.85077841945494447895015355243231169879436492919921875
0.57714401352086286411946502994396723806858062744140625
0.57251045320765603374724150853580795228481292724609375
0.186488982842531514361184008521377108991146087646484375
0.7055765272609779703572030484792776405811309814453125
0.08861515535442864022197539952685474418103694915771484375
0.71476205425093042311601720939506776630878448486328125
0.838494390639706654866358803701587021350860595703125
0.178967463867258036458451897487975656986236572265625
0.330673864265286276964417311319266445934772491455078125
0.3943953851211794425779544326360337436199188232421875
0.012939736253088217343698573813526309095323085784912109375
0.90819965671198421564014324758318252861499786376953125
0.85755425638405335941882867700769565999507904052734375
0.703667676869625058344581702840514481067657470703125
0.2752136812895600304074150699307210743427276611328125
0.1368696112823065413888201646841480396687984466552734375
0.5045342010001345744996115172398276627063751220703125
0.72812349150335575753700823042890988290309906005859375
0.660336387185536555222142851562239229679107666015625
0.86086579685139741346944219912984408438205718994140625
0.63315310870909746743251389489159919321537017822265625
0.283350165599654479908764415085897780954837799072265625
0.69053653054429986468676361255347728729248046875
0.32402492329665688597373218726716004312038421630859375
0.65293570684871438114527109064511023461818695068359375
0.58869230914334413906630061319447122514247894287109375
0.211574905184830963644770918108406476676464080810546875
0.38249894016538699137441881248378194868564605712890625
0.6010413098153850608440507130580954253673553466796875
0.78517332989032073697899249964393675327301025390625
0.640612712893920299705996512784622609615325927734375
0.72861268638102927308608514067600481212139129638671875
0.631423005196928510684983848477713763713836669921875
0.8361700977367210185775547870434820652008056640625
0.89043619571739629492412859690375626087188720703125
0.040710934922430171145624200335078057833015918731689453125
0.272663744293462351198087390002910979092121124267578125
0.9952368028439753100400366747635416686534881591796875
0.78637873045465844779045028190012089908123016357421875
0.9844106696473484685583343889447860419750213623046875
0.037682034558468517626561578026667120866477489471435546875
0.10518987993951416093363349091305281035602092742919921875
0.06999494371469829057108569259071373380720615386962890625
0.3183861008465225239660867373459041118621826171875
0.573855437139913160393689395277760922908782958984375
0.5472912446350284287888143808231689035892486572265625
0.02560237144380918261621360443314188160002231597900390625
0.35961506299656587071211788497748784720897674560546875
0.73264010796912015788251437697908841073513031005859375
0.948784769023202745330536345136351883411407470703125
0.89282105439008263569888868005364201962947845458984375
0.1466656071816876683033825656821136362850666046142578125
0.313556804467717553652761353077949024736881256103515625
0.1286850730556459432296634304293547756969928741455078125
0.461164136166295091090461255589616484940052032470703125
0.5392499717600875985823449809686280786991119384765625
0.6861987210280255933270154855563305318355560302734375
0.748103110468063103866143137565813958644866943359375
0.1321286713388416245162915174660156480967998504638671875
0.427229917807145920249922710354439914226531982421875
0.1700486411201062864062549806476454250514507293701171875
0.92045225804692709647980564113822765648365020751953125
0.25042509299257076360589735486428253352642059326171875
0.85267638967031444963140529580414295196533203125
0.4758524813111184581515544778085313737392425537109375
0.6061415046482074853173571682418696582317352294921875
0.7909568621734888171914690246921963989734649658203125
0.5341583339190847379285287388483993709087371826171875
0.894709521855558076453007743111811578273773193359375
0.2044492006322597976719634971232153475284576416015625
0.77593914967772514845734121990972198545932769775390625
0.85471982828095549589164647841244004666805267333984375
0.38813902362628793785148673123330809175968170166015625
0.2183315345171520094336159445447265170514583587646484375
0.66931214913228165297454097526497207581996917724609375
0.2262518034438843750333347770720138214528560638427734375
0.62008261476647230647785136170568875968456268310546875
0.03501180281630335289211330973557778634130954742431640625
0.42677138253430435543833709743921644985675811767578125
0.8535729091863952788798997062258422374725341796875
0.6891493507144736962999331808532588183879852294921875
0.2712973990809626201325954752974212169647216796875
0.212521524733175315446942477137781679630279541015625
0.58461987859784614318670037391711957752704620361328125
0.46829913997477812248604323031031526625156402587890625
0.4631047041449252166245287298806942999362945556640625
0.532768251622453448135274811647832393646240234375
0.706376159426931327089960177545435726642608642578125
0.92064747070923791394392310394323430955410003662109375
0.4411749702138709761101154072093777358531951904296875
0.5702691462683813217182660082471556961536407470703125
0.429320410093907478543684419491910375654697418212890625
0.81413083561422805445317862904630601406097412109375
0.06085946832823542484991463652477250434458255767822265625
0.352020405396828606203740719138295389711856842041015625
0.14352608106263264886592878610827028751373291015625
0.374146790417910934944956125036696903407573699951171875
0.5212759680679421858684463586541824042797088623046875
0.2202792136093039143673877333640120923519134521484375
0.69389936220548087408843684897874481976032257080078125
0.89496492543023309362837380831479094922542572021484375
0.93281664323658530779681541389436461031436920166015625
0.474828598310625460410250298082246445119380950927734375
0.348640451835766640442670905031263828277587890625
0.5639004961419387118581880713463760912418365478515625
0.98543568886138299678378871249151416122913360595703125
0.45724219570739299545181211215094663202762603759765625
0.324521402513851142668244165179203264415264129638671875
0.879088311399840005577743795583955943584442138671875
0.5122752485388308851810279520577751100063323974609375
0.299813248356717299003548760083504021167755126953125
0.272278471976648284158528667830978520214557647705078125
0.07062481021072007647543244956978014670312404632568359375
0.260628354391375716136991513849352486431598663330078125
0.89945028624471756728553373250178992748260498046875
0.97948237740410604157403895442257635295391082763671875
0.1115317820159400785673398104336229152977466583251953125
0.2221483877963146003065020295252907089889049530029296875
0.551491822372885298619848981616087257862091064453125
0.98183644981209028390622961524059064686298370361328125
0.360604261681718885057534862426109611988067626953125
0.2495619599938215527057394638177356682717800140380859375
0.382028236231779783071971223762375302612781524658203125
0.08921948824507160147323503451843862421810626983642578125
0.95946423381542056407766949632787145674228668212890625
0.492225263962627057612309044998255558311939239501953125
0.2572960663853660623345831481856293976306915283203125
0.9332375214124273288263111680862493813037872314453125
0.5580581759838658673089639705722220242023468017578125
0.618824900416110157408411396318115293979644775390625
0.1483935914693370328176769135097856633365154266357421875
0.251923672972211465381775497007765807211399078369140625
0.5106062975295848627155237409169785678386688232421875
0.846285754277503965425921705900691449642181396484375
0.0448609004006073341930260767185245640575885772705078125
0.1774904374859716804646581067572697065770626068115234375
0.7953943413660835570766494129202328622341156005859375
0.2233116194714380442487566824638633988797664642333984375
0.0011357599874659255086151166125318923150189220905303955078125
0.438539124763821785979445166958612389862537384033203125
0.9140258445004121323762547035585157573223114013671875
0.21987747550936298512880284761195071041584014892578125
0.6952681242000628980548526669736020267009735107421875
0.49924278748186434739864125731401145458221435546875
0.346980871794270784302938182008801959455013275146484375
0.71083476194685080162827262029168196022510528564453125
0.7163749657181905927672005418571643531322479248046875
0.75529983721454618805779546164558269083499908447265625
0.43683049568758836045390125946141779422760009765625
0.28907938268458444053266021001036278903484344482421875
0.42970779465032171717808751054690219461917877197265625
0.887156558636183145694076301879249513149261474609375
0.89362221811601061371987952952622435986995697021484375
0.40252471314860727158446707107941620051860809326171875
0.422999285358469589990448866956285201013088226318359375
0.85535797144070169206742093592765741050243377685546875
0.7718282261732165583367759609245695173740386962890625
0.5083470407446599725886926535167731344699859619140625
0.2283504434061937315991741570542217232286930084228515625
0.72042265009154693444770600763149559497833251953125
0.1256575156588375097310716910214978270232677459716796875
0.070705778464072277511576203323784284293651580810546875
0.3940158460261373729593969983397983014583587646484375
0.06901374415914236781777191254150238819420337677001953125
0.427591206705007331745349574703141115605831146240234375
0.312537738267582743123540467422571964561939239501953125
0.82466294701428288771438701587612740695476531982421875
0.08240113644041173468490768527772161178290843963623046875
