              -3389.9492376303
         -0.000178976      -0.000014309      -0.000018121
         -0.000014309      -0.000268031      -0.000002492
         -0.000018121      -0.000002492      -0.000243209
          64
  1     6       0.002209898       0.015320885       0.022222027  C
  1     6      -0.004623112      -0.058275475       0.003741688  C
  2    40      -0.008251891       0.033122870      -0.023275833  Zr
  1     6       0.151348799      -0.001551232      -0.014265191  C
  2    40      -0.033882071       0.176349955       0.269248457  Zr
  2    40       0.009154142      -0.059303334      -0.080779643  Zr
  1     6      -0.008020615       0.047263855       0.000881623  C
  2    40      -0.003237925      -0.065131919       0.144608926  Zr
  1     6       0.001156844      -0.069491509      -0.090711397  C
  1     6       0.014235523      -0.006321029       0.007455729  C
  2    40      -0.014517907       0.039165910      -0.022632147  Zr
  1     6      -0.011291294       0.010079659      -0.046428630  C
  2    40       0.011371365       0.004355432      -0.010564987  Zr
  2    40       0.000634119      -0.005241802       0.000395151  Zr
  1     6       0.006295607       0.012194454       0.014532029  C
  2    40      -0.007281544      -0.025543105      -0.002793900  Zr
  2    40       0.027163658      -0.009881752       0.017686141  Zr
  1     6      -0.007169328       0.029044864       0.004408858  C
  2    40       0.002636142      -0.108290123      -0.056662527  Zr
  1     6       0.017267765      -0.000123879      -0.013987625  C
  1     6      -0.021340248       0.018809655       0.000507910  C
  2    40       0.003827889       0.065496758       0.019666399  Zr
  1     6       0.024064403      -0.112606733       0.007681171  C
  2    40       0.012019961      -0.094219829      -0.095152780  Zr
  2    40      -0.018018502       0.011539331       0.005307774  Zr
  1     6       0.005705112      -0.011232567      -0.011450903  C
  2    40       0.027973222       0.026985160      -0.029214421  Zr
  1     6      -0.007315962      -0.000167157       0.015756081  C
  1     6      -0.005688370      -0.002326002      -0.006443634  C
  2    40       0.001008311       0.013404567       0.025998947  Zr
  1     6      -0.011795905       0.014235154       0.020530572  C
  2    40      -0.015105115       0.014468146      -0.017829785  Zr
  1     6       0.000175416       0.014892333      -0.012433618  C
  2    40       0.014263192       0.019210463       0.014776029  Zr
  1     6      -0.035828573       0.009676574       0.012256633  C
  2    40       0.010170410      -0.011271488      -0.008526448  Zr
  2    40      -0.002261337       0.008063782       0.018181643  Zr
  1     6       0.003036791      -0.005284178      -0.005092961  C
  2    40       0.015842765       0.041051534      -0.027251380  Zr
  1     6      -0.005569770       0.007642686       0.010994473  C
  1     6       0.017455924       0.000433251      -0.017656317  C
  2    40      -0.013852132       0.015839832       0.021430639  Zr
  1     6      -0.008869263      -0.013243535       0.009284121  C
  2    40      -0.007728448       0.015483144       0.016178322  Zr
  2    40      -0.004545386      -0.005145078       0.020248895  Zr
  1     6       0.000766753      -0.001167532      -0.016527546  C
  2    40       0.018205204       0.000690728      -0.000694748  Zr
  1     6       0.000036098      -0.002975374      -0.002509524  C
  2    40      -0.006190521      -0.017406559      -0.003990355  Zr
  1     6      -0.012797435       0.018181283      -0.010122112  C
  2    40      -0.070185349      -0.019039654      -0.017150852  Zr
  1     6      -0.007336760      -0.001953505       0.001268263  C
  1     6      -0.007604483       0.004345927       0.009600730  C
  2    40      -0.001621140      -0.003442336       0.001688744  Zr
  1     6      -0.015286428       0.007816393      -0.005362960  C
  2    40       0.000174435       0.031544727      -0.030712917  Zr
  2    40      -0.015648544      -0.001523805       0.002675661  Zr
  1     6       0.008635311       0.001993387      -0.003059868  C
  2    40      -0.011408772      -0.000361056      -0.037258052  Zr
  1     6       0.000847938      -0.000985966       0.013429743  C
  1     6       0.006836688       0.006187554       0.001380674  C
  2    40      -0.013958587      -0.023986687       0.004601211  Zr
  1     6      -0.013575192       0.005331958       0.018829603  C
  2    40       0.016327895      -0.005734226      -0.035456824  Zr
