              -3390.1839226406
         -0.000080734      -0.000005160      -0.000009346
         -0.000005160      -0.000058314      -0.000000012
         -0.000009346      -0.000000012      -0.000121335
          64
  1     6       0.000729834       0.000319236      -0.007388890  C
  1     6      -0.004464400      -0.006901347      -0.017727259  C
  2    40       0.002317021      -0.008485309       0.013141035  Zr
  1     6       0.040431294      -0.005523942       0.006079472  C
  2    40       0.055500453       0.017260910       0.049123962  Zr
  2    40       0.017830871      -0.007547563      -0.005411131  Zr
  1     6       0.007614103      -0.005246018       0.012674163  C
  2    40      -0.025284067       0.010869552      -0.060180277  Zr
  1     6       0.005706132       0.053589833       0.019273282  C
  1     6      -0.005755927      -0.014071552      -0.011855955  C
  2    40       0.028023374       0.020261564      -0.000146389  Zr
  1     6       0.000513515      -0.015269464      -0.004095028  C
  2    40      -0.014339913       0.015394154      -0.013114334  Zr
  2    40       0.016450993       0.023900641       0.050348134  Zr
  1     6      -0.003063721       0.006404181       0.004248373  C
  2    40       0.019645480      -0.029047822       0.008371584  Zr
  2    40       0.014053831      -0.008712374       0.006209060  Zr
  1     6       0.022330546      -0.010343138       0.012184458  C
  2    40       0.003383728       0.022853682       0.024998836  Zr
  1     6       0.015504342       0.013525907       0.001614588  C
  1     6       0.003682518      -0.007262703       0.016685840  C
  2    40      -0.012262965       0.005594665      -0.017625333  Zr
  1     6      -0.057828093      -0.009820676       0.061632531  C
  2    40       0.039174228      -0.032795591      -0.123402467  Zr
  2    40      -0.014351057      -0.000790670       0.022140847  Zr
  1     6      -0.017800656       0.003128361      -0.001651268  C
  2    40      -0.018304426      -0.037691479      -0.023871380  Zr
  1     6       0.008043599       0.002601525      -0.008579265  C
  1     6      -0.007207852       0.005073648      -0.001962532  C
  2    40      -0.000822653      -0.000452687      -0.023220398  Zr
  1     6      -0.014144316      -0.000799156      -0.015901205  C
  2    40      -0.046204203       0.019532821       0.021474851  Zr
  1     6       0.008636622      -0.004789903       0.001056980  C
  2    40      -0.001040691      -0.001605918      -0.031521936  Zr
  1     6      -0.008990414      -0.008384420      -0.013150469  C
  2    40       0.008125796       0.002744397      -0.000722507  Zr
  2    40      -0.018189977       0.028596690      -0.010749691  Zr
  1     6      -0.002166433      -0.015201005      -0.001516587  C
  2    40       0.038140591       0.005830624       0.057802167  Zr
  1     6      -0.003603463       0.006315703       0.003085505  C
  1     6       0.010721749       0.001044241       0.008970015  C
  2    40       0.034639243       0.002851376       0.010724100  Zr
  1     6      -0.000644846      -0.009038623      -0.013466833  C
  2    40      -0.021985445      -0.012960647       0.017484148  Zr
  2    40       0.019298028      -0.008676954      -0.011403022  Zr
  1     6      -0.011046280      -0.002925395       0.018438373  C
  2    40       0.014030441      -0.001214080       0.005100694  Zr
  1     6       0.006958205       0.017223165      -0.002184944  C
  2    40       0.000427614      -0.020798069      -0.013809033  Zr
  1     6       0.006986473       0.004753030      -0.000612579  C
  2    40      -0.031481373      -0.028038131       0.018467128  Zr
  1     6      -0.020412359       0.017902871       0.018894310  C
  1     6      -0.011841222      -0.018683335       0.014916738  C
  2    40      -0.027478897      -0.004859994      -0.039040121  Zr
  1     6      -0.000018101      -0.001361513      -0.006643836  C
  2    40      -0.016767375       0.015754716      -0.032788328  Zr
  2    40       0.004914852      -0.009868309      -0.015311236  Zr
  1     6      -0.017309316      -0.005992156      -0.001821133  C
  2    40       0.012558816       0.008642690       0.009376296  Zr
  1     6       0.016375828       0.002212073       0.022889132  C
  1     6      -0.009988207      -0.001733935       0.015552188  C
  2    40      -0.022944521       0.011968534       0.000710056  Zr
  1     6       0.001610753      -0.000078091       0.002119009  C
  2    40      -0.016256783       0.010704141      -0.025371691  Zr
