              -3390.1663360886
         -0.000125125      -0.000001912      -0.000001139
         -0.000001912      -0.000096998       0.000001958
         -0.000001139       0.000001958      -0.000093798
          64
  1     6      -0.008071156       0.000546686      -0.017801053  C
  1     6       0.000402422      -0.014065337      -0.015636004  C
  2    40      -0.016702422      -0.004345253       0.003162127  Zr
  1     6      -0.046455941       0.024471115       0.049787435  C
  2    40       0.097056090      -0.024643265      -0.000899884  Zr
  2    40       0.012252114      -0.004394587       0.003265801  Zr
  1     6       0.003908622      -0.010719403      -0.005505779  C
  2    40      -0.152102951       0.029325443      -0.013253539  Zr
  1     6       0.079300126       0.014367615       0.068064078  C
  1     6      -0.004705087      -0.006748352      -0.010453085  C
  2    40       0.015126798      -0.008436787      -0.003337982  Zr
  1     6      -0.000218022       0.000242845      -0.013206058  C
  2    40      -0.006206620      -0.012573492      -0.032793664  Zr
  2    40      -0.009997771       0.003682052      -0.002489862  Zr
  1     6       0.010729163      -0.002420963      -0.003086183  C
  2    40       0.008801051       0.012756591       0.005749738  Zr
  2    40      -0.019664069      -0.016270977      -0.017175186  Zr
  1     6       0.006107256      -0.025017466       0.000816905  C
  2    40       0.084303059       0.015624494       0.083681256  Zr
  1     6       0.007385352       0.071107924       0.041126949  C
  1     6      -0.003990014      -0.005566818      -0.012842570  C
  2    40       0.004219596       0.026982550      -0.019350358  Zr
  1     6       0.036056243      -0.000101401       0.005993501  C
  2    40       0.017744888      -0.089148720       0.018217275  Zr
  2    40       0.017700171       0.004066474       0.015882550  Zr
  1     6      -0.010430458      -0.005569685       0.012595944  C
  2    40       0.016483097       0.029565629      -0.041743320  Zr
  1     6       0.000914461      -0.001289420      -0.022825084  C
  1     6       0.001134639      -0.002061030      -0.003028942  C
  2    40      -0.010388426      -0.012135828      -0.010952194  Zr
  1     6      -0.006393000      -0.012036031      -0.009509594  C
  2    40      -0.005741964       0.020863979      -0.008823672  Zr
  1     6       0.011019375       0.001386678       0.008578170  C
  2    40       0.004416031      -0.006546337      -0.016098611  Zr
  1     6       0.010960615      -0.007879660      -0.005942830  C
  2    40      -0.012958620       0.005253322       0.000075741  Zr
  2    40      -0.010520572       0.007669252      -0.012326908  Zr
  1     6      -0.011150685      -0.003987602       0.017145498  C
  2    40       0.015731134       0.014029725      -0.008108791  Zr
  1     6      -0.014804689      -0.004391156      -0.003345646  C
  1     6      -0.016455791       0.012829046       0.013214580  C
  2    40       0.021300970      -0.012505723      -0.020907029  Zr
  1     6      -0.006967524      -0.000819883      -0.000457950  C
  2    40       0.023191289      -0.019444890      -0.002301755  Zr
  2    40      -0.015261220      -0.009601385       0.005153148  Zr
  1     6       0.006171780       0.006860762       0.014014303  C
  2    40      -0.021802840      -0.003151073      -0.022119912  Zr
  1     6       0.007200644       0.004330875       0.000172645  C
  2    40      -0.007853410       0.003760477       0.006147944  Zr
  1     6       0.007150322       0.004611393       0.003336039  C
  2    40      -0.012843243       0.023337489      -0.018806011  Zr
  1     6      -0.028908224      -0.004631004      -0.004392910  C
  1     6      -0.017334405      -0.009732127      -0.007855773  C
  2    40       0.012668841      -0.015906651      -0.001411327  Zr
  1     6      -0.010454374       0.005155361      -0.002107106  C
  2    40      -0.032769341       0.019289719      -0.009831864  Zr
  2    40       0.005614712      -0.006868231      -0.000910843  Zr
  1     6      -0.013620846       0.017809417       0.013248748  C
  2    40       0.020219850      -0.010098187       0.010975162  Zr
  1     6      -0.010371328       0.015980541      -0.008848328  C
  1     6       0.011026140       0.002924170      -0.000751752  C
  2    40      -0.021055284      -0.011445068      -0.011004377  Zr
  1     6       0.006511250       0.009755842       0.000964552  C
  2    40      -0.014984813      -0.023358321       0.024674773  Zr
