56107529
3.383534926468873660354574894881807267665863037109375
2.233681278907473366501790223992429673671722412109375
3.646248367737501272500821869471110403537750244140625
4.919652199839223527533249580301344394683837890625
1.9910267880867811296496938666678033769130706787109375
1.8206051588972405053112879613763652741909027099609375
4.83435712701481623554400357534177601337432861328125
4.5846641891450321537604395416565239429473876953125
5.97343310891904888393355577136389911174774169921875
2.109457672214014589684438760741613805294036865234375
2.590130110556469578142468890291638672351837158203125
1.9312584127287901747394016638281755149364471435546875
0.403200135613955568114619154584943316876888275146484375
0.70131123508459547455373694901936687529087066650390625
6.2296186059570164417209525709040462970733642578125
3.59787527279096508436850854195654392242431640625
4.30402404734093568805519680608995258808135986328125
5.64722730266155092948565652477554976940155029296875
6.04105120424978547788441574084572494029998779296875
4.42799552010360297771285331691615283489227294921875
3.743165253837783534862637679907493293285369873046875
2.995465705725155913796697859652340412139892578125
0.57170574588634315293944609948084689676761627197265625
4.9668356088427980665755967493169009685516357421875
5.09939646173609606449872444500215351581573486328125
6.124553854253800722062806016765534877777099609375
1.850853099693481329524047396262176334857940673828125
3.693432593049364331960759955109097063541412353515625
4.3086152606602912129574178834445774555206298828125
0.8711103662993038287964964183629490435123443603515625
2.147646127530610460354409951833076775074005126953125
1.3018314961173607091637904886738397181034088134765625
4.0173568907887062806594258290715515613555908203125
1.8355719840983104607090581339434720575809478759765625
4.949567695428012115144156268797814846038818359375
5.5241154844492204034622773178853094577789306640625
6.22898288320275650420398960704915225505828857421875
4.70388472719255812393157611950300633907318115234375
3.53334048504456443851040603476576507091522216796875
0.7794568809686557298022080431110225617885589599609375
4.18064301124049730873366570449434220790863037109375
3.75589291322155371943836144055239856243133544921875
2.39345239635337403427683966583572328090667724609375
2.002364046241414730076257910695858299732208251953125
5.56088403147904219991914942511357367038726806640625
4.67393092363097206742850175942294299602508544921875
1.0592747516309868327510912422440014779567718505859375
1.5938297309553617342459119754494167864322662353515625
0.358450612675570656762147336849011480808258056640625
2.5686691345323477975171044818125665187835693359375
3.409783919255585882268633213243447244167327880859375
1.434380654443540681342028619837947189807891845703125
4.0459952062301081099349175929091870784759521484375
3.8730848286216055242903166799806058406829833984375
3.2426151118197825695688152336515486240386962890625
3.645702032203660625242491732933558523654937744140625
5.2733671418868812708069526706822216510772705078125
0.88838363106842110905603249193518422544002532958984375
2.284549845844459081689592494512908160686492919921875
1.8025165952539186076108990164357237517833709716796875
5.764222095702226766888998099602758884429931640625
2.987593433407316201311232362058945000171661376953125
6.16902463570738657239189706160686910152435302734375
5.61694318975290673989775314112193882465362548828125
1.7276395764905136953615283346152864396572113037109375
5.55230825356070312182055204175412654876708984375
3.71202633741514897991464749793522059917449951171875
2.209819698204440907574053198914043605327606201171875
0.55858368378866940506810578881413675844669342041015625
2.770986631994092785902239484130404889583587646484375
4.4522609364163070466702265548519790172576904296875
4.9412716186687308805858265259303152561187744140625
1.251913006697130459343725306098349392414093017578125
4.826077013617606326079112477600574493408203125
2.43721762704698807766590107348747551441192626953125
5.09871142986508996131078674807213246822357177734375
0.53867052190474240536133265777607448399066925048828125
2.458565967156591369757734355516731739044189453125
0.1013574217834112001224156074385973624885082244873046875
0.668799800143413225583799430751241743564605712890625
3.69475087534307800041233349475078284740447998046875
0.683235196945859879491536048590205609798431396484375
0.64142635878252296510737551216152496635913848876953125
2.598428153477647217783896849141456186771392822265625
2.69277411905051078377937301411293447017669677734375
5.0012088411054804737432277761399745941162109375
5.5029181525953294595865372684784233570098876953125
4.30429253084416973962333941017277538776397705078125
3.205765106585527046689776398125104606151580810546875
4.0081087118340494868107271031476557254791259765625
3.19259255040746392495520922238938510417938232421875
1.2780518534558928944733224852825514972209930419921875
4.626754402045708758350883726961910724639892578125
4.15577292992433466878310355241410434246063232421875
5.5289416745961457166913533001206815242767333984375
0.273923525028880732179459300823509693145751953125
4.76249548377186382452919133356772363185882568359375
4.06409915684577693895107586286030709743499755859375
3.85021361712504184282579444698058068752288818359375
0.3207465880514150935454154023318551480770111083984375
5.748756798721000649265988613478839397430419921875
1.1216521887165333826175128706381656229496002197265625
2.698065286005270735358863021247088909149169921875
5.4401355047571176015708260820247232913970947265625
1.989943658170805651508317168918438255786895751953125
5.26362782329747691534294062876142561435699462890625
5.9886937582903048138405210920609533786773681640625
2.630613980890475378515702686854638159275054931640625
3.995112194440017194807523992494679987430572509765625
2.77718938123929692807223545969463884830474853515625
5.327774337956721950604332960210740566253662109375
6.18137581312371242603376231272704899311065673828125
4.00827162824291871601189995999448001384735107421875
2.9278210642829716192636624327860772609710693359375
4.34163168029291313132489449344575405120849609375
1.8351023786176752228271880085230804979801177978515625
2.2873377785654458449471349013037979602813720703125
2.492507521552735472170070352149195969104766845703125
2.09951398396907507049036212265491485595703125
4.6060481542356779272040512296371161937713623046875
4.814516639975181533372960984706878662109375
2.98880855071814988122014256077818572521209716796875
3.844985051360687133836790962959639728069305419921875
2.56910265274982752004007124924100935459136962890625
6.12262413949759842779485552455298602581024169921875
4.79778051191102949957212331355549395084381103515625
2.11421964025730257930035804747603833675384521484375
2.691112393331232421900267581804655492305755615234375
2.37507539207839446504522129544056951999664306640625
1.414605910942344113578883479931391775608062744140625
2.58431580702275454086702666245400905609130859375
4.24072494553354939483824637136422097682952880859375
6.20646285689422771980616744258441030979156494140625
3.57387135015891654887809636420570313930511474609375
2.0995048875444641822696212329901754856109619140625
6.1122491800773470771446227445267140865325927734375
5.4832248819277484841450132080353796482086181640625
5.15086132285929654273104461026377975940704345703125
2.154109656552448459621018628240562975406646728515625
4.6019365761633022060550501919351518154144287109375
0.499885406672412713202646727950195781886577606201171875
0.87757636765269386724952482836670242249965667724609375
1.529317510183236805687556625343859195709228515625
2.4534110125040999861312229768373072147369384765625
2.904436918598130024093961765174753963947296142578125
4.33791467170710287604151744744740426540374755859375
0.83453991008062644585407952035893686115741729736328125
4.07722101120908408944387701922096312046051025390625
2.7455014784752638234976984676904976367950439453125
2.78060900198648397463330184109508991241455078125
3.264641265762593835830784883000887930393218994140625
5.4758425935393741923462584963999688625335693359375
5.4275453099334907136608308064751327037811279296875
5.5097054751271041794780103373341262340545654296875
5.7802972890819592777233992819674313068389892578125
3.29201815961014876421586450305767357349395751953125
0.66180323643890215379315122845582664012908935546875
2.611102439758249627033137585385702550411224365234375
1.455097988246768725417723544524051249027252197265625
6.095513648883770230213485774584114551544189453125
2.64934507570879329563240389688871800899505615234375
3.56510232953994599114366792491637170314788818359375
0.1625120290540154333047695445202407427132129669189453125
4.24170245276427326786006233305670320987701416015625
2.727045102117029440336182233295403420925140380859375
1.469834570623171021708230910007841885089874267578125
3.348799036814586571608742815442383289337158203125
2.173181909718292725841592982760630548000335693359375
5.00601048056121467055845641880296170711517333984375
3.79162871030817871798035412211902439594268798828125
5.22815883320996732663843431510031223297119140625
4.5001198624717080321033790824003517627716064453125
4.97005609718117025153105714707635343074798583984375
1.7978975133451722268063122101011686027050018310546875
5.8925504544923068550588141079060733318328857421875
4.501503689347000403131460188888013362884521484375
5.76046887696814291501823390717618167400360107421875
5.74259521891635582591106867766939103603363037109375
3.142558759635976084467756663798354566097259521484375
2.54780911062560022628531442023813724517822265625
4.44023852350554903978263610042631626129150390625
5.57810492670679192173111005104146897792816162109375
4.68013554833715250680370445479638874530792236328125
3.99901130414237560017909345333464443683624267578125
2.8678036154188095707695538294501602649688720703125
1.622897889764031820192258237511850893497467041015625
2.307916281443045836141436666366644203662872314453125
1.4195539153518101915807392288115806877613067626953125
0.6678694515398608810841096783406101167201995849609375
1.136755861126317768139415420591831207275390625
4.8276772909259246802093912265263497829437255859375
2.535944833307431256486097481683827936649322509765625
0.042643409242221812227580102216961677186191082000732421875
0.36880323587395402729072202419047243893146514892578125
0.033342109542965008006643046201133984141051769256591796875
0.439412221051478868449891024283715523779392242431640625
0.91397214630337997309794673128635622560977935791015625
0.198398257232456576293344596706447191536426544189453125
0.09649410894908667934988244496707920916378498077392578125
0.42534135162147757025508099104627035558223724365234375
0.60517901117223271700851228160900063812732696533203125
0.93306181809541854921263848154922015964984893798828125
0.1683453648203729613452850344401667825877666473388671875
0.364001889882610119020256433941540308296680450439453125
0.403615073488846010096864347360678948462009429931640625
0.77989780659782592664441835950128734111785888671875
0.64236329339554687489766138241975568234920501708984375
0.52998090513515327959481737707392312586307525634765625
0.9281210521832672366571159727755002677440643310546875
0.265325154767057480587055806608987040817737579345703125
0.68177110733546830712015207609510980546474456787109375
0.27834491724071319662670020989025942981243133544921875
0.99449568660673481890199809640762396156787872314453125
0.365155087488309992860280317472643218934535980224609375
0.2064151434257696926533043324525351636111736297607421875
0.041691202689749747023473247509173233993351459503173828125
0.1262270552693992298198821799815050326287746429443359375
0.22382616494960438924266554749920032918453216552734375
0.28212234390998369715219951103790663182735443115234375
0.35874371480138211865096309338696300983428955078125
0.6994452046693513391772967224824242293834686279296875
0.67721201324705593282970994550851173698902130126953125
0.7112611558806436473645362639217637479305267333984375
0.0268152002370055757285438602366411942057311534881591796875
0.105977058459993944694588208221830427646636962890625
0.60084536932448173729426343925297260284423828125
0.99687773128826062674079366843216121196746826171875
0.383491418968649300236251065143733285367488861083984375
0.35593346103836476235215968699776567518711090087890625
0.08236321251949445254592063747622887603938579559326171875
0.53914294603240808800848071768996305763721466064453125
0.373942758596475577359541375699336640536785125732421875
0.09880743646007376923545706404183874838054180145263671875
0.9599424218572407685456937542767263948917388916015625
0.1855969779126332153129652624556911177933216094970703125
0.066667197768887132003357010034960694611072540283203125
0.45732765759216975620660150525509379804134368896484375
0.2268506797155601384385903429574682377278804779052734375
0.9510721289324910454610062515712343156337738037109375
0.807971021071062889262748285545967519283294677734375
0.54580623542229000921821580050163902342319488525390625
0.84479735272228595466259548629750497639179229736328125
0.288006676495078328681387347387499175965785980224609375
0.53405738367422361800862518066423945128917694091796875
0.976935278613555890814268423127941787242889404296875
0.2062887415319163142424230272808927111327648162841796875
0.74047501186862352273720944140222854912281036376953125
0.18144822501644874979120913849328644573688507080078125
0.178000423208810598652007683995179831981658935546875
0.22021222869875478611589869615272618830204010009765625
0.4600767830666512292481229451368562877178192138671875
0.2486395832377670256363444423186592757701873779296875
0.030758637017923702583477307825887692160904407501220703125
0.08599325320031180053259589612935087643563747406005859375
0.72915614383721549796035787949222140014171600341796875
0.038879952411577080317872656678446219302713871002197265625
0.3027806646669193302301437142887152731418609619140625
0.81764634550439485582984389111516065895557403564453125
0.1119660763591369956326815326974610798060894012451171875
0.234727478695440805456229327319306321442127227783203125
0.96812432490667532647421467117965221405029296875
0.604979578687334207387493734131567180156707763671875
0.0212477203557490008922759017195858177728950977325439453125
0.54788178463833492326529039928573183715343475341796875
0.92781845057747258653790822791052050888538360595703125
0.56284554515166462795860979895223863422870635986328125
0.054973439339070319376023832091959775425493717193603515625
0.305299673371622171114125876556499861180782318115234375
0.2869753913427588454254646421759389340877532958984375
0.06756284184174744800177592196632758714258670806884765625
0.285257201308969976505380827802582643926143646240234375
0.291093913973818507745505712591693736612796783447265625
0.99012009985284887836343159506213851273059844970703125
0.1788252066722257060948919615839258767664432525634765625
0.4604439877255093183094913911190815269947052001953125
0.1909875307190173898685969788857619278132915496826171875
0.8545689060606849185575129013159312307834625244140625
0.1371676484761608916240760436267009936273097991943359375
0.58239491311013458219036920127109624445438385009765625
0.075064769515332196991863611401640810072422027587890625
0.453143446451585496514979922721977345645427703857421875
0.898108596866069586184266881900839507579803466796875
0.44939544305642853405657888288260437548160552978515625
0.59384896261331110434156244082259945571422576904296875
0.5947011972752871411529440592858009040355682373046875
0.752502369579161722867866046726703643798828125
0.76785459917404441654298352659679949283599853515625
0.467996264094485081574958940109354443848133087158203125
0.1523365420998709918176672317713382653892040252685546875
0.86006087477321779832806214471929706633090972900390625
0.060374156134377306159866094503740896470844745635986328125
0.04134884152624236641759836174969677813351154327392578125
0.84701551443292555365616181006771512329578399658203125
0.79075968814583486032887549299630336463451385498046875
0.8635659240482216336687315560993738472461700439453125
0.939623791230667304574808440520428121089935302734375
0.50373477232816388227121251475182361900806427001953125
0.824826256290462911380245714099146425724029541015625
0.041140657403106177525398123862032662145793437957763671875
0.68950104931811850850209566488047130405902862548828125
0.08008702335883259582072213333958643488585948944091796875
0.51580025279698904494551925381529144942760467529296875
0.48559970151893783185670372404274530708789825439453125
0.60591632109410886730671563782379962503910064697265625
0.630617987658184997457055942504666745662689208984375
0.250716772978527846493790320892003364861011505126953125
0.51702560042823930697153400615206919610500335693359375
0.605935205521963116126471504685468971729278564453125
0.470582105438496045568541603643097914755344390869140625
0.79345154193856359814418510723044164478778839111328125
0.2625193503976424036494563551968894898891448974609375
0.6508573990552022348055061229388229548931121826171875
0.57080772033464521886259035454713739454746246337890625
0.71938433764473741494072100977064110338687896728515625
0.89435887424943916190755999195971526205539703369140625
0.247790232416144673432967238113633356988430023193359375
0.8508888053944747564827366659301333129405975341796875
0.82238751967548739951752168053644709289073944091796875
0.7473870021046078448989646858535706996917724609375
0.9744247505322214397693869614158757030963897705078125
0.89428103570560046886583904779399745166301727294921875
0.06899713262403250890741901457658968865871429443359375
0.517207138481180717093366183689795434474945068359375
0.775347750529343127112724687322042882442474365234375
0.07162723088247106850712242476220126263797283172607421875
0.32193727247507186728370243145036511123180389404296875
0.3018746247058150533604248266783542931079864501953125
0.10040070400591973032167203427889035083353519439697265625
0.448478326410277905456069902356830425560474395751953125
0.484630722312550388242158305729390121996402740478515625
0.2286704281478516842529558061869465745985507965087890625
0.3172830973366662643542213118053041398525238037109375
0.49601143994182883556476326702977530658245086669921875
0.416047740455739056830708477718872018158435821533203125
0.5679744573160887544105435154051519930362701416015625
0.62140343087790694820427006561658345162868499755859375
0.61561401403304838453323100111447274684906005859375
0.87356212868986748976141143430140800774097442626953125
0.36533290118227379483784034164273180067539215087890625
0.12061039550258330355081426432661828584969043731689453125
0.217709170755794823026718631808762438595294952392578125
0.7711067133448583632571171619929373264312744140625
0.41534233950792920353478621109388768672943115234375
0.392266140036408861302419381900108419358730316162109375
0.69129245900143521108560662469244562089443206787109375
0.2066578661122628890467467499547637999057769775390625
0.6093178170776543112197032314725220203399658203125
0.999522120691613391585406134254299104213714599609375
0.66361158046108281727271105410181917250156402587890625
0.3487276981345972526327159357606433331966400146484375
0.80604235166965165770847079329541884362697601318359375
0.6938415307988605729150322076748125255107879638671875
0.66053169204878237064093582375789992511272430419921875
0.55447751775126785656055972140165977180004119873046875
0.2163135377766161882018280948614119552075862884521484375
0.462824724830139755393787481807521544396877288818359375
0.11763558123150634482367848931971821002662181854248046875
0.953606503994020915371265800786204636096954345703125
0.10543885506011492492195458225978654809296131134033203125
0.3967985861919813839193693638662807643413543701171875
0.22276950544806639609163312343298457562923431396484375
0.71669420074517564689386972531792707741260528564453125
0.127397415753173370855932944323285482823848724365234375
0.9374165790795425667880635955953039228916168212890625
0.1317861816528188845243363402914837934076786041259765625
0.022595033525766354542962943696693400852382183074951171875
0.25627540529532144564228701710817404091358184814453125
0.35948489855950926941119405455538071691989898681640625
0.2838402233476937652767446707002818584442138671875
0.942671690109498694454259748454205691814422607421875
0.589050329098967040408751927316188812255859375
0.934176469656720964707119492231868207454681396484375
0.63942785264897528119121261624968610703945159912109375
0.23966383060424767403873147486592642962932586669921875
0.2336556162841877115621258553801453672349452972412109375
0.54159802130497902705741353202029131352901458740234375
0.2399188691004733031686413369243382476270198822021484375
0.28851244425797484272067094934755004942417144775390625
0.97450854302128242512281985909794457256793975830078125
0.1583252810679028066420670484149013645946979522705078125
0.51207330008599594162177481848630122840404510498046875
0.04412325753091055069443626734937424771487712860107421875
0.897356879383957473095279055996797978878021240234375
0.68515580272542120354728467646054923534393310546875
