              -3390.1081118998
         -0.000400076      -0.000001114      -0.000017859
         -0.000001114      -0.000101443      -0.000005297
         -0.000017859      -0.000005297      -0.000181047
          64
  1     6      -0.027964290      -0.028547676       0.026748683  C
  1     6      -0.039458563       0.001680254       0.009207504  C
  2    40       0.042046262       0.059635887       0.000200351  Zr
  1     6      -0.035066322      -0.022221658       0.044609139  C
  2    40       0.036742793      -0.010810905      -0.077712438  Zr
  2    40       0.007856232       0.016121101       0.002942438  Zr
  1     6      -0.013851644      -0.007160095      -0.004505772  C
  2    40      -0.057360702       0.023835168      -0.033610468  Zr
  1     6       0.004412527      -0.012289071      -0.010211918  C
  1     6       0.016733970      -0.004571468       0.000173419  C
  2    40       0.002870759      -0.026815167      -0.018471646  Zr
  1     6      -0.001886492       0.020572649       0.010076764  C
  2    40      -0.030193717       0.009122194      -0.003787350  Zr
  2    40      -0.003804461       0.017821794       0.046100112  Zr
  1     6      -0.039647648      -0.027643992      -0.000426213  C
  2    40       0.044168286       0.006325967      -0.005616718  Zr
  2    40       0.023360336       0.003742862       0.011959393  Zr
  1     6      -0.020858663      -0.001006885      -0.006480035  C
  2    40       0.053829424       0.043780970       0.012698297  Zr
  1     6      -0.016620383       0.000822401       0.009381837  C
  1     6      -0.012538582      -0.009667446       0.008831486  C
  2    40       0.025375506       0.007611324      -0.035129293  Zr
  1     6       0.057386446      -0.019734848      -0.000688428  C
  2    40      -0.102241033       0.017814806       0.008276137  Zr
  2    40      -0.004849235       0.025889124       0.002163559  Zr
  1     6       0.010217360      -0.016836089       0.017176885  C
  2    40      -0.028353126      -0.012011392       0.003194325  Zr
  1     6       0.025090924      -0.011700174      -0.005710682  C
  1     6       0.002537467       0.027401212      -0.035817901  C
  2    40       0.036021594       0.002372147      -0.022622224  Zr
  1     6      -0.004917443       0.035125308       0.001510498  C
  2    40       0.038190312      -0.022522148       0.030433993  Zr
  1     6       0.001928346       0.017372624       0.016453611  C
  2    40       0.024168577      -0.060532457      -0.002761564  Zr
  1     6       0.001345841      -0.014278243       0.000629704  C
  2    40       0.010177699      -0.003431621       0.046065893  Zr
  2    40      -0.045410099       0.039753880      -0.020244105  Zr
  1     6      -0.007798350      -0.008892256       0.016621464  C
  2    40      -0.065782066       0.017483153       0.001832751  Zr
  1     6       0.046946617       0.007198494      -0.017175998  C
  1     6      -0.003769092      -0.019086654       0.020347027  C
  2    40       0.004760190       0.013461248      -0.007826186  Zr
  1     6      -0.024676582      -0.008684841       0.002081019  C
  2    40      -0.025710473      -0.017394390      -0.032749285  Zr
  2    40       0.047169724       0.011507618      -0.004343459  Zr
  1     6      -0.059699413       0.008272973      -0.005066624  C
  2    40      -0.014339764       0.010540568       0.000584287  Zr
  1     6      -0.038559118       0.007554160      -0.010649779  C
  2    40       0.028940263      -0.013071756       0.036771310  Zr
  1     6      -0.016991653      -0.007202908      -0.018021175  C
  2    40       0.024227300      -0.029083213       0.027948411  Zr
  1     6      -0.016438620       0.004343744       0.004698812  C
  1     6      -0.006291608       0.018822644      -0.008839674  C
  2    40      -0.003732792      -0.039176144       0.021578233  Zr
  1     6       0.051025317       0.019952655      -0.034472262  C
  2    40      -0.017644789      -0.032501361       0.009323969  Zr
  2    40      -0.030159743      -0.032217506      -0.040016879  Zr
  1     6       0.033183332       0.014620360       0.005373444  C
  2    40       0.016908597      -0.024292890       0.051081353  Zr
  1     6       0.029571434       0.018866063      -0.006745895  C
  1     6       0.007797128      -0.001217021      -0.031112035  C
  2    40       0.051059056       0.014525241       0.028251698  Zr
  1     6      -0.011204249       0.008941886      -0.024448339  C
  2    40       0.020726151      -0.007679112      -0.010746653  Zr
