876827538
4.0111990443509970560853616916574537754058837890625
4.950904082795862137800213531590998172760009765625
6.1793052018015561799302304279990494251251220703125
6.00446941334183748040231876075267791748046875
0.74602529396292671659551842822111211717128753662109375
5.108371598734787966122894431464374065399169921875
1.793973343856132718343587839626707136631011962890625
0.88237337258395653893927601529867388308048248291015625
2.328774988723522287870082436711527407169342041015625
6.272320617049700786083121784031391143798828125
5.837892142682658658259242656640708446502685546875
2.2104104333019574113450289587490260601043701171875
5.42481170998993089682471691048704087734222412109375
5.52240487385943890075168383191339671611785888671875
2.741435221604953564877860117121599614620208740234375
0.679806494403243366519973278627730906009674072265625
1.6142266739961026456029458131524734199047088623046875
3.8764744888065489902828630874864757061004638671875
3.50656325887231190563397831283509731292724609375
0.9324976272835687751694422331638634204864501953125
4.54166524664416471068761893548071384429931640625
6.26652168000747966658536824979819357395172119140625
0.95398666207643234571378343389369547367095947265625
1.1052787882640535688238969669328071177005767822265625
2.15752956695741460180215653963387012481689453125
1.59280443019102069257542098057456314563751220703125
1.0893262430101682269878438091836869716644287109375
1.0212927228327439710398039096617139875888824462890625
2.186051112277808794459588170866481959819793701171875
3.543269421223602666515262171742506325244903564453125
4.869293925060464545140348491258919239044189453125
5.39693530276454769278871026472188532352447509765625
3.5706011899001151022048361483030021190643310546875
1.71068187192838916388382131117396056652069091796875
0.304797784941974125860753019878757186233997344970703125
5.0465677016076657679377603926695883274078369140625
2.40086342230447780110580424661748111248016357421875
4.89891631916059910878402661182917654514312744140625
5.89561382835490821463508837041445076465606689453125
0.3544264322550276791190526637365110218524932861328125
0.815423906886733274035350405029021203517913818359375
3.482194502026558335927575171808712184429168701171875
5.75044572886486360374647119897417724132537841796875
2.1357028058228362255022148019634187221527099609375
4.7639995215514847615168037009425461292266845703125
0.29761257502543314590326417601318098604679107666015625
3.6188628397474484899021263117901980876922607421875
3.5504434427426811993200317374430596828460693359375
2.40158706350940587270770265604369342327117919921875
1.7002578754941535255085227618110366165637969970703125
1.6211195109571914230173206306062638759613037109375
1.26966257711168140076551935635507106781005859375
5.49354435579112720944294778746552765369415283203125
1.093647717642578509611439585569314658641815185546875
5.88958870369693254787080149981193244457244873046875
0.59274567653252052679135886137373745441436767578125
3.395305015269490578333488883799873292446136474609375
2.3265774604805660175088632968254387378692626953125
2.295242103418380974488854917581193149089813232421875
4.51587698527702485762347350828349590301513671875
3.85806719042400469987796896020881831645965576171875
4.1261644657301435046292681363411247730255126953125
4.22485213516660262911273093777708709239959716796875
2.100023456893179485405198647640645503997802734375
0.37136261729222075356204868512577377259731292724609375
3.049638744201551343593337151105515658855438232421875
4.26392160948915144302873159176670014858245849609375
6.0144650644369175296333196456544101238250732421875
4.20469491465967681875781636335887014865875244140625
2.297068246500476806915003180620260536670684814453125
2.273001629051265570780060443212278187274932861328125
4.23292562601443744796370083349756896495819091796875
0.6815687986662395392301050378591753542423248291015625
2.247686788455109496709383165580220520496368408203125
4.738598052798405291241579107008874416351318359375
3.752867224128649592529427536646835505962371826171875
5.29386803110875536759749593329615890979766845703125
3.50722467046802677259620395489037036895751953125
2.98926899540577917235850691213272511959075927734375
3.57878875909969362822948824032209813594818115234375
3.12434415682270216763072312460280954837799072265625
5.353113743873247898363842978142201900482177734375
4.66454352168864172512030563666485249996185302734375
4.57936113159213231682542755152098834514617919921875
5.909320984537988152851539780385792255401611328125
0.113966148853253790296236047652200795710086822509765625
3.48305799819976957820699681178666651248931884765625
1.2842586579100101484840479315607808530330657958984375
4.62320955843685776898155381786637008190155029296875
0.8582523989506289918693937579519115388393402099609375
4.01232391717141734233109673368744552135467529296875
5.39210225153183753121766130789183080196380615234375
6.20696601293807059818163907038979232311248779296875
6.25854150870385783633764731348492205142974853515625
1.9402044435093961372018611655221320688724517822265625
6.2736813239676845199710442102514207363128662109375
3.89938716525312401017799857072532176971435546875
6.1696290666439512762053709593601524829864501953125
4.144817970299424558788814465515315532684326171875
4.86679851743841052069683428271673619747161865234375
5.0590489704770202905592668685130774974822998046875
5.6700909655008313592361446353606879711151123046875
3.044471138233519003080118636717088520526885986328125
0.1403631626169619950328382174120633862912654876708984375
4.2031097668501242736738277017138898372650146484375
4.46311770497980386807057584519498050212860107421875
5.60973518464686993212353627313859760761260986328125
4.9552550264500414556323448778130114078521728515625
6.188176272659831056444090791046619415283203125
2.16338030300295169894297941937111318111419677734375
2.20157089417994189517457925830967724323272705078125
0.62655871357548786892976977469515986740589141845703125
1.2143007860340591097525475561269558966159820556640625
2.098518140523158326260499961790628731250762939453125
4.978807375529687107018617098219692707061767578125
2.846887108245060193922881808248348534107208251953125
5.66289602425323312928640007157810032367706298828125
6.01359271175765996986228856258094310760498046875
2.904957094230895098263545150985009968280792236328125
3.808677259157128514033274768735282123088836669921875
0.8693861330163767942025287993601523339748382568359375
2.7571299421767232473712283535860478878021240234375
5.5606443177227351526425991323776543140411376953125
5.72945191232234929401556655648164451122283935546875
0.07662559792899074906369349946544389240443706512451171875
1.027645400700118560877172058098949491977691650390625
3.76352323644426345339297768077813088893890380859375
2.095969251541998090715424041263759136199951171875
2.1672065915692098059253112296573817729949951171875
4.05375747881180625853403398650698363780975341796875
4.87661875002672484669119512545876204967498779296875
4.617499710179767902218372910283505916595458984375
2.85125205787692070913408315391279757022857666015625
0.397326033840872394620191698777489364147186279296875
4.21867769046037732749709903146140277385711669921875
0.297905407337161864944619082962162792682647705078125
6.19461295420909596742831126903183758258819580078125
5.28399983821416352469668709090910851955413818359375
4.4842350181406498421665673959068953990936279296875
4.65452195646272315343594527803361415863037109375
0.0567280600101397747270226545879268087446689605712890625
0.55587180525273616193970838139648549258708953857421875
1.0531861685126113759025656690937466919422149658203125
2.514890021858561919287922137300483882427215576171875
0.56314314885989003034438837858033366501331329345703125
4.08322142718071745548513717949390411376953125
0.9029214848013979999308276092051528394222259521484375
3.412906070240735001419807304046116769313812255859375
0.482257650520403535754354606979177333414554595947265625
3.227197391860298747445767730823718011379241943359375
1.7330500941537716474982744330191053450107574462890625
3.505813861531697828155529350624419748783111572265625
0.296952848711345029908414971941965632140636444091796875
0.83336441444302489234274844420724548399448394775390625
0.95370954443070055095432735470240004360675811767578125
3.058863179995797931809420333593152463436126708984375
4.8868684251427527698297126335091888904571533203125
4.8306889067469160892187574063427746295928955078125
6.2665760449691045863573890528641641139984130859375
2.877262053737184910318092079251073300838470458984375
1.3478558234241730939828585178474895656108856201171875
5.98629578978977239245296004810370504856109619140625
3.09483401242671529729477697401307523250579833984375
6.0049508509038904691124116652645170688629150390625
0.64306336118627849263162943316274322569370269775390625
1.9948417010020624839938818695372901856899261474609375
0.1908804390358116720438630409262259490787982940673828125
4.02059120662875368878985682385973632335662841796875
1.7240986564279487947004554371233098208904266357421875
5.26902115459915165729398722760379314422607421875
4.05865669197752598762463094317354261875152587890625
3.688245811151162012464510553400032222270965576171875
5.65943401691764602645662307622842490673065185546875
2.319209107849805828749367719865404069423675537109375
3.298143040651882795799565428751520812511444091796875
6.189358649864072248192314873449504375457763671875
5.8737693395790575578985226457007229328155517578125
0.6135908723016261223648371014860458672046661376953125
2.725300396758515208972539767273701727390289306640625
6.26250971202705475349148400709964334964752197265625
3.284319363043866957241334603168070316314697265625
5.744477216210679415553386206738650798797607421875
1.1916363697112040131997900971327908337116241455078125
3.963033089826835553282080581993795931339263916015625
2.052653440985375166150106451823376119136810302734375
5.59354322992363872657506362884305417537689208984375
4.99356797316926304119988344609737396240234375
2.490464644231506152749489046982489526271820068359375
5.2343531531212050822432502172887325286865234375
3.729456146121986392927283304743468761444091796875
3.72295961074246672950494030374102294445037841796875
0.6121244549233060272541706581250764429569244384765625
0.5234017761067495388971337888506241142749786376953125
0.542244953821527264636870313552208244800567626953125
0.6619314545122587656322821203502826392650604248046875
0.908032483844101623304823078797198832035064697265625
0.150227408926108585429659569854266010224819183349609375
0.320527412146575485518695813880185596644878387451171875
0.19039749409556272485843919639592058956623077392578125
0.167562382373755036635287751778378151357173919677734375
0.2055995097409931415821660039000562392175197601318359375
0.73103495488457148621108672159607522189617156982421875
0.999190242495010760848117570276372134685516357421875
0.89003289718648093131747600637027062475681304931640625
0.74262039537663593335992118227295577526092529296875
0.5271715873513238559411320238723419606685638427734375
0.7335103790897459230535559981944970786571502685546875
0.0747151235466427809939204962574876844882965087890625
0.896155422505063636862132625537924468517303466796875
0.24037912312912712575752038901555351912975311279296875
0.57260106577193414789661574104684405028820037841796875
0.67682048989311816011849032292957417666912078857421875
0.96143419899113202742313433191156946122646331787109375
0.00834820000843526817402295847614368540234863758087158203125
0.137781986099566322589993205838254652917385101318359375
0.52246774431432962959576116190874017775058746337890625
0.1741814143835480332977994066823157481849193572998046875
0.272510888181864696644396417468669824302196502685546875
0.6053004458571320522963787880144082009792327880859375
0.03675725638715422738389548840132192708551883697509765625
0.041461819336499006194429739480256102979183197021484375
0.78423380841698209220425042076385580003261566162109375
0.6721234077923574634638725910917855799198150634765625
0.031884352691417726377576258300905465148389339447021484375
0.47590900886613363152122246901853941380977630615234375
0.1263657063834209559605170625218306668102741241455078125
0.42067508325943492319964889247785322368144989013671875
0.771338548870449169925223031896166503429412841796875
0.80053409831623267844946667537442408502101898193359375
0.53394097487160052661891995740006677806377410888671875
0.9555973317267361100135758533724583685398101806640625
0.281697580256358548478345937837730161845684051513671875
0.309911417919169818180336051227641291916370391845703125
0.30315040252318159463840174794313497841358184814453125
0.71675225380656881757346354788751341402530670166015625
0.263132704544408568825275551716913469135761260986328125
0.90383650264881387759174913298920728266239166259765625
0.53318627156931264199357656252686865627765655517578125
0.9063154444593541914088064004317857325077056884765625
0.14423873934160857945840916727320291101932525634765625
0.8373341010125978645106670228415168821811676025390625
0.430734527032233083243539795148535631597042083740234375
0.07379064200156863762014580743198166601359844207763671875
0.64011846559127716371762062408379279077053070068359375
0.98175982431590547161448512269998900592327117919921875
0.81264082473360044200916263434919528663158416748046875
0.230468159183146503732331211722339503467082977294921875
0.06713590122160310869059429705885122530162334442138671875
0.64854687296252089279136043842299841344356536865234375
0.45559144087861824790053333344985730946063995361328125
0.71019396265512046984014205008861608803272247314453125
0.12351319991215746474377823460599756799638271331787109375
0.76609065791875619044759559983504004776477813720703125
0.189990374348121882075446364979143254458904266357421875
0.2217700957422005514363405609401524998247623443603515625
0.05463055430661446776330336660976172424852848052978515625
0.60483355988042131201609663548879325389862060546875
0.3171133800955086012862693678471259772777557373046875
0.68743815677586861401238138569169677793979644775390625
0.552948942199791293461430541356094181537628173828125
0.131291286149663510851581804672605358064174652099609375
0.60655513620309309263944896883913315832614898681640625
0.459928170992028040320320769751560874283313751220703125
0.90213902290078762380431953715742565691471099853515625
0.043977341169480856086781983549371943809092044830322265625
0.47377417025797730065761470541474409401416778564453125
0.07645460827111015544854666359242401085793972015380859375
0.3682017686628744623789089018828235566616058349609375
0.2539868416516048998943233527825213968753814697265625
0.51495136763665427803715601839940063655376434326171875
0.8924212576320493806036893147393129765987396240234375
0.5348611341486038117665202662465162575244903564453125
0.054947002816454974805093769418817828409373760223388671875
0.1758790189287993133149257118930108845233917236328125
0.80920635993089817805667962602456100285053253173828125
0.41158313975277505125660582052660174667835235595703125
0.09441772713065972599810748988602426834404468536376953125
0.3022570914133717590033256783499382436275482177734375
0.6918293138462254798781714271171949803829193115234375
0.66282094161157545375573363344301469624042510986328125
0.5621265771622427909193220330053009092807769775390625
0.489977958840307759036392099005752243101596832275390625
0.7338824820396874226702266241773031651973724365234375
0.481126451157557977200696086583775468170642852783203125
0.4163718709798398531773955255630426108837127685546875
0.463626261085097801650789506311411969363689422607421875
0.56565974027181964434163319310755468904972076416015625
0.8060479451930373517853922749054618179798126220703125
0.85046190901215279467351138009689748287200927734375
0.362991902214936879023099436381016857922077178955078125
0.7107549247847659845689349822350777685642242431640625
0.6001659145579514298418644102639518678188323974609375
0.79271331792358001866460881501552648842334747314453125
0.3595185495724522173333070895751006901264190673828125
0.10681911935416009418187144319745129905641078948974609375
0.220349286319850623527827337966300547122955322265625
0.158934603053580314480086599360220134258270263671875
0.30752688148409446089459606810123659670352935791015625
0.56850697266334060397952043786062858998775482177734375
0.88068640878456017073716566301300190389156341552734375
0.78473115097020340602540500185568816959857940673828125
0.293671971323747171833673519358853809535503387451171875
0.342800064172036955678635194999515078961849212646484375
0.97099763386463633363376857232651673257350921630859375
0.08164688017295994304500794669365859590470790863037109375
0.85293024166157949128574955466319806873798370361328125
0.10856457758162384175104619998819543980062007904052734375
0.59757445687315169369213663230766542255878448486328125
0.355519161725192878176216026986367069184780120849609375
0.385820526809348030017332575880573131144046783447265625
0.9794324980952928694222237027133814990520477294921875
0.13128397759575582970370533075765706598758697509765625
0.31649705782369574880164009300642646849155426025390625
0.0311841853108183429676980580325107439421117305755615234375
0.2274641917215027842047447848017327487468719482421875
0.86988287413021680993807649429072625935077667236328125
0.256183263033713803924484864182886667549610137939453125
0.36258623346806795328944872380816377699375152587890625
0.263274761970748560901967039171722717583179473876953125
0.7922453003899405654664178655366413295269012451171875
0.6675734029466162677834972782875411212444305419921875
0.1373234471014344315609179147941176779568195343017578125
0.09827169733972833387536383042970555834472179412841796875
0.67741587603344388668347164639271795749664306640625
0.691990910885851295830661911168135702610015869140625
0.916129141075596731269570227595977485179901123046875
0.66940621550632928293822487830766476690769195556640625
0.809790509198694774539717400330118834972381591796875
0.48622397775120285157157695721252821385860443115234375
0.8709073038170613845210255021811462938785552978515625
0.7528452886048915271288706207997165620326995849609375
0.725883512630073113314210786484181880950927734375
0.9043450234012422317420032413792796432971954345703125
0.60801187884435614616762677542283199727535247802734375
0.42205361296518406621913754861452616751194000244140625
0.51254142705003802316099381641834042966365814208984375
0.04543271988883275380732840176278841681778430938720703125
0.8657649964400404574149661129922606050968170166015625
0.384762778591719811771554304868914186954498291015625
0.59749527722480488822753841304802335798740386962890625
0.6064172743849536306726122347754426300525665283203125
0.7481770975273926982396233142935670912265777587890625
0.5610375360404316058549056833726353943347930908203125
0.261726762755646713554114057842525653541088104248046875
0.398942300304277963629573378057102672755718231201171875
0.7609496837300013805105436404119245707988739013671875
0.87342424405432506073765352994087152183055877685546875
0.1608161400821135067484846103980089537799358367919921875
0.57530294152689298581293542156345210969448089599609375
0.94538905189623545499699730498832650482654571533203125
0.1690851972294436789123750486396602354943752288818359375
0.086983570403877441545859028337872587144374847412109375
0.107795353097745849613176005732384510338306427001953125
0.358222334812498821587922748221899382770061492919921875
0.49592943885174090024037241164478473365306854248046875
0.56931182070137553719035850008367560803890228271484375
0.46934202940638269918594005503109656274318695068359375
0.37817020266231626823838496420648880302906036376953125
0.87545652402353313359384401337592862546443939208984375
0.0776410792384487902229039946178090758621692657470703125
0.7725310315250097925598993242601864039897918701171875
0.426186412771319245162970901219523511826992034912109375
0.32542395839720217320945039318758063018321990966796875
0.423724542103579515650579878638382069766521453857421875
0.355830571314241062008676408368046395480632781982421875
0.89808345441617232207676124744466505944728851318359375
0.8270440729460883932944170737755484879016876220703125
0.7394336856619612152741183308535255491733551025390625
0.937815591663967662583445417112670838832855224609375
0.427397557267638672495735363554558716714382171630859375
0.0533736320461023761030361356461071409285068511962890625
0.536091742821080519121323959552682936191558837890625
0.31419829526645981498944593113265000283718109130859375
0.5530952273649607509042880337801761925220489501953125
0.55415891043569842633331745673785917460918426513671875
0.4640536426864814156800775890587829053401947021484375
0.469327069106198424552900405615218915045261383056640625
0.9726452175400430721907696351991035044193267822265625
0.477242607845572097691189128454425372183322906494140625
0.6954779269618345249881485869991593062877655029296875
0.7654833531777762711811874396516941487789154052734375
0.357988947237836641068753351646591909229755401611328125
0.57862840573239526786863962115603499114513397216796875
0.52736685123637638827887030856800265610218048095703125
