726633200
0.66997081047418671762017083892715163528919219970703125
0.87759557284122557963002009273623116314411163330078125
2.15750932602288347794683431857265532016754150390625
5.3310120214341853994710618280805647373199462890625
5.10743657464505673715393641032278537750244140625
5.88597804632957632975376327522099018096923828125
0.1796504537380217703113061133990413509309291839599609375
1.1913206661382396145398843145812861621379852294921875
0.69686593906603977455205267688143067061901092529296875
5.9926049282893014691353528178296983242034912109375
2.79629928406480399161182504030875861644744873046875
6.26352824825820153620270502869971096515655517578125
2.3224694021890872619451329228468239307403564453125
1.2303336425646056451199683579034171998500823974609375
1.4390983106982375705484855643589980900287628173828125
4.22193038640315965182026047841645777225494384765625
5.48807136274841855794193179463036358356475830078125
1.9544561153562280964024466811679303646087646484375
1.3937548459459083716183158685453236103057861328125
0.744015431776888558346172430901788175106048583984375
3.75236977346531208610258545377291738986968994140625
0.42066642949766530623634253061027266085147857666015625
1.8730820901536819889088292256928980350494384765625
2.536692881837577129289229560527019202709197998046875
5.47965787511001156673273726482875645160675048828125
1.2842013554088838045430520651279948651790618896484375
4.7131266038961339148727347492240369319915771484375
6.13431535653294357501863487414084374904632568359375
3.084813409800891914613885091966949403285980224609375
2.150366505620578738700032772612757980823516845703125
4.21946268059783591297673410736024379730224609375
0.349795544597389540530940621465560980141162872314453125
5.18863755126812353779541808762587606906890869140625
4.78674412626588274832784009049646556377410888671875
3.306534493818194420100553543306887149810791015625
0.5172132148791603878379419256816618144512176513671875
5.8775677390750704631727785454131662845611572265625
4.70773919448684008415284552029334008693695068359375
2.54986674001273083689511622651480138301849365234375
4.03741255552263833550341587397269904613494873046875
3.207359283525459403563218074850738048553466796875
3.739111168445884203492823871783912181854248046875
0.302972908746933999868389264520374126732349395751953125
2.389711287655141180863438421511091291904449462890625
4.6717049211505408123912275186739861965179443359375
1.6285127419727911668445585746667347848415374755859375
4.62918938529945744875249147298745810985565185546875
6.03233103924295743780703560332767665386199951171875
4.2825599465237988994203988113440573215484619140625
3.833848730855776931747413982520811259746551513671875
3.7834641235516102142355521209537982940673828125
2.081628104699662085153022417216561734676361083984375
5.2889415901117633467265477520413696765899658203125
4.84531108600376025918876621290110051631927490234375
1.4674287725850831964891085590352304279804229736328125
3.30196233939556282876992554520256817340850830078125
1.637966949532084104390605716616846621036529541015625
0.0289033376804627671619041251460657804273068904876708984375
4.34812943282027486446850161883048713207244873046875
5.3287261797526799256274898652918636798858642578125
0.675507118611323509327348801889456808567047119140625
5.34463135279335421756741197896189987659454345703125
2.652361905369815531230415217578411102294921875
2.55615283755252686859194000135175883769989013671875
3.34648165169347766578766822931356728076934814453125
1.9576456893097695655114875989966094493865966796875
4.4578782141432409247272516950033605098724365234375
4.22460703202009657530879849218763411045074462890625
4.54545579319593429090673453174531459808349609375
5.01925753145366027041518464102409780025482177734375
5.3862711566244190208863074076361954212188720703125
4.4044873218915601142953164526261389255523681640625
2.795922778690670185142153059132397174835205078125
2.681992661509684072740355986752547323703765869140625
0.56881998490762597509018405617098324000835418701171875
3.5975159596300869679907918907701969146728515625
2.401587160061998904581059832707978785037994384765625
0.265838307429730746900276017186115495860576629638671875
1.4695537986080797754340210303780622780323028564453125
5.70568561732542800513101610704325139522552490234375
2.928807413390560387966843336471356451511383056640625
5.6627959255466446819582415628246963024139404296875
5.41941980064462835997574075008742511272430419921875
4.5671348317888043055745583842508494853973388671875
0.107765169738924304621008332105702720582485198974609375
3.41138955669574261975185436313040554523468017578125
5.3412416311658521550498335273005068302154541015625
6.23508912959400873887716443277895450592041015625
5.96608224108515994288381989463232457637786865234375
2.71484601551579363132304933969862759113311767578125
4.36143002944022128986034658737480640411376953125
1.49604402951173565128328846185468137264251708984375
2.6881386846434853765686057158745825290679931640625
5.5337809578598697868301314883865416049957275390625
4.58387348192372368060887311003170907497406005859375
2.690542633553121731893043033778667449951171875
0.05324197596882092320402790619482402689754962921142578125
2.332995922848084990874895083834417164325714111328125
5.67437091081483568899557212716899812221527099609375
2.871166764602338883349830211955122649669647216796875
3.920152512027681002138024268788285553455352783203125
4.99298710399126566272798299905844032764434814453125
1.5320625998853831806201242216047830879688262939453125
4.83218795012421775680877544800750911235809326171875
1.295602118837295702036271904944442212581634521484375
1.4666764611116571703774980051093734800815582275390625
1.2930253407858913750061446990002878010272979736328125
6.13686403777973676909596179029904305934906005859375
4.72460282756485927535550217726267874240875244140625
1.8556712086809412642907091139932163059711456298828125
4.0605556649732310603440055274404585361480712890625
4.25478660480286663414517533965408802032470703125
0.33318179548215709484537683238158933818340301513671875
3.303274114629664470754732974455691874027252197265625
0.92154267643616716298993196687661111354827880859375
5.50650348685075119448129044030793011188507080078125
6.17381190053008399587497478933073580265045166015625
1.53671872873154402583395494730211794376373291015625
2.878010918575618415360395374591462314128875732421875
2.637648735534337873787080752663314342498779296875
1.3495700444957723362904289388097822666168212890625
3.54745988276459467414269965956918895244598388671875
0.783860387269387448583302102633751928806304931640625
0.340574107785203639142679321594187058508396148681640625
2.50541301033226471162151938187889754772186279296875
2.250568924322828845419053322984836995601654052734375
0.459273855774371353444252008557668887078762054443359375
4.396581013321711139951730729080736637115478515625
0.5267674509249735681493120864615775644779205322265625
0.516823057553520204265851134550757706165313720703125
1.3079254042575410021953530304017476737499237060546875
0.00682001289915228937899005501321880728937685489654541015625
3.956446529394614941566032939590513706207275390625
2.6212412022772557662619874463416635990142822265625
1.6292601234122934261705495373462326824665069580078125
4.7248851824573119273509291815571486949920654296875
3.080029834457587600837769059580750763416290283203125
5.6214255531897290296683422639034688472747802734375
5.39029838576623721024816404678858816623687744140625
3.089168139487057818115545160253532230854034423828125
1.875059677441077266024649361497722566127777099609375
1.89530946847816039735334925353527069091796875
5.56190729000974481976982133346609771251678466796875
3.1267891873978133077116581262089312076568603515625
1.425375006825408963351264901575632393360137939453125
1.253799565370023127997001211042515933513641357421875
3.3837534864297680314848548732697963714599609375
3.931852412944738528466359639423899352550506591796875
2.80415832282570764988349765189923346042633056640625
1.60828686086877947758466689265333116054534912109375
5.5287982530335870734461423126049339771270751953125
1.1290633112202301813198346280842088162899017333984375
2.039146505622159821768946130760014057159423828125
6.18953300921814975055212926235981285572052001953125
0.1461179224590554992513347087879083119332790374755859375
2.758785684561061213315724671701900660991668701171875
2.05206760666342091781189083121716976165771484375
4.35551113311558157903391474974341690540313720703125
4.66280033191325582464514809544198215007781982421875
1.1362790317562119213334881351329386234283447265625
4.8427272625388919635724960244260728359222412109375
2.538290446895778540437049741740338504314422607421875
3.650698178321246434308022799086757004261016845703125
3.00031016186720567162637962610460817813873291015625
0.456865872136674788794863388829980976879596710205078125
4.60508964738495496504810944315977394580841064453125
4.65858376313623967490684663061983883380889892578125
2.028121609735599850665721533005125820636749267578125
6.2014565230151443842032676911912858486175537109375
1.560804557220958788121834004414267838001251220703125
4.9299851647331198734036661335267126560211181640625
2.085566742448496047046546664205379784107208251953125
2.690500091895405621045256339129991829395294189453125
2.02965706514387012049382974510081112384796142578125
1.357007593151635216344175205449573695659637451171875
0.875105159621490269472587897325865924358367919921875
5.55601469695215310906633021659217774868011474609375
1.8598450017333494344029531930573284626007080078125
3.600353169283622367657926588435657322406768798828125
3.095198770568680313175491392030380666255950927734375
3.18556688341070337600058337557129561901092529296875
3.7596978665905584904294300940819084644317626953125
0.8680707736329835721988956720451824367046356201171875
1.9755103123795045849675489080254919826984405517578125
1.439103489428234627922620347817428410053253173828125
0.85073113627065477526656422924133948981761932373046875
1.5727198113824834013740883165155537426471710205078125
0.7847708226320582181045892866677604615688323974609375
3.094190451357392124265288657625205814838409423828125
5.3333350300123871789992335834540426731109619140625
5.98036398467600971429192213690839707851409912109375
4.367747600199553659194862120784819126129150390625
0.37402563606110661442727405301411636173725128173828125
0.97539257582993832418338797651813365519046783447265625
0.4102082086774558877806384771247394382953643798828125
0.901581773954248877345207802136428654193878173828125
0.437689930870053311995349076823913492262363433837890625
0.032254389967887840684479527908479212783277034759521484375
0.2429140378920892351377602835782454349100589752197265625
0.77792675549999190653949199258931912481784820556640625
0.61555892350876650898072739437338896095752716064453125
0.79536706106521515291518653612001799046993255615234375
0.39263748814940335751799693753127939999103546142578125
0.65914712085348881043245228283922187983989715576171875
0.2897048267953585831691043495084159076213836669921875
0.2224915764399299222819905708092846907675266265869140625
0.49942804989378342117589681947720237076282501220703125
0.33566877680628970370690922209178097546100616455078125
0.81161476476658822587495478728669695556163787841796875
0.2168319603506624615452125226511270739138126373291015625
0.159518267567976490539649603306315839290618896484375
0.0346967512903254282630172156132175587117671966552734375
0.055196235913409032181053959220662363804876804351806640625
0.62580045621180924175774862305843271315097808837890625
0.256555714763959719082464516759500838816165924072265625
0.4090199328069668016638615881674923002719879150390625
0.357479908670056578667839630725211463868618011474609375
0.317159491738844445674061489626183174550533294677734375
0.2012584764516253399424527970040799118578433990478515625
0.11974988277989899454478717188976588658988475799560546875
0.1721202932168358346043390838531195186078548431396484375
0.72000291371718183608408025975222699344158172607421875
0.01418255037357218049931528724982854328118264675140380859375
0.5450020295311706064467216492630541324615478515625
0.3667330422283769930658081648289225995540618896484375
0.047620288118543234456847557112268987111747264862060546875
0.88024772418674446239350572795956395566463470458984375
0.1234595082343833138960320638943812809884548187255859375
0.1492681815984045201606278396866400726139545440673828125
0.233554233439990432952271248723263852298259735107421875
0.1529871756923325276655845073037198744714260101318359375
0.277938534169429207754120625395444221794605255126953125
0.84696116011913924470633219243609346449375152587890625
0.260584481647510302071424348469008691608905792236328125
0.57140463850060696504584711874485947191715240478515625
0.53918293981774845224919090469484217464923858642578125
0.72257582364723826895414049431565217673778533935546875
0.415073274828062055430422105928300879895687103271484375
0.314857543127079309019933361923904158174991607666015625
0.5625556891609708731749606158700771629810333251953125
0.72190929424106575762465354273444972932338714599609375
0.20784189468614844287230880581773817539215087890625
0.6924930171540439882704731644480489194393157958984375
0.5376009775966410497716196914552710950374603271484375
0.08056136736672435405548498010830371640622615814208984375
0.2475850946491514881220297183972434140741825103759765625
0.41372937681792743003228451925679109990596771240234375
0.744015627887107289240020691067911684513092041015625
0.12062165472685436318212026662877178750932216644287109375
0.30891017304216983330178436517599038779735565185546875
0.384934473496365558986553878639824688434600830078125
0.4355512244792427711814752910868264734745025634765625
0.10727896546352606865770695776518550701439380645751953125
0.84426867116441417504546507188933901488780975341796875
0.81069980366653748848904115220648236572742462158203125
0.10372709348040032306670354955713264644145965576171875
0.0170003371392378303805781314395062508992850780487060546875
0.1347661149384296042086361921974457800388336181640625
0.6428703915527418377706680985284037888050079345703125
0.55125455304573034442938705979031510651111602783203125
0.443522303106040849396407566018751822412014007568359375
0.9569803024441843053438105926034040749073028564453125
0.3243632765134625284275671219802461564540863037109375
0.117942216861034843145006334452773444354534149169921875
0.705596039400247843076385834137909114360809326171875
0.1370112240021169325299155161701492033898830413818359375
0.27494550276312301750891720075742341578006744384765625
0.1980408095745559704514704435496241785585880279541015625
0.423186947788664558078863819901016540825366973876953125
0.8043609772829156678852768891374580562114715576171875
0.449133840598693989676348792272619903087615966796875
0.76649584889714417190731410300941206514835357666015625
0.219657058929864812402144025327288545668125152587890625
0.1756275320312136456468721235069097019731998443603515625
0.57362905637064443009620617885957472026348114013671875
0.58595920940207280036560177904902957379817962646484375
0.52572173230616459083108793493011035025119781494140625
0.87440303986631473520674262545071542263031005859375
0.243935441246226181188916370956576429307460784912109375
0.29506993959428273743839099552133120596408843994140625
0.419197646164893023001951632977579720318317413330078125
0.040061992611764928040596345226731500588357448577880859375
0.0046436120777593979658259826237554079852998256683349609375
0.07636761715466511279970518444315530359745025634765625
0.280412283390952421502362312821787782013416290283203125
0.661717311321626144859919804730452597141265869140625
0.78881666473523559535152571697835810482501983642578125
0.1956803017275781930717215573167777620255947113037109375
0.32947512405434398186088174043106846511363983154296875
0.871001174613368345234221123973838984966278076171875
0.09818991837007455536490141412286902777850627899169921875
0.92025553990167352491624797039548866450786590576171875
0.999899895396036964001496016862802207469940185546875
0.4739966594958662238212809825199656188488006591796875
0.78700383556401531937041227138251997530460357666015625
0.1933668163574146225958116929177776910364627838134765625
0.2011477626865486312279784897327772341668605804443359375
0.90034463065692438288323273809510283172130584716796875
0.47153161162116175031400189254782162606716156005859375
0.63362193463073201993296379441744647920131683349609375
0.8574408417835091000824832008220255374908447265625
0.481490019001760527483924079206190072000026702880859375
0.72355240617112837053781504437210969626903533935546875
0.6547312301838450476765274288482032716274261474609375
0.04847815402246925808871225171969854272902011871337890625
0.95613171018479936602574298376566730439662933349609375
0.9826927878813318528727904777042567729949951171875
0.7705797230687829735273908227100037038326263427734375
0.6710458289231386874718054968980140984058380126953125
0.226428018522648155652632340206764638423919677734375
0.013642981189136850483922813737081014551222324371337890625
0.66425114621606240472573290389846079051494598388671875
0.65322364431490365088706084861769340932369232177734375
0.420582118639993562947410055130603723227977752685546875
0.5413080242189149959841643067193217575550079345703125
0.87669915094817951750627571527729742228984832763671875
0.34954329875742240485436695962562225759029388427734375
0.04500637158984614749623887064444716088473796844482421875
0.035359489747956156235897395845313440077006816864013671875
0.1261232342227004699086734262891695834696292877197265625
0.2254700056395819440790972976174089126288890838623046875
0.23050571616296922083932940950035117566585540771484375
0.95864219449397281014313421110273338854312896728515625
0.190755475866960122477422601150465197861194610595703125
0.2456618213307400211409259327410836704075336456298828125
0.087737686972942985352830191914108581840991973876953125
0.8369783297353323714418138479231856763362884521484375
0.47409554639556239497011347339139319956302642822265625
0.316584609596330945890940711251460015773773193359375
0.6149572295206400251998957173782400786876678466796875
0.9488817178406201424678556577418930828571319580078125
0.256641498886347518837425241144956089556217193603515625
0.84984554948743695756974148025619797408580780029296875
0.37152072106093203540666536355274729430675506591796875
0.00138547224988484394235521701688185203238390386104583740234375
0.969042683005818528130248523666523396968841552734375
0.5798989001567935730463432264514267444610595703125
0.43501827187604191760073035766254179179668426513671875
0.2006338374692172854540928028654889203608036041259765625
0.168229116670894018881199372117407619953155517578125
0.0429572421326102904526322845413233153522014617919921875
0.70560046131983422679212480943533591926097869873046875
0.00795563683284243421123260731064874562434852123260498046875
0.370137545452517258137703493048320524394512176513671875
0.0743736718196299217975564488369855098426342010498046875
0.18243287977875810579320159376948140561580657958984375
0.476751154510654140405989664941444061696529388427734375
0.321680406258292694854361570833134464919567108154296875
0.7407222500726218239464060388854704797267913818359375
0.21180174230216153308248294706572778522968292236328125
0.1908450826028571800652144929699716158211231231689453125
0.9689632006776347505905278012505732476711273193359375
0.38039282354544512454452842575847171247005462646484375
0.309285076479094589441132256979472003877162933349609375
0.029755219831017414022777956006393651477992534637451171875
0.02732231981461975822700338767390348948538303375244140625
0.7334809977251481871718397087533958256244659423828125
0.95264803429723154959418707221630029380321502685546875
0.91261878884985059290357867212151177227497100830078125
0.06597688098716404658805601002313778735697269439697265625
0.3078803542572448037617505178786814212799072265625
0.0102478503297305893748880833982184412889182567596435546875
0.68748413989668899493068465744727291166782379150390625
0.11122821230032862993564179987515672110021114349365234375
0.0251293834415866924880678112685927771963179111480712890625
0.1703141118261563280444903512034215964376926422119140625
0.5038743799104701270863415629719384014606475830078125
0.98671844926975593725870794514776207506656646728515625
0.54325878459180643176296143792569637298583984375
0.465293864936239032203957322053611278533935546875
0.7735177193645004223299110890366137027740478515625
0.64572646638645159189451305792317725718021392822265625
0.22553896588531274769451329120784066617488861083984375
0.248435350716316782904158344535971991717815399169921875
0.92116008043343200473174192666192539036273956298828125
0.1251502154046437720325002374011091887950897216796875
0.56282199293506429693678683179314248263835906982421875
0.0136719429929144410673647058729329728521406650543212890625
0.467326322322397624819956263308995403349399566650390625
0.67851252233540293445912539027631282806396484375
0.44793011082705580516716281636036001145839691162109375
0.708430172274089553496878579608164727687835693359375
0.98810394619968899831974340486340224742889404296875
0.83607169419344129490667683057836256921291351318359375
