              -3390.1432615279
         -0.000163768      -0.000016488      -0.000011948
         -0.000016488      -0.000221453      -0.000014361
         -0.000011948      -0.000014361      -0.000146664
          64
  1     6      -0.023388730      -0.000100359       0.028704844  C
  1     6       0.002259600      -0.034721626      -0.000896621  C
  2    40       0.010692963       0.019523666       0.041922424  Zr
  1     6       0.003870106       0.017456717      -0.022304612  C
  2    40       0.049459906       0.077636089      -0.046299654  Zr
  2    40       0.009072568       0.015358776       0.070741748  Zr
  1     6      -0.003533438      -0.025152765      -0.013557032  C
  2    40       0.011862994       0.034678059       0.037615710  Zr
  1     6       0.014516414      -0.025132670      -0.018457474  C
  1     6       0.010388176      -0.001295961      -0.020017780  C
  2    40      -0.007745336      -0.008485645      -0.003766303  Zr
  1     6      -0.004653482       0.005070677       0.011137664  C
  2    40      -0.047525893      -0.003896448      -0.007421490  Zr
  2    40      -0.005993765       0.015208765       0.027006031  Zr
  1     6      -0.004261248      -0.031793518      -0.018200276  C
  2    40      -0.000346596      -0.019422394       0.015778091  Zr
  2    40       0.008063029      -0.005383416       0.020905648  Zr
  1     6      -0.006406901      -0.007816962      -0.012082298  C
  2    40      -0.025714175      -0.002494629      -0.058771408  Zr
  1     6       0.033591843      -0.003082271      -0.012904919  C
  1     6      -0.000833006      -0.017687810      -0.028166091  C
  2    40      -0.025892129       0.004494945       0.044088770  Zr
  1     6       0.022806366      -0.032322829       0.026858175  C
  2    40       0.056736699       0.042971517       0.005898800  Zr
  2    40       0.015761316       0.066625235       0.027288017  Zr
  1     6       0.016267971      -0.026502058       0.006865597  C
  2    40      -0.008171961      -0.025496122      -0.040967247  Zr
  1     6       0.035288362       0.006411479      -0.005190661  C
  1     6      -0.043318680      -0.003788367      -0.018568826  C
  2    40       0.027130857      -0.012722136      -0.033309466  Zr
  1     6      -0.018669892      -0.000329559       0.030973724  C
  2    40       0.010726166       0.010509783      -0.001854724  Zr
  1     6       0.009862984       0.015128667       0.013204706  C
  2    40      -0.042495081      -0.006632962      -0.036256191  Zr
  1     6       0.033760644       0.005625745      -0.015867832  C
  2    40      -0.026178195       0.006354329       0.014908314  Zr
  2    40      -0.005848792       0.015258883       0.013002830  Zr
  1     6      -0.021218726       0.029819843       0.041519246  C
  2    40      -0.020021625      -0.051737239       0.000708570  Zr
  1     6      -0.002396230       0.019393359       0.000809269  C
  1     6      -0.004577368       0.013730656       0.002738170  C
  2    40      -0.010107856      -0.025211161      -0.030815454  Zr
  1     6       0.017604256       0.002587571      -0.012173483  C
  2    40       0.013709811      -0.035583539      -0.008049823  Zr
  2    40       0.007661467      -0.010829945       0.025559991  Zr
  1     6       0.004039853       0.000922822       0.010968626  C
  2    40      -0.045092462      -0.013836413      -0.003414299  Zr
  1     6       0.007430703       0.021755999      -0.008835778  C
  2    40      -0.002390731      -0.017117282      -0.017963000  Zr
  1     6       0.026395552       0.005280708      -0.018622192  C
  2    40      -0.013504701      -0.066253384       0.006064285  Zr
  1     6       0.008337467      -0.004506409       0.019438957  C
  1     6      -0.040328719       0.006735611       0.017721827  C
  2    40       0.025485129       0.015292660      -0.007387468  Zr
  1     6      -0.026910862       0.017647931       0.003988012  C
  2    40      -0.009468740      -0.010231296       0.002647136  Zr
  2    40      -0.014059532       0.025413125      -0.044840852  Zr
  1     6       0.011458184      -0.017094417       0.002356493  C
  2    40       0.000263553       0.011347080       0.025194696  Zr
  1     6      -0.007635782       0.002561925      -0.008666884  C
  1     6      -0.015192419       0.013456651       0.008854956  C
  2    40       0.014921100      -0.023199057       0.000331467  Zr
  1     6       0.014734135       0.013109966      -0.025082564  C
  2    40       0.000682365       0.011964442      -0.004949218  Zr
