718601795
0.0024412006555819885759983645101556248846463859081268310546875
0.402327338207602525077533073272206820547580718994140625
0.26029656308901516492682048919959925115108489990234375
4.7785665897584852501722707529552280902862548828125
6.114128111095379125572435441426932811737060546875
0.2556006516486337698523811923223547637462615966796875
5.47050079206408934595629034447483718395233154296875
3.933026240855731270329442850197665393352508544921875
0.8309483408683553395945864394889213144779205322265625
5.30101575228662280636626746854744851589202880859375
0.740384837761961289714918166282586753368377685546875
4.7791919023876996419630813761614263057708740234375
1.9276717179595561635352396478992886841297149658203125
2.690818209283199369252770338789559900760650634765625
3.309902002497596473773455727496184408664703369140625
0.230573192531446646835746605574968270957469940185546875
1.5697208527287054291576851028366945683956146240234375
2.305135405838868667416363678057678043842315673828125
1.4504251587278262913827120428322814404964447021484375
4.404397671345886777771738707087934017181396484375
4.1077950510741541023662648512981832027435302734375
0.162491100547987599167498729002545587718486785888671875
6.21900759007565451241816845140419900417327880859375
3.23658541700573021415721086668781936168670654296875
4.9866863743448508472511093714274466037750244140625
0.5713221658403828673300495211151428520679473876953125
1.52097283528539595209849721868522465229034423828125
4.03140422809003684534445710596628487110137939453125
3.582222804219131973013645620085299015045166015625
3.789699820637772997855563517077825963497161865234375
5.41775131916966490308595894020982086658477783203125
3.921282706944070550747483139275573194026947021484375
4.653173549759941352021996863186359405517578125
2.5343042847902541581106561352498829364776611328125
0.74374950545445550620371477634762413799762725830078125
1.1017813753851364300118120809202082455158233642578125
5.31551497913066128830905654467642307281494140625
1.863469796741014317120743726263754069805145263671875
5.3597898202626783614732630667276680469512939453125
6.01810789722448813421351587749086320400238037109375
1.0712857771874240153664459285209886729717254638671875
3.507176803788504937386960591538809239864349365234375
5.65675882836711707568611018359661102294921875
6.04090316571777208309868001379072666168212890625
1.6944328634001049049828679926577024161815643310546875
3.56473583637713975491578821674920618534088134765625
1.284505399524764612806393415667116641998291015625
1.5332857515423026217860069664311595261096954345703125
1.1460660561041489113875968541833572089672088623046875
5.7580923548466369510379081475548446178436279296875
4.72310669246869707649238989688456058502197265625
0.458174818087212887274262129722046665847301483154296875
1.8409609061648970484981191475526429712772369384765625
2.723588337879835563626329530961811542510986328125
1.138514525649135133988920642877928912639617919921875
4.98085631810926887652613004320301115512847900390625
2.76475569524335629267852709745056927204132080078125
4.80205891823521557881804255885072052478790283203125
3.4602435479246427263433361076749861240386962890625
5.09412555327088423240411430015228688716888427734375
1.824009164456859455327730756835080683231353759765625
5.98367529096868100424444492091424763202667236328125
3.578509332969234346677467328845523297786712646484375
2.763008210340493153722718489007093012332916259765625
5.30136577884353954459584201686084270477294921875
0.331205647706150851927731082469108514487743377685546875
2.814603695418903317460035395924933254718780517578125
1.213538237059921254257233158568851649761199951171875
3.111025080621590888085847836919128894805908203125
5.5731300280113753586874736356548964977264404296875
0.11245220711824290005242943379926146008074283599853515625
0.176154609107284698676920697835157625377178192138671875
0.192463559240908133052272432905738241970539093017578125
5.01553712304623555695570757961831986904144287109375
3.25480500544381445848785006091929972171783447265625
2.524198215564462000060075297369621694087982177734375
6.2021534659651447185524375527165830135345458984375
1.90414343388229756470764186815358698368072509765625
3.45846394611828866771929824608378112316131591796875
1.9388675821560881207261672898312099277973175048828125
0.62188160940992087688528044964186847209930419921875
6.21793159042239285128061965224333107471466064453125
3.059453698581438896297868268447928130626678466796875
1.8088646034867874590190695016644895076751708984375
5.0854111024220696180009326781146228313446044921875
4.1368330854737553892164214630611240863800048828125
5.36961037176713329444055489148013293743133544921875
1.7918859089760756919673667653114534914493560791015625
3.008015918997703597170811917749233543872833251953125
2.931595735247756184804757140227593481540679931640625
4.35071510833943175811100445571355521678924560546875
5.05844979434219244041059937444515526294708251953125
1.3972968544195236706428886463982053101062774658203125
1.48397546446144357190632945275865495204925537109375
5.34655957537311632421506146783940494060516357421875
1.04921991964796834650996970594860613346099853515625
5.69291627647977094284215127117931842803955078125
3.121741186686024516205861800699494779109954833984375
2.132250734626837118668163384427316486835479736328125
2.3564781513384023270418765605427324771881103515625
6.0294151216709739316002014675177633762359619140625
6.13233984658921915666951463208533823490142822265625
4.52311362846736120246760037844069302082061767578125
4.39472882152031285585280784289352595806121826171875
2.165278187587606151254249198245815932750701904296875
1.2275798660549106511297168253804557025432586669921875
0.215747904654449929040538336266763508319854736328125
4.5024912643799392952814741875045001506805419921875
0.68225228862159126297370903557748533785343170166015625
0.185620256685949669428481456634472124278545379638671875
3.1261244725330783467143191955983638763427734375
5.7140677458519082421162238460965454578399658203125
2.21880638347844172386658101459033787250518798828125
5.0050401211482213881254210718907415866851806640625
1.2000441168590716412012397995567880570888519287109375
5.28553365808002251213792987982742488384246826171875
1.2884589034471096713474480566219426691532135009765625
6.062114129042317500761782866902649402618408203125
0.492543354382863507456846718923770822584629058837890625
0.7763314735278636913307082068058662116527557373046875
5.21679690147902608288177361828275024890899658203125
2.890629534971670633325402377522550523281097412109375
2.006755699979876350624863334815017879009246826171875
0.76240426228161262134364051235024817287921905517578125
0.81321692234131948140429813065566122531890869140625
2.434634549670338099502941986429505050182342529296875
2.182864695301480306710573131567798554897308349609375
0.1920115409614098489488043242090498097240924835205078125
4.4181406222085062296400792547501623630523681640625
2.4695428998110369178675682633183896541595458984375
6.27538463167041982160299085080623626708984375
0.28127337467178714636162339957081712782382965087890625
0.3233941537827911272273695431067608296871185302734375
0.80904546118032805157582743049715645611286163330078125
4.2338598484250606901468927389942109584808349609375
3.47375905306196042232613763189874589443206787109375
3.589288274290966196389263132004998624324798583984375
2.31683095311172504437990937731228768825531005859375
1.19113878445940368777655748999677598476409912109375
2.001866662872309188259123402531258761882781982421875
4.02725973728673647400455593015067279338836669921875
5.94369710460095657111878608702681958675384521484375
0.0188329051390573910806924828875708044506609439849853515625
4.32861021429397396786953322589397430419921875
5.04957500474616249874770801397971808910369873046875
3.771972969340977588359464789391495287418365478515625
1.98685906614439744544142740778625011444091796875
0.039247262756601987432336642314112395979464054107666015625
4.11344854772686918664703625836409628391265869140625
3.1261907310186796138395948219113051891326904296875
2.433669658645122080287137578125111758708953857421875
5.23159454313017935334073627018369734287261962890625
0.397967772114270090799692525251884944736957550048828125
5.33581661013276598026777719496749341487884521484375
4.344475414561077997177562792785465717315673828125
3.593462266300232688109872469794936478137969970703125
5.49099918554772248313611271441914141178131103515625
2.015488981510193955415388700203038752079010009765625
3.106497413537720131415653668227605521678924560546875
3.663620320960178755598235511570237576961517333984375
0.57588170405750727098848074092529714107513427734375
0.63147614884879044172549811264616437256336212158203125
5.20565433138808497659510976518504321575164794921875
4.872993993054929973141042864881455898284912109375
1.5190161384681586387301877039135433733463287353515625
5.10004067234104585537579623633064329624176025390625
2.0327639052284123266645110561512410640716552734375
3.69245843297520348613716123509220778942108154296875
5.3136901087872931981337387696839869022369384765625
4.0198382368421921029266741243191063404083251953125
3.799587710261370876452247102861292660236358642578125
5.463530072270348370011561200954020023345947265625
4.58408927111777853014018546673469245433807373046875
2.23404838649587222931813812465406954288482666015625
1.2567476466588749506314570680842734873294830322265625
3.280288502939379124967445022775791585445404052734375
0.76689139190553479163980910016107372939586639404296875
4.39537012384412317800297387293539941310882568359375
4.58248806631939853417634367360733449459075927734375
2.7252779994827367460175082669593393802642822265625
4.70117823512098897964506249991245567798614501953125
3.771004704826672604411896827514283359050750732421875
5.59058328144333582798708448535762727260589599609375
2.881488517692083473065167709137313067913055419921875
3.925367575058172686652824268094263970851898193359375
1.7128830077273260457104697707109153270721435546875
1.9482566547508637366803441182128153741359710693359375
4.44917157820280007030078195384703576564788818359375
2.08906153085238077693475133855827152729034423828125
1.6565620075983027437160899353330023586750030517578125
0.01451806630305013147419490593392765731550753116607666015625
5.17843852822763750509693636558949947357177734375
0.4574418596259512970192417924408800899982452392578125
0.839697900619217119100312629598192870616912841796875
0.1301130853267913056736659882517415098845958709716796875
0.409725343533663688422308268854976631700992584228515625
0.52636969905643249401094863060279749333858489990234375
0.821925215805845876815283190808258950710296630859375
0.248124031465558336773113978779292665421962738037109375
0.990685437335951935011735258740372955799102783203125
0.1418339568850742471450843140701181255280971527099609375
0.9688934110891509465801618716795928776264190673828125
0.8832689159937523459831254513119347393512725830078125
0.73012621734762850334021777598536573350429534912109375
0.71856770465083774634962310301489196717739105224609375
0.054280631735120266068150840510497801005840301513671875
0.79238697364571830661361673264764249324798583984375
0.52717579460105667976677068509161472320556640625
0.10072924853336497064137944335016072727739810943603515625
0.291256318004455561077037373252096585929393768310546875
0.1274061888118303287331656292735715396702289581298828125
0.2039360465500205943367717509318026714026927947998046875
0.74166176875199274487471257089055143296718597412109375
0.5244331311082621738250963971950113773345947265625
0.65182183014779437879582246750942431390285491943359375
0.1220353358062148674267888281974592246115207672119140625
0.358801429327019250070662792495568282902240753173828125
0.91149169388762285581861988248419947922229766845703125
0.85156076301427596764170857568387873470783233642578125
0.54886882824304927819270005784346722066402435302734375
0.0698749302280484430038853815858601592481136322021484375
0.0969157321829887674624615101492963731288909912109375
0.6398463238216220982934601124725304543972015380859375
0.11209073667977505206483357369506848044693470001220703125
0.99096522200431913507401304741506464779376983642578125
0.9714179062151433452498849874245934188365936279296875
0.10432871622234989039679220468315179459750652313232421875
0.77214729868441234206244416782283224165439605712890625
0.2012152141897078638788087801003712229430675506591796875
0.835776285191893730797119133058004081249237060546875
0.811698998236888513702069758437573909759521484375
0.6466928313703708131043867979315109550952911376953125
0.048740367427813062473074268154960009269416332244873046875
0.41257077241901807251878153692814521491527557373046875
0.1998024360275838795519831592173431999981403350830078125
0.470429597641541408226117937374510802328586578369140625
0.5645890606402368394611812618677504360675811767578125
0.131939269663737757110055781595292501151561737060546875
0.1914368566085755951622360271358047612011432647705078125
0.94501095635118470550395386453601531684398651123046875
0.647377061493404681868923944421112537384033203125
0.300773488497721730450251698130159638822078704833984375
0.09178281440016944348059269032091833651065826416015625
0.59769626269009723529279654030688107013702392578125
0.369501216974808477377933968455181457102298736572265625
0.146035072927379550034032718031085096299648284912109375
0.39128416794877696194276950336643494665622711181640625
0.351700641844282235748408993458724580705165863037109375
0.350912429555744143083728658893960528075695037841796875
0.340325665818679012897263191916863434016704559326171875
0.72571101492536771448982335641630925238132476806640625
0.8203922318389602619248535120277665555477142333984375
0.37810059328475065232311180807300843298435211181640625
0.49473545909614091709016747699934057891368865966796875
0.1963615078462108420875864567278767935931682586669921875
0.75193952804055974592500888320500962436199188232421875
0.356175277082331154243632909128791652619838714599609375
0.59544434705537019336674120495445095002651214599609375
0.1256338032547541783134903425889206118881702423095703125
0.74095612007237787732805145424208603799343109130859375
0.6266131566961357091116724404855631291866302490234375
0.676335234975598442730415627011097967624664306640625
0.67971909776316918883054540856392122805118560791015625
0.457921860487163934205767645835294388234615325927734375
0.7923072915488422740537544086691923439502716064453125
0.58134639243657992846436854961211793124675750732421875
0.60900278976606336822641196704353205859661102294921875
0.80831838157415314416454066304140724241733551025390625
0.354070124846915745830955302153597585856914520263671875
0.55664083247847895297155673688394017517566680908203125
0.7428002556519583965410902237636037170886993408203125
0.394170202498403454693942649100790731608867645263671875
0.361293376125997600656347685799119062721729278564453125
0.5469336237511288612012094745296053588390350341796875
0.1827551588335797061457554946173331700265407562255859375
0.98206220007597566645785036598681472241878509521484375
0.1748809363576029063391814588612760417163372039794921875
0.827265640174628114067445494583807885646820068359375
0.6864333118714547321559393822099082171916961669921875
0.8852315609740240009983835989260114729404449462890625
0.08343502650197363867956568128647631965577602386474609375
0.9967589089631843091154905778239481151103973388671875
0.8683165767548217672811006195843219757080078125
0.6795411988531896430032475109328515827655792236328125
0.10813113027630892604147305746664642356336116790771484375
0.77281833476052541609391255406080745160579681396484375
0.54476239091938472025589135228074155747890472412109375
0.9499069181968955444261837328667752444744110107421875
0.15660308588137994423306054159183986485004425048828125
0.3929829464261340721265014508389867842197418212890625
0.78473028484020856954117562054307200014591217041015625
0.148726560244675065636243971312069334089756011962890625
0.03344258108802260209824197545458446256816387176513671875
0.8142112553185836265612351780873723328113555908203125
0.26117970061543382964686088598682545125484466552734375
0.1986164954484517242150332094752229750156402587890625
0.166020768771889037918043641184340231120586395263671875
0.03705254291978317404687714997635339386761188507080078125
0.00045269401765088272161785543090672945254482328891754150390625
0.256724047128448262800048951248754747211933135986328125
0.95277577263898016735055307435686700046062469482421875
0.9595152102222270773523860043496824800968170166015625
0.196530918216580030577489424103987403213977813720703125
0.403593929672424633903204949092469178140163421630859375
0.40626266897016327650504763369099237024784088134765625
0.69249224927858088474152964408858679234981536865234375
0.17162202260066850012520944801508449018001556396484375
0.1506041745425221456411435383415664546191692352294921875
0.81721100947689773175142136096837930381298065185546875
0.9249404966481684642332083967630751430988311767578125
0.66425824615371331649527064655558206140995025634765625
0.423005436744077811805908595488290302455425262451171875
0.318932395576933591652135646654642187058925628662109375
0.864616360452313159612458548508584499359130859375
0.17665172097117254335074676419026218354701995849609375
0.427968913888544244539247074499144218862056732177734375
0.1508827885384125544465661050708149559795856475830078125
0.62696565623719513471456821207539178431034088134765625
0.29690625113291024828043873640126548707485198974609375
0.7005477113186138193867691370542161166667938232421875
0.8271364624738397619552188189118169248104095458984375
0.89416187391344548185401208684197627007961273193359375
0.234258769189128079890593880918459035456180572509765625
0.2038230882975380353627770091407001018524169921875
0.00958147785141201524528042909878422506153583526611328125
0.1298604882926961689992850779162836261093616485595703125
0.25232057611100400240644603400141932070255279541015625
0.50411873893072767227607755557983182370662689208984375
0.0129239047006349562496385630083750584162771701812744140625
0.89063806174818338501353309766273014247417449951171875
0.490075506498140966993304346033255569636821746826171875
0.319003119281960234587813829421065747737884521484375
0.70609109928183777515897645571385510265827178955078125
0.98837200225720744928281646934919990599155426025390625
0.97652836142877508240900397140649147331714630126953125
0.706166270517821548224901562207378447055816650390625
0.0819596727760320831190909984798054210841655731201171875
0.80242330804580042080687007910455577075481414794921875
0.64509419195591199969186391172115691006183624267578125
0.367688220165524715099536479101516306400299072265625
0.13500998035772238115015397852403111755847930908203125
0.328515393812449374433271032103220932185649871826171875
0.050414633494994899598484749958515749312937259674072265625
0.95858352862232532043407218225183896720409393310546875
0.2013692316605566190457210495878825895488262176513671875
0.25291416386743736932629644797998480498790740966796875
0.167828564610252417566016447381116449832916259765625
0.332403032729589875682307820170535705983638763427734375
0.517886058668552973216492318897508084774017333984375
0.87691701430683821616440809521009214222431182861328125
0.0096947471656346449753183236452969140373170375823974609375
0.29807924306862021435193810248165391385555267333984375
0.1834114278589428492782786861425847746431827545166015625
0.40787286190682692232911676910589449107646942138671875
0.106748946992097859531867243276792578399181365966796875
0.48318128962217887778507474649813957512378692626953125
0.273109790530572549283050420854124240577220916748046875
0.62908948428420796705751172339660115540027618408203125
0.64433081617780529892769436628441326320171356201171875
0.38686296222119731513799933964037336409091949462890625
0.43689460188005801999366894960985518991947174072265625
0.53714478553139832772700401619658805429935455322265625
0.2116944092380322606228304493924952112138271331787109375
0.478642830382400574773527068828116171061992645263671875
0.19032285278212413004439440555870532989501953125
0.2239948875382518911347773382658488117158412933349609375
0.93864312858257592520061507457285188138484954833984375
0.29167202035508676960517959741991944611072540283203125
0.622576681255631481093359980150125920772552490234375
0.9505601757907122806301458695088513195514678955078125
0.47510596479992661667068887254572473466396331787109375
0.97108455606321086861498770304024219512939453125
0.2454381488475194939002932414950919337570667266845703125
0.07174017935606659401859275249080383218824863433837890625
0.1878470518569681224629874805032159201800823211669921875
0.73546901286368682182370548616745509207248687744140625
0.0983802676658985519875244563081650994718074798583984375
0.2294648197616752371974513380337157286703586578369140625
0.14216161619041189911882838714518584311008453369140625
0.0396551448105159909385264427328365854918956756591796875
0.06366749390199198666007163183166994713246822357177734375
0.532502069851617410023436605115421116352081298828125
0.7857241629556399598044436061172746121883392333984375
0.12436517799476402845737510460821795277297496795654296875
