              -3389.8159884964
         -0.000338240       0.000001586       0.000006144
          0.000001586      -0.000425742       0.000006389
          0.000006144       0.000006389      -0.000126404
          64
  1     6      -0.011349141       0.010008502      -0.002439421  C
  1     6       0.002166738       0.051533893      -0.007361175  C
  2    40      -0.042541945       0.223032579       0.012891323  Zr
  1     6       0.056904064      -0.245043969       0.006455567  C
  2    40       0.139230647       0.015311821      -0.018260276  Zr
  2    40       0.026974620       0.009363923      -0.003168126  Zr
  1     6      -0.007991493       0.077203337      -0.010265414  C
  2    40      -0.329083430      -0.115355216       0.031699036  Zr
  1     6       0.139154415      -0.045850838       0.018667009  C
  1     6      -0.001082914       0.014057288       0.007538693  C
  2    40       0.017369861       0.027492892      -0.041192097  Zr
  1     6      -0.002101950       0.022868796      -0.028357437  C
  2    40      -0.014999275       0.009983123       0.003183341  Zr
  2    40      -0.006660064      -0.018368961       0.003903386  Zr
  1     6       0.008491015       0.000061356       0.024232562  C
  2    40       0.014847471       0.003581570       0.022669617  Zr
  2    40      -0.025046771       0.011209850      -0.011232692  Zr
  1     6       0.016146756       0.088438144       0.002061612  C
  2    40       0.094355804      -0.206675730       0.046711242  Zr
  1     6       0.001087947      -0.060601986       0.021373729  C
  1     6      -0.021227763      -0.005852567       0.002037400  C
  2    40       0.023706173       0.044634248      -0.020010055  Zr
  1     6       0.245072213       0.159286602       0.006381798  C
  2    40      -0.013963355      -0.287904343       0.006476311  Zr
  2    40      -0.000745469       0.008664955       0.010607316  Zr
  1     6      -0.014455703      -0.013649326      -0.010237459  C
  2    40       0.014724229       0.027330443      -0.044419390  Zr
  1     6       0.002443072       0.005500125      -0.003651785  C
  1     6       0.004519281       0.001044629      -0.007358934  C
  2    40      -0.022192887       0.007645992       0.023455776  Zr
  1     6      -0.019241606       0.009801776      -0.009449543  C
  2    40      -0.006692176       0.038633722      -0.016389361  Zr
  1     6      -0.006333983       0.023356539      -0.004697589  C
  2    40       0.014413429      -0.012268352      -0.012737410  Zr
  1     6      -0.016962634       0.023411287       0.001210533  C
  2    40      -0.006108718       0.013775708       0.011753148  Zr
  2    40      -0.000156362       0.011010727       0.011297623  Zr
  1     6       0.005985876      -0.001231899       0.006310518  C
  2    40       0.043691552       0.048963689      -0.001736435  Zr
  1     6      -0.028072092       0.014280405      -0.000026353  C
  1     6       0.004010197      -0.017171987       0.000317459  C
  2    40       0.002840333       0.023483128       0.002305148  Zr
  1     6       0.001519962      -0.022546084      -0.000259504  C
  2    40      -0.006029979       0.014767404      -0.011150859  Zr
  2    40      -0.019430003       0.007430106       0.018880646  Zr
  1     6       0.011347110      -0.007906094       0.005710856  C
  2    40      -0.000857360       0.006927895      -0.015338120  Zr
  1     6      -0.009012097      -0.000629125      -0.010065810  C
  2    40      -0.012629866      -0.045487312      -0.007745848  Zr
  1     6      -0.013042581       0.022324185       0.007157643  C
  2    40      -0.033703254       0.008571634      -0.002453206  Zr
  1     6      -0.046346109       0.017954047      -0.002896464  C
  1     6      -0.007782981      -0.000735539      -0.004425628  C
  2    40      -0.010171150      -0.017317907      -0.011666169  Zr
  1     6      -0.043627767       0.023503504      -0.004307587  C
  2    40      -0.070627932       0.006536758       0.000009848  Zr
  2    40      -0.000004314      -0.007784147       0.006103465  Zr
  1     6      -0.013694145      -0.000792217       0.008055800  C
  2    40       0.011603832      -0.013641189      -0.004272207  Zr
  1     6       0.001235324      -0.000985188      -0.005962661  C
  1     6       0.016593187       0.020940480       0.000939382  C
  2    40      -0.010885734      -0.017882665      -0.012301138  Zr
  1     6      -0.005599404       0.020205204      -0.003232618  C
  2    40      -0.015138794      -0.013195214       0.020331655  Zr
