              -3390.0351611344
         -0.000292318       0.000001816       0.000017282
          0.000001816      -0.000123475       0.000004821
          0.000017282       0.000004821      -0.000197045
          64
  1     6      -0.024002155      -0.021386261       0.052357607  C
  1     6      -0.005605063      -0.026921404      -0.013905652  C
  2    40      -0.065270944       0.020870590       0.017080339  Zr
  1     6      -0.126435286       0.015391245      -0.115017915  C
  2    40       0.115812151       0.071637808      -0.082440043  Zr
  2    40      -0.001940241      -0.027760047      -0.007860970  Zr
  1     6      -0.007828817      -0.015032123      -0.003553761  C
  2    40      -0.023354170      -0.001182696      -0.050986740  Zr
  1     6       0.005450130       0.056966160       0.004566586  C
  1     6      -0.011662833       0.010616785      -0.017227413  C
  2    40       0.018758359      -0.014972972      -0.001862543  Zr
  1     6       0.000018183      -0.010079689       0.026990710  C
  2    40      -0.010733572      -0.018128402       0.034312843  Zr
  2    40       0.032669710       0.023202018       0.021275631  Zr
  1     6      -0.008546827      -0.010796230       0.013034941  C
  2    40       0.006734974       0.024283960       0.067147462  Zr
  2    40      -0.012479284      -0.003842492       0.014506231  Zr
  1     6       0.032404768      -0.012645522       0.008872305  C
  2    40       0.220100949      -0.026143855      -0.024850051  Zr
  1     6      -0.030497617      -0.018606204      -0.051824189  C
  1     6       0.002857866      -0.021548411       0.000180551  C
  2    40       0.008326446      -0.011194331      -0.016483488  Zr
  1     6       0.110525181       0.042392958      -0.002674332  C
  2    40      -0.159588819       0.065967304      -0.007144574  Zr
  2    40       0.004419638      -0.007587095      -0.016539889  Zr
  1     6      -0.009961865       0.003195748       0.014850047  C
  2    40      -0.032080585      -0.009116538       0.005681897  Zr
  1     6       0.020939402      -0.004758517      -0.005426279  C
  1     6      -0.002929437       0.001483566       0.004714678  C
  2    40      -0.006017671       0.023585311      -0.002700357  Zr
  1     6      -0.026592683      -0.003133031       0.012133977  C
  2    40       0.031218507      -0.019066030       0.032112964  Zr
  1     6      -0.020611987      -0.014691593      -0.001538700  C
  2    40      -0.013586423      -0.012027662       0.000797063  Zr
  1     6       0.003901663       0.001836940      -0.003878527  C
  2    40       0.035183941       0.001154502       0.039754874  Zr
  2    40       0.050361567       0.008295566       0.001899844  Zr
  1     6      -0.012648353       0.004719989       0.004806510  C
  2    40      -0.025667923      -0.004990283       0.052968892  Zr
  1     6       0.026871047      -0.005823954       0.015019856  C
  1     6      -0.002666397       0.004959011      -0.024601476  C
  2    40       0.003462320      -0.016195691      -0.007239741  Zr
  1     6       0.021400771       0.001676087      -0.007956338  C
  2    40      -0.003798505      -0.014645529      -0.035040461  Zr
  2    40       0.014866368       0.032159810       0.007859289  Zr
  1     6      -0.005687180      -0.002021713       0.008512660  C
  2    40       0.031448608       0.012604571      -0.018832935  Zr
  1     6      -0.015314481      -0.008187629       0.005419384  C
  2    40      -0.011620077      -0.020603378       0.009053764  Zr
  1     6       0.023030398      -0.011950883      -0.018024836  C
  2    40      -0.011726537       0.012054399      -0.003202541  Zr
  1     6      -0.035618910      -0.002523881       0.008697127  C
  1     6      -0.004640434       0.009137619      -0.004506102  C
  2    40      -0.007584818      -0.012653539       0.014964923  Zr
  1     6      -0.012430841       0.000203589       0.008640402  C
  2    40      -0.004104976      -0.022740735       0.007752276  Zr
  2    40      -0.000405806      -0.001658205      -0.006117430  Zr
  1     6      -0.015241432       0.008078173      -0.013636043  C
  2    40      -0.008135211      -0.018885278      -0.006286549  Zr
  1     6       0.025368109       0.001242717       0.005957575  C
  1     6       0.005943099      -0.010719840       0.023027246  C
  2    40      -0.004940331       0.021751913       0.015134731  Zr
  1     6      -0.019752058      -0.019179188       0.013633461  C
  2    40      -0.050020298       0.003977112      -0.003184539  Zr
